70.79261737273288 71.33836308711184
70.11739797167908 70.63749922372517
70.70235987982122 71.24354598102326
70.20118716822847 70.72252350921343
70.17342460485891 70.6940609479896
70.34404741942426 70.86349307920202
70.9061440159246 71.45669888557427
70.16059876794814 70.68375844146219
70.97276568229903 71.49478906772852
70.47862392011817 71.01461606135666
70.45191748089061 70.9935217133971
70.10527906996704 70.62722175639155
70.40623272123202 70.92825143750643
70.21432518651497 70.73467283685942
70.66378791503708 71.20045377771275
70.12279785550146 70.6445624322638
70.64542893741549 71.18942345222521
70.66560856678927 71.21149540368573
70.54969502790968 71.09028887192589
69.99361058421898 70.5162379618049
