0.9837401473367149 1.1338396397220862
0.9325997542815062 1.127481097945843
0.8828221525222307 1.0621426662948554
0.9067167958260617 1.05094422760955
0.8772357639864823 1.0741248529813854
0.9369410277554194 1.1026266239983173
0.8753649398777006 1.0660068266267035
0.9424231608492609 1.0712739962817708
0.9046548909969265 1.0264160264589157
0.9096733357631036 1.0778015014513311
0.873591261281092 1.0655254530891085
0.8472612954074791 0.95480394677759
0.8904041919616421 1.018756531255247
0.9240188661425147 1.1059320486449271
0.9950610809248948 1.1556348757545178
0.9032071114893638 1.0818009471163
1.0076943787989054 1.1502991414459716
0.9709314567858227 1.1219445628136215
0.9675213732462979 1.1124486684807569
0.8684815244437708 1.024448511470896
