0.4872727272727273 0.5181818181818182
0.49101010101010106 0.5217171717171718
0.5033333333333333 0.5280808080808082
0.48343434343434344 0.5084848484848485
0.49424242424242426 0.5217171717171718
0.48363636363636364 0.5154545454545455
0.4950505050505051 0.5217171717171718
0.4777777777777778 0.5012121212121212
0.48424242424242425 0.5060606060606061
0.47020202020202023 0.4976767676767677
0.4950505050505051 0.5225252525252526
0.49050505050505055 0.5138383838383839
0.48909090909090913 0.511010101010101
0.49050505050505055 0.5187878787878788
0.5026262626262626 0.5301010101010102
0.4881818181818182 0.5163636363636364
0.49262626262626263 0.5230303030303031
0.4872727272727273 0.5154545454545455
0.49262626262626263 0.5217171717171718
0.4762626262626263 0.5017171717171718
