59.04791566609118 61.53616348604265
58.48333774828094 61.87158819272212
57.50932121156967 61.17045378284548
57.81762375753475 60.61703082802037
57.119475961910226 61.07054956992113
58.26675319574944 61.11757467131693
57.25216978149841 61.202590325776455
58.20628386826545 60.77507065943174
58.17919755307144 60.77531656183851
57.79139728578871 61.03273145262919
57.23866816825566 61.136697720149876
56.10003591106163 59.06667857163456
57.52194375199285 60.40181380486885
58.1650085111238 61.488937384882725
60.262484026573325 62.69588036422683
57.544916874738114 60.942077458893436
60.08061362744671 62.2298714513911
59.19295845000233 61.666515005965756
59.427881474359666 61.93784624084755
56.64967715169258 60.28334859867284
