126.75000210113504 127.38096553270036
125.91298220320064 126.52229685305721
126.78813313240555 127.41065153457019
126.68652052605275 127.30036666491587
126.79167413714664 127.42094935496992
125.87690106080126 126.48442067210529
126.6512590579619 127.27610953239277
126.34314458108948 126.95119888787718
126.60262348830356 127.20076240702295
126.41948971606368 127.0470523218456
127.35540823533258 127.9943695877102
126.72315571304223 127.33767060203465
126.591342483167 127.1996018918738
126.4401705798549 127.05127377753362
126.35122802177911 126.97919753428586
126.47162428014451 127.09176603232059
126.55120633882113 127.18054956640329
126.86385231799039 127.49649448352038
126.62992568969844 127.25751489601743
126.44261804852391 127.06487099466744
