117.2799462418916 119.98118731037023
117.70366313476312 122.04645950324696
120.6005246304946 125.92586459717823
118.95941192849476 122.61598279700797
119.0055825425172 124.4593147702235
117.59062864356575 120.71743812701534
119.2214247827 124.73550396297907
117.27304673911497 120.43756352778338
118.19052658551907 121.5228062671968
116.4836500833625 120.3261083210809
119.1612751778617 124.64971721145376
121.32150550131904 125.98072324671938
119.9345724345555 123.91021635341104
118.02877786099056 122.36915133922855
117.97788602769589 120.93489749181091
118.50687980099329 122.95930784082174
116.66651236978805 119.43340114901244
116.87918113555213 119.8448288711739
117.4693889520596 120.14190167425303
118.26421419932403 122.86664922633676
