99.01270253512244 119.9869957758824
91.75079942664574 118.43594183882136
83.1101099095155 108.15984066729776
88.46724815480954 108.06424243898832
84.25172901016866 111.36951086130517
93.78980540885702 117.64565608845
83.25722043200508 109.4034305992147
94.03299764374265 111.06043618179083
87.97689770279106 104.51984671526483
88.6406354295744 111.65828638574956
83.75299859692889 110.05490360993261
79.88311622700049 93.4881755774249
83.85356718399684 100.40446634946352
88.78071137496278 113.1491619483137
96.06809642952959 118.78054572391706
88.32766678370685 112.78527205115088
102.27340327371977 122.44451541305271
98.04191214914178 119.39732825964113
97.56009217814663 117.06749491878602
84.10817342411862 104.52644848309754
