38.888033923442684 40.04513746976063
38.99291600691097 40.50010035297393
39.70064136406514 41.00800527601302
39.51439976051896 40.7128063225568
39.46224262779365 40.996669818254276
39.02249830626201 40.43382722070725
39.55306535799396 41.00250811828208
39.274273255577974 40.32020959572602
39.69831751057939 40.718196492342294
39.198194328913544 40.694109901759155
39.53669074551498 40.996669818254276
40.426553499692524 41.24978587477448
39.92852363816544 40.93578688891482
39.20218439219354 40.659772260008204
39.01666195108742 40.251562019160474
39.312803685965484 40.77347850520609
38.745949000506236 39.81431274918343
38.88343899579487 40.08824852320464
39.07547261354643 40.10803789546028
39.63558460662102 40.93496766387844
