185.672448894906 188.70123774587762
187.15819402501631 190.20702964127005
188.2600759403259 191.12286756347265
185.9850580943749 188.89264732371646
183.1811802583315 186.2012733285618
185.51109742867598 188.58689245176103
187.4759047846697 190.82142925266425
187.7875642109353 190.91824767303717
186.5179006269271 189.47761795756418
187.2752418529181 190.15045853563632
182.0951501580001 185.18543955371803
184.29125995818902 187.35241456936788
185.9268803469493 188.9020977828649
186.75499356539297 189.7445920551012
183.32829186572908 186.21703283909386
184.79611186916907 187.83772103890018
184.92256478555868 188.04498913451403
184.65658667777768 187.8715712048411
185.32565423043008 188.44076773236213
186.23929356242343 189.1779853072344
