240.42232232503042 250.25585896968545
241.1035205574704 254.82710335691513
246.02983619983075 259.9470453636969
245.19622375809348 256.53029584529884
244.5264308330725 259.8096828517564
241.45538239261566 253.4749325324544
245.59896952326338 260.5379270540575
243.99600040458364 253.71120455009563
247.88677498256675 257.9279305809032
243.80756658125543 257.3909353648599
245.15686429119188 260.19136599549404
253.6755731063941 262.8593139471301
249.31229941306435 259.93754659242694
243.3722180754254 256.811484512781
241.3205964543328 251.7778717971693
243.48032414604128 257.09256923548685
239.62459062638 248.5959538088652
240.62611356459075 250.84865867597927
242.0919404666098 251.68881504771463
247.24961252210156 260.43398266711796
