0.9982037045733487 1.0646912233108121
0.9071585480930234 0.966926675332862
1.0321830993399193 1.1129852167070131
1.0193351417621344 1.1073468102670467
1.0120716385282829 1.0967567773381073
0.9853304194408693 1.0559049326633336
0.9240109718335708 0.9858119119105561
0.9400811979697417 1.0042310502842118
1.0060224767423724 1.096397352574451
0.9829635849990783 1.054206086057312
0.9502467808538246 1.028072797582991
0.9489395682568867 1.0115733938927987
0.9315337754707815 0.9978824747276624
0.9607781675378513 1.0449873676464754
0.9853769170303757 1.0511974492263143
0.9739977053322613 1.0591543164133366
0.9239369722239902 0.991382822820061
0.9469568482375906 1.012285754946643
0.9077208152387302 0.9652629318482758
0.9680611775475501 1.0389062876679334
0.981235750683229 1.0557655013141334
0.9510362120658141 1.0223182537810902
1.0327500868246455 1.1361400357356886
0.9501176112494614 1.0112281908178218
0.9661395997780694 1.0376122966704764
0.9227135973920653 0.9970554192830375
0.9903233108964218 1.0596782664552733
0.956687632999925 1.0254762052992559
1.0117636316400218 1.0979493593692549
0.9994822574954123 1.0736317326237845
0.9143991309725858 0.97281172413995
1.0321047942403883 1.1158350385647609
0.9696080580741446 1.055508381950845
0.9388088301712393 1.0088577787721822
0.9592509862748214 1.0334715342027812
0.9735160649225281 1.0399168512791852
0.99332147381391 1.0646874585167652
0.9667251167055584 1.0292211136529321
0.9751246656209651 1.0435034582913927
0.9087766190753033 0.9716026904585776
0.9464682759302971 1.0103795109752993
0.920095969791643 0.9878295969620996
0.9462269904687556 1.0174108835237725
1.016941473158561 1.1033652681842476
0.954660157276297 1.0257964317745674
0.9590133866532478 1.0220856142205643
0.9813907166186191 1.0532043671971243
0.9508202927748375 1.0146009968674534
1.0220143626660605 1.1138689434210565
1.025896238504702 1.1019021634021624
0.9881992807079588 1.0677972962027704
1.0011332686972036 1.0880754533738108
0.9468705617033817 1.0042239995558417
0.9870488074047581 1.0618895194099458
0.9345510405107708 1.002257563317801
0.9667052379997809 1.0328351776373523
0.9474095744778654 1.0122322849743088
0.9146928174912025 0.9744089898992468
0.956736536854895 1.0224697713530644
0.9821822039045683 1.044571436290427
0.9633824212924829 1.0288542384862804
0.9522290998488525 1.0236874931720876
0.9547504715546806 1.021145017859495
1.0066407233886032 1.0920624961889007
0.9965449605195145 1.0734900532430973
0.9527087433441725 1.0257071582474635
0.9798776324911229 1.041729400183811
0.9902130965845704 1.0571039963972875
0.952820286707327 1.0216378706166447
0.9918752128684591 1.0595384176591969
0.987713774287136 1.0654424168801238
0.9741770319848568 1.0407393228632125
0.9928266957543076 1.0665670482308545
0.9190031446343683 0.9943003853246712
0.9940232116132499 1.076148297770556
1.0666291798479897 1.1570296374478641
0.9535408879955193 1.0133370245670617
0.9898982160428446 1.0656130200753666
0.9746337256244146 1.0496743514588864
0.9463176741112906 1.0083335099078095
0.9301320726615651 0.9885917611264532
1.028821451240589 1.1169556468122366
0.9515790675807455 1.0271642717934626
0.9894426871767147 1.0713859506044536
0.9796528154400491 1.0602115979821907
0.9299187122827282 0.9923988576217452
0.9557363425842591 1.0251039855055613
1.0091894064596054 1.0808872436277188
0.9392093157947311 1.003345528482361
0.9262756045349889 0.9954142860275754
0.9583729646488874 1.029362951198589
0.9740409445198376 1.0394116103611513
0.9716329155849952 1.0474562793785913
0.9518425469353148 1.025666261581764
0.957811309108372 1.028267028666638
0.9243900621031004 0.9872649599368829
1.070276066138033 1.1887335927377536
0.9673936409549899 1.0631300572289004
0.9757967779125506 1.043564735913014
0.938536569332196 1.0000003170602838
0.9515786504286974 1.0156139017478898
0.9016626358717827 0.9558978030273668
1.0021608860452764 1.0819198450246765
0.9543621521247737 1.0182212803318718
0.9704932110807345 1.0491283754564202
0.9387790776845338 1.013532207761229
0.9656230356608977 1.0296002727929219
0.9624169682130183 1.0458744021090147
0.9566167732522899 1.0298777857457448
0.9873365085879957 1.052558089529462
0.9554444381908489 1.025768721893994
0.9712311139856914 1.0461052105726016
0.9535872735755475 1.0190485989277938
0.9832536328920646 1.0595611454409912
0.9487877726788363 1.0197725980857548
1.0245013545062456 1.1076521372947126
0.9670512113515304 1.0369618277496058
0.9447430763606223 1.0112859562247585
0.9650110260174176 1.0424636906548777
1.0418334530298974 1.1442360643940666
0.9506049779589765 1.0113101666880098
1.0365662122135109 1.1556332663060882
0.9783537722488225 1.0517690615408781
1.0173601490328006 1.1096082981524704
0.9790972544616843 1.0565899934250806
0.9644061865275737 1.039600174156544
0.9829712511545203 1.0594177360516197
1.023603109072028 1.1034184830280098
1.0079676283476005 1.0782601810792234
0.9610375758767096 1.02042946286416
0.9737017650228859 1.0469325665041356
0.9131741857286144 0.9757084919982477
0.9731804252606588 1.0474847715662736
0.9420999003413901 1.0042800471595936
0.9958752801572108 1.0724219601506744
0.9371436317213777 0.9951725506512894
1.0421861123891867 1.1467938291186595
0.9625298236487865 1.0308873719059668
1.0012224315619007 1.1011746484472145
0.9768932586094432 1.0475969707325896
0.9895503126418984 1.0560291232478718
0.944282715048596 1.0122433851832744
0.9425831312144011 1.0189935882886785
0.9155585765523365 0.9810825342193179
0.9635958689228823 1.0302323768937356
0.955363393600959 1.0200806224092207
0.9513890743579226 1.0211694261989963
0.9714939841332582 1.0364210622545253
0.9955057473368933 1.0764082521991356
1.009853812519386 1.0969036796080287
0.9898073757605802 1.0700235441252683
0.9500640184729185 1.032844296099282
0.9503657954561159 1.0156479019175262
1.0217578393173894 1.109812173825964
1.018987174930663 1.122573626902293
0.9739366231692527 1.0652975207045725
0.9993855218481968 1.0675000621281998
1.0056062493827662 1.0699144765281532
0.9701724149907933 1.0389595253451298
0.9583035666787869 1.028290791542694
1.0166182893307174 1.1004409537937083
0.99637622036071 1.0709299574206241
0.9497566633383185 1.0151504491290253
1.0023520179790817 1.080680849139973
0.9976949969118655 1.0655544154232572
0.976674736954414 1.0631319473916245
0.9817598696447138 1.0546951346818954
1.0368104052130167 1.127872583646184
0.996877080723617 1.0847721075711372
0.9592716226794094 1.0198693719477072
0.9626934549376257 1.0225604619794846
0.9997348148911203 1.0816651349313602
0.9517049138007692 1.0249644418837063
0.9852304494748083 1.053786308991649
0.9597237514103671 1.0342346275926564
0.9163582043544918 0.977137594289422
0.9530805228310509 1.012879146936615
0.996948933920042 1.06754639610165
1.036354061494428 1.12842683730095
0.993082797677735 1.0675127119420469
0.9796421502139502 1.0480373126685412
0.9692855422729825 1.0505128528774703
0.9764148444872028 1.0424411560158697
1.0369715115740712 1.142711471404127
0.9778408048817482 1.0496131449582857
0.9659149287049995 1.0328571869232408
0.9623527093691009 1.0521779290782842
0.9814355055010784 1.046866354288023
1.061513185247243 1.1660139168356654
1.0296040183864175 1.1176913569682614
0.9622472620592224 1.027254146392685
0.9369529470135005 0.9999406681820419
0.8851224319417712 0.9404509559055501
0.9855873810448282 1.0675002455047866
0.9903935653040299 1.0760608938253704
1.0184681467076953 1.0894429282394342
1.0006588177683375 1.0825361880294424
0.9836686757867256 1.0632476303071712
0.9529078788088019 1.0302158452484438
0.9636728622222775 1.0322027580509867
0.9756849192058672 1.0503806662699176
0.9473759763032449 1.0238507452831944
1.0282694552506693 1.1274097217771064
0.9942347556834181 1.0592979039499648
0.9790111035647853 1.05955104515686
0.968580366490956 1.0469460791316694
0.9606546152405749 1.023042922944929
0.9553550881794711 1.0351793166920504
0.9732216206027466 1.0393536755886674
0.9499586843156984 1.0157507308195235
0.9182274148817078 0.9853638997606158
0.9979164279677615 1.0815570086215978
0.9220241494310244 0.9916360904764299
0.9780763089207465 1.0534393632877832
0.9602115550239069 1.0374255598559876
0.970793477563759 1.0417626313646047
0.999777914430135 1.0717049405850747
0.992803519243965 1.0534828378676937
0.9652969598047955 1.0389252877221868
0.9656544604172763 1.035158093453587
1.0032855920265866 1.0880366095671894
1.0060680443527688 1.1003508948882457
0.9745915064641628 1.0387770786409207
0.9681221168750368 1.0346173986380687
0.9385429326764609 1.002474549933243
0.974933529213201 1.0447219998765775
0.968112410054873 1.037422157203007
1.002060434043148 1.089007353600108
0.9693232114660193 1.0583834459340886
1.033503065973239 1.1177805630868465
0.990460780385418 1.0627105307779157
0.9719552291135874 1.0483138440594937
0.910397659369904 0.9773264102446471
0.9389321398216244 1.0052826826192034
0.9265483452256066 0.9949477156487767
0.9593942042946523 1.028199980873353
1.021332492698666 1.1079041334892556
0.9480080351513162 1.0219317528680423
1.0006137630007232 1.0834366656826284
0.9725036263166751 1.046035544510385
0.9504291537067447 1.0245493656073168
0.9585823263665679 1.0161600466887182
0.9853974852367728 1.060709243857189
0.9986037138089071 1.0679302354860347
1.0264401232544897 1.1144169849770553
1.0090388127602927 1.0752224081937558
0.9853404961053689 1.055452273199395
0.9541810729916296 1.0147233007121204
0.9598735076091186 1.024325052151402
1.028630525231316 1.1309928319491866
0.9463105651767214 1.0094827376956184
1.005839562571793 1.0811839267611112
0.9920869168160376 1.0690378424255746
0.9265155618205292 0.9859842210409423
0.9247625699005588 0.9875211780939369
0.9332877191904162 1.0000610227283406
0.9347238422214859 0.9991729184953148
0.9446718713368694 1.0114894768616773
0.9717642965050134 1.0362891723303411
0.9764238110175222 1.056231973140648
0.9565348208359398 1.0216046340651108
0.9597622765068817 1.028924909169235
1.0225371890862873 1.1271091812312548
1.0003720474301718 1.0868151305249827
0.9744644949095619 1.0413742774668802
0.920024033788576 0.9817591604687087
0.956847358386763 1.02473194249542
0.9320458520735821 0.9957729819681652
0.9786878886950408 1.058644985173074
0.98730995457078 1.073595390299966
0.9638481702375813 1.0314165902037844
0.9696132007983292 1.0481282856010192
0.9969223572384518 1.0723286984208968
1.0123112993890653 1.0929899541675667
1.003680689249344 1.0855080711978535
0.9278670788881235 1.0019281684980024
0.9886483524714479 1.055759786414626
0.9461415311249011 1.012452828539537
0.9571025058529057 1.0342770060791202
0.9348748676465337 1.000899024253476
1.0075966251330841 1.095608571745574
0.9624427917904289 1.0274446517191964
0.9826249667491416 1.0504205373612008
1.0521717280340075 1.1402370990658484
0.9839444276780831 1.0617409342924553
0.9768086518273557 1.0491072304102267
0.9093844358268418 0.9698116828183763
0.91761132034712 0.9797949424751591
0.9076214590146247 0.9827093341334878
0.9550779178819653 1.0177188571168148
1.0208428883118477 1.099058807788011
0.9525199908659976 1.0171956522583314
0.9282431463508918 0.9840144119124048
0.9653680492556866 1.0251990309365389
0.9692751490127693 1.040002017198498
0.9426925568022544 1.022765611942168
0.934217509815175 1.002163133465911
1.001998238134653 1.0718897408066481
0.9595883443515911 1.0274919436198264
0.947686246201306 1.0147351289947086
0.9553408525756847 1.0138928075626028
0.9684899511510721 1.0357823178226435
0.9866929050447235 1.0590102316720826
1.0074197738510842 1.079440662141457
0.92352452018842 0.9930064346419905
0.9528200486659902 1.013280538563964
1.0145338163594906 1.0960105206953885
1.00893298119852 1.0944857886720547
0.9846570873445628 1.06283076384768
0.9440575823278942 1.0117683952055305
0.9698599549142126 1.0424158802499761
0.9727654073400848 1.0457546315681832
0.9532732193565209 1.0226361806491024
0.9926346310817915 1.0823089332273363
1.0091236807249149 1.0974753869424267
0.9952302124440653 1.0668188200675968
0.9409702815855971 0.9991310403351059
0.9949210238877881 1.0745698715610699
0.9837055458317152 1.0445783076718307
0.9720583004238543 1.0454822525954004
0.9666735666188984 1.0318188870810046
0.9825756161356767 1.0542178225844747
0.9879768130100938 1.0611649212348142
0.9641075451986834 1.0357042532514613
0.9347111947795014 0.9988559130536772
0.9301226010747325 1.0035202082250227
0.9647664343508056 1.042691795894989
0.984791449122869 1.0602705625115205
0.9581552665309787 1.0283145047718092
0.9776685315269296 1.0639285064194461
0.954849894233717 1.0158055329456166
0.9888246556517907 1.0620298764237492
1.0206806826652546 1.0935537792994416
0.974200132627481 1.0387530626342425
0.9710936293020882 1.0422681911696796
0.940166278751227 1.0119592715706522
0.9835565743459207 1.0683890024685718
0.9858206510834677 1.061126978432136
1.0228256244130474 1.106008151094533
0.9463992325130504 1.016182276288224
0.9614163672326035 1.0223335042305117
0.9490650062790449 1.0178993927921718
0.940015111510608 1.004630001937658
0.9620960784893611 1.0271636685455792
1.0069449747912507 1.0840917988683163
0.9570771465410266 1.0303005355849115
0.9606071048353382 1.0200335398941176
0.9948708528516673 1.0681424678391829
0.9792088075949127 1.0524311493049907
0.9419774226795773 1.008104239129886
0.9919151651429499 1.0937187935890962
0.9506053217032286 1.0173778629008758
0.9207025052708419 0.9838404382462655
1.0081444963813393 1.0889810863811888
0.9352281131672121 0.9911770280148023
0.9193808077455654 0.9788671485987432
0.9813508188370788 1.0669646725882869
0.9560535742037719 1.013367752663694
0.9847259762424583 1.0542255752410776
0.9706886959423092 1.0382569642782475
0.9554726664148683 1.0251964670621503
0.9915243585274043 1.054698701828536
0.9601950405104671 1.0283666326510712
0.9375955509391609 1.00897688864148
0.9354163950301692 0.996827883988257
0.9579508209850058 1.0219588163568158
0.9723757341513984 1.0611183036631275
0.9504827428582441 1.0229709345335403
0.9410781188001054 1.0145593549860652
0.9538925277549142 1.0428003150869996
0.9596104517471156 1.0307422740866299
0.9621588186199531 1.0306846406755361
0.9399535179697538 1.007179800756853
0.9507418348895513 1.0249191157018183
0.9810305595098123 1.0515480031609266
0.9685141860267472 1.0321182878190436
0.9772574648301299 1.0500447594864228
0.9705547185885031 1.0352126924400968
0.9609893166796246 1.0231706312633273
0.9669065286994679 1.0311006489137926
1.008381272462334 1.0788914587219889
0.9638296952914877 1.032955139183942
0.9818604499886037 1.0573783347650312
1.0299671894027194 1.1150985867473229
0.979807046383408 1.0494309038959684
0.9719241543081881 1.0439720197175535
0.943137378873556 1.0022471669899413
0.9911225001101513 1.0712655500718316
0.9465877248352155 1.0188827900307489
0.9884601280574725 1.0603647942933971
0.9702553324227369 1.054301035104316
0.9579656359405038 1.0256938576952375
0.9947232115624505 1.069978450312018
0.9662649336067881 1.0437452331508017
1.0379930854805575 1.131719402254343
0.9844916453693557 1.0563468858954033
0.9340404072566214 1.0029996478313885
0.9894020724442859 1.066338529950379
0.93862020339639 1.0079596267176405
0.9778155626105127 1.054146465635772
0.922775152477595 0.9870998327375108
0.9891969688672224 1.0864476981670133
0.9609694469439003 1.0338437859599838
1.0151255638172587 1.1058061696571848
0.9725173377133978 1.0420626508845117
0.9304920552423783 0.9961234517471143
0.9121143932694427 0.9870539602837994
1.0094352726836628 1.0847771103140516
0.9546685539733011 1.0147254220757418
0.9379845298110814 1.006523471431771
1.0136595488342406 1.1172414045017969
0.9498047307370376 1.0208015180439214
1.0477365887488477 1.138115250562854
0.9696969368103281 1.048332969992301
0.9944176463596875 1.058897650616426
0.9895094838252179 1.0864238331367873
0.963949187970151 1.0433015996134525
1.002144660198426 1.088119203556257
1.0042663088850585 1.0848143698546675
0.9216232122666004 0.9831707739094028
0.9437215530405806 1.0217776565698427
0.9616531448698834 1.025991548536349
0.9598581461491255 1.0273852741907947
0.9594423463882773 1.032029923883227
0.9554065130341983 1.021869526955068
0.9786387304517754 1.0654172398485193
1.0258214401542647 1.1194357231038818
0.9466764471763063 1.0173121397398788
0.9992980311423715 1.0766569052458888
1.0562129625884593 1.16007920609532
0.9879746590173569 1.057039063952372
0.9399595714058631 1.018478504326322
0.9579945227475604 1.0310653850683011
1.0124991143156161 1.094037717691254
0.9289120244766801 0.9933178840260855
0.9801134424130672 1.0551476224647067
0.9414064897375094 1.0121841739942563
0.9755300905657958 1.0533679996875303
0.9989389495551791 1.0798045899308977
0.9425554154411113 1.0179710464996905
0.9367492651442969 0.9972009448752841
0.9463197105356914 1.0093917974240878
0.9318538072965243 0.9919917619218208
1.003560231072783 1.0826275338148816
1.0149158202308204 1.1008992758857168
0.9780309075882785 1.0538638960455677
0.9833608027317029 1.0712769411909933
0.9547097991355646 1.0269841651445064
0.9552677637918495 1.0250340934011093
0.9827494639408921 1.0631734353701885
0.9567865461531517 1.0198148522815436
1.0004199938794474 1.081341796998229
0.937221603924611 1.0034959493659903
0.9211191799126899 0.9794380720212501
0.9802137285342678 1.060762280151616
0.9337824996271559 0.9994628193117191
0.9680709103345161 1.04490005041266
0.9580628278019816 1.0206494971752385
0.9454380081016394 1.007197437120472
0.9471674987243027 1.023031062702531
0.9662560478977588 1.0302435176820741
0.9581730775598771 1.024066431457394
0.9680342037627154 1.048550099653772
0.9032956652673756 0.9585469522353102
0.9390837987672098 1.0012950777064953
1.0300777027511874 1.1193770743776306
0.9697961313095608 1.0395148755219905
0.9666064694306646 1.0284163119612764
1.0049223571809898 1.101769952545391
1.0240869910814476 1.1185750317789542
1.0462244711521307 1.1359049730708646
0.9762704072368339 1.0724277827065432
0.9718151873018512 1.0524516679693559
0.9627366272148767 1.04360677234654
0.9493505140799702 1.0115346888905923
0.9531030587302325 1.0114238300352196
0.9556342105677055 1.0300028991602432
0.9970389560368536 1.0637406909040301
0.9865074085433778 1.0628023482432751
0.9785666502426459 1.0488665573863976
0.9651643730543299 1.0354255908569043
0.997381263450861 1.081986776835619
0.9837789702232232 1.0688008829847746
0.9482866425893981 1.0257184241064343
1.0094941532118 1.0964558221071898
0.9589311016534491 1.0514673316942837
0.982543411765648 1.0603319051122808
0.9481017635035072 1.0269628168892044
1.0065312219367288 1.100747252074918
0.9681280026624747 1.0363949836090982
0.9890134568439333 1.065797093477174
1.0143697820020094 1.0830354549103505
1.006659605384855 1.0785808453047365
0.9563938123785467 1.026853877962875
0.9443321248427976 1.007765445113291
0.9958686730040329 1.0941446782263877
1.0012199024472814 1.0758653682109611
1.012103029998968 1.093404625403902
1.041525317519154 1.1405503825649808
0.9178964189729713 0.9761859870579672
1.0091896586767481 1.1046619494194712
0.998644845065709 1.0764434501302256
0.9328954094564071 1.0059573615011004
1.0233778326588745 1.089928515861955
1.002971109769332 1.0767718771487904
0.9775936776428794 1.0443983424897376
0.945575495224917 1.0124988545904186
1.0093863852964795 1.091571457582456
0.9843073630606884 1.0533888927359536
1.0008734615868518 1.0748920022025177
1.0105024424414064 1.1048766631890659
0.8887007557326537 0.9444277303304889
0.9708678469886725 1.043865264514257
0.915837775452498 0.9793082014909754
0.9594215940692603 1.0259227075624102
0.9846866560319067 1.0510875898868006
0.9248886243441473 0.9908695239101764
1.0445894209042126 1.156584679168282
0.9478162877381748 1.0106046831654927
0.987783193268781 1.0670178768003533
0.9752048497783092 1.067753633667731
0.918273222037068 0.9795795531617374
0.9677434352370871 1.0394236560829624
0.9281101638686079 0.9902021487507138
1.0091914628262522 1.0935122981611358
1.017425873752494 1.1114122751913533
0.9729120621106224 1.0288064627172446
0.9573881196528238 1.0288632845718335
0.9497754453709256 1.0077402015864618
0.9226585388982944 0.9883810774143479
0.9582926978509367 1.0236926932789716
0.9271748959238142 0.9902738252837575
0.9367806446854133 1.0061834494656372
0.9476799228201799 1.014083779370087
0.9500249299416781 1.0173521638495915
1.00224461985293 1.0896287077038382
1.060830150088227 1.1773437070947885
0.9953246573998502 1.0661447286326835
0.9707292980503774 1.0407023052512838
0.9478720997945831 1.0065541448276503
0.9280852617731398 0.9881899290118259
0.9997215606361612 1.0612221935514023
0.9789018384472313 1.0489091010589031
1.0112197017607747 1.0941876630350655
0.967722899869808 1.0383001469119528
0.9241544447231861 0.9898954859417742
0.9698344743039019 1.0377659782173487
0.9966815847730424 1.0695372630597362
0.9584069973868828 1.018212359686069
0.9436351058844897 1.0157055573390394
0.9483699146996953 1.0183750541552787
0.9857640163559589 1.0652550886778802
0.997668645935831 1.0727236130899995
0.9594252230783702 1.0279755339249705
0.9962480847222297 1.0747370798480658
0.9832388279911722 1.0556722963488951
0.9466544695005432 1.0195919794511126
0.9689828438799023 1.035916160070166
1.022062780665298 1.1084095471513296
0.9475017357987197 1.0112226468836445
0.9857515521312568 1.0537579642213566
0.9524525485274091 1.0209202037962646
0.9505113898088045 1.015532183746112
0.93802737092367 1.0120794991765
0.9417133221458698 1.0108562776091916
0.9474030573336576 1.0009953408668602
0.9348103511173821 0.9991399730052902
0.9820323374176101 1.0635180090803003
0.9950929485425017 1.0707328784962802
0.9551700303144052 1.0264078814085478
0.9817509680707542 1.043207052147522
0.957854971726658 1.025991777694704
1.0558431525016378 1.1480778823910425
1.0082150133146506 1.084539654267242
0.9539733413934662 1.0177889521211667
0.9833933983130656 1.055045260561628
0.9511790512193739 1.017335713539542
0.9541602747000277 1.0256544904013847
0.9429060062805508 1.0066821183246606
0.9755521060837029 1.0605986908165574
0.9440616537444528 1.0009543589422276
1.0224817825425117 1.1017282891565068
1.0035130366757126 1.0837534593836056
0.9925127544147494 1.0731317376483354
0.998017877308698 1.084282871820628
0.9598095679219518 1.0219347213910304
0.9664762444609029 1.0300075062250111
0.9819630703629002 1.052562369444907
0.9789939524494018 1.0528403770330819
0.9447057925903612 1.0112009694512993
0.9277842177296183 0.9890200905651745
0.9210507566749679 0.9744166637978505
0.9036696400110376 0.9595598806432998
1.0068103801525945 1.0950409388330364
0.9828847583754481 1.053233345977311
0.9510685944541624 1.0145517527569228
1.0029772904023908 1.0877506171273992
1.000125551206464 1.0859601922012976
0.9239687670350818 0.9853119733405055
0.9922832042941259 1.084348842847791
1.017005495759105 1.0942762999084485
0.9476869139582733 1.008357305438007
0.9863556375658056 1.0769898187170739
0.9806380371446303 1.0496654608500406
0.9805948201170974 1.0501876364777198
0.9802791322114309 1.0585801692477803
0.981892979810093 1.055358014563387
0.9644989102066627 1.0475632808577522
1.0474323158908034 1.1449221690572349
1.0280870703890679 1.1198333519967951
0.971367591292134 1.0441797114276172
0.9841851968232496 1.0566361226530079
0.9920376372411019 1.0661931811999301
1.0017692036401908 1.0913785207812616
0.9353349334284774 1.006105954486823
1.015796190535885 1.0935502009335092
0.9806287662544008 1.0576072576777713
0.9975783320619792 1.0666508529394254
0.9440306342639011 1.0072529057433197
0.9774829624929999 1.048632184454674
0.9577579642179985 1.0304443651293367
0.9966779207918519 1.0789491682870624
0.9755326390193924 1.054158204416097
0.9764634035745843 1.0476531003819811
0.9254024695719762 0.9850857705236502
0.9352910351192245 1.0026259995811388
1.0624702276602975 1.1812564792605422
0.9514982297059398 1.0105537498799864
0.9958657627050973 1.0759260215937603
0.9979478822418003 1.0707112368882963
0.9729396209523857 1.0451150475213005
1.0091408195252156 1.1012851221287339
1.0065539091527493 1.0804309444862006
0.9455951939232575 1.0152113357455872
0.9673540815044841 1.0445486947638467
0.9646234654179879 1.021832690494981
0.9458285552196636 1.0070888262848505
0.9677457517955236 1.0357050962483507
0.9316957191098165 0.995113752942781
0.9441674345115624 1.018608895741623
0.9736410139287288 1.039507245216095
0.918150841465318 0.9861912269285089
0.9757152281024244 1.0422103498267925
1.0049695172585862 1.1003828889946479
1.0074663197843674 1.0901058745432763
0.9305894610846981 0.9973903789110979
0.9812375759580241 1.0510352336270734
0.9686782179577793 1.0312257593716232
0.9201444257719992 0.9830106993036907
0.9324796123212142 1.0009867515390165
0.8939920633469026 0.9681398130929959
0.9540228946558764 1.0277559207287297
0.9796178552591932 1.0480702833525937
0.944213871088133 1.0193138170569758
1.002540614610068 1.0862966774897518
1.035150290370889 1.1166655663004665
0.9511067895760663 1.0270054709793777
1.0092011627337365 1.0989752653261569
0.9432240692026497 1.0100364222343035
1.0860814414039868 1.2142231379956034
0.9569650274977609 1.021595639488745
0.965831487818564 1.0375320431212112
0.9592566470580651 1.0308302586251912
0.9923108368552706 1.0810755273104928
1.0560930189733309 1.1562138835607707
0.9480123682361528 1.0168954992120658
0.9603983920895385 1.0322899969810266
0.9990584663860234 1.0763226018319116
1.0099572656902793 1.0957373320173125
0.9569507998100683 1.023726683179604
0.9699644775074447 1.0397464519216064
1.015714008834064 1.0974876378843637
1.0026437574179174 1.089283960553771
0.9739207149046729 1.0590619100406864
0.9991354331337975 1.075828983034142
0.9936462380147028 1.0773724869502055
0.9737912253197227 1.040755475666813
1.0184938745383076 1.0925566720704125
0.998263993525561 1.0719891737158256
0.9667579638376105 1.0329692263245531
0.9180001392281995 0.9933732149346555
1.0125541702617151 1.0870460038210288
1.0033672276532883 1.073515109599388
1.000330653600064 1.0767348702023805
1.0288346986992671 1.1155672811407689
0.981844460520901 1.0455146535490392
0.9505989676112334 1.014262959452434
0.9421329948634707 1.0018476619159027
0.9779611586850984 1.053927570268118
0.953706746574258 1.0109658535622743
0.9649185254417021 1.0338298373456805
0.9870128947166927 1.0641583456687225
0.937575988763606 0.9961452164406215
0.9681764473755367 1.0378063584099864
0.9697715071074957 1.0398915648543994
0.9522413510229093 1.0115896760524485
0.933445727144965 0.994023490216038
0.933987885145672 0.9929137829720627
0.97059815097653 1.042510976458032
0.9582981509425683 1.021479455238669
