0.9332372240797735 5.111697406795064
0.7121501800983009 4.599097756395198
0.5913850607239456 4.258658378090348
0.634005860539896 4.195997536280087
0.7187014103537361 4.62502501682139
0.6530939098171219 4.434925717369611
1.2743933766711077 5.803324525843104
0.9490029776897041 4.803771429215203
1.0721775120915598 5.436916615213771
0.7877489047202026 4.597929775696784
1.0149406236852143 5.319550430739914
0.7422756267884739 5.087900370442675
0.8742626279485304 4.494021487279429
0.8322275786562388 4.878862382943051
0.6189570543603403 4.201201616717594
0.7121695758464001 4.795909058894395
0.7942298407680223 5.082011052647706
0.7060521236501341 4.364218516676429
0.795673698866291 5.012649274380485
0.9103357792812905 5.472243746075994
0.7062014845945517 5.032547445193653
0.9251179294812417 6.199513948673943
1.174059799280002 5.781225193192798
1.03745510935412 5.162393091238673
0.9857521508335997 5.323395542157572
0.6355078524528659 4.628122367391558
1.0722720889217296 5.477775021653715
0.9038507206429668 6.149066361595983
0.7506812194073278 5.265169617208288
0.6750946645306429 4.96214409945102
1.0591966477213342 6.514472381951064
0.8469414899815201 5.407389896551671
0.6852587486219668 5.025259528146297
0.8417276982893382 5.119022120945974
0.7985583595507588 5.122598535652015
0.7217144511344259 5.092152058344954
0.6933260225324505 4.591540876556275
0.7880256795360019 5.007747919459797
0.7120155076251871 5.066977593583372
0.9127992409588026 4.648832203200497
0.7823543666551557 4.7100412620932275
1.4532331087597228 6.76164168674922
0.7804497915347531 5.333200791895497
0.8715462232604706 5.112056789741455
0.9927284078270497 5.342810021198866
0.6317655722095775 4.528064280887427
0.8348505669129124 4.4820262340477015
0.7154697474553097 4.76799139152273
0.792964234088616 4.7107663780106925
0.8300947523484179 5.468001705191323
0.8208866916007527 4.8405589103280855
0.8633703915262358 4.897751199493203
0.7232984876837671 4.774759440007057
1.239414884113756 7.602027072320116
0.6967489931507613 5.00806461943606
0.6291940700633947 4.2288053723124595
0.8420232433196218 5.140712109468087
0.7881960500534791 5.258092128239555
0.6434593957562482 4.643895945107701
0.8413759759948671 4.722578408045338
0.7041689459853664 4.513978683598198
0.7498182070906236 4.953047045190307
0.9107635289815589 5.717314730015403
0.746467067523948 5.01623882667891
0.8096529958064593 4.937889738608834
0.959133212058948 5.685102159339259
0.6654739444169337 4.632555639504475
1.0903478881831687 5.186619641543133
1.0061157713660946 5.089988114893282
0.7399618406155345 4.568756089428346
0.8198237076326129 5.047905317325192
0.8561174822827735 5.4892318350437925
0.8820064761006144 5.174220144265872
1.0133358436990496 5.38043927747759
1.3339750655046994 6.071214203201445
0.9556847986625072 5.298685694635577
0.9895985942864693 6.11228422190384
0.6051722261384946 4.363476542146939
0.7363407496020454 4.749525665450084
0.7550080978494492 4.151823314276639
