0.7028090887894203 1.2069761135335366
0.8064298005966917 1.4550738897827222
0.8387948014734703 1.423398410378344
0.5983314927192678 1.0705372421659356
0.7170297141545361 1.245870484869556
0.7453765269610341 1.3377210433121167
0.7469193720717375 1.2558345692318236
0.786383892691187 1.3481562722691027
0.6114302546701079 1.020472387218725
0.6010682276201122 1.017791694531171
0.6425960316765975 1.2426222717304278
0.7655349306153894 1.377783770790082
0.7464993203443969 1.3099615316038775
0.8296498944854027 1.5627123948385486
0.857780758900822 1.6508199689506493
0.8191413812513422 1.4246562617678602
0.7263190199454055 1.2824391614665018
0.7999001218267817 1.3769128296714936
0.7924554619912658 1.3817641421359088
0.7949551546916758 1.3748350070509499
0.8047846451557363 1.4137832968665611
0.7292393414301714 1.2984865532587944
0.7068271475455822 1.209618603272026
0.7664807070588102 1.3719114982287952
0.6394485793297793 1.1513673383820304
0.736555073437813 1.318963581457733
0.8251527922703104 1.5025726192089337
0.6297356426879132 1.1490983004934412
0.8071827145978369 1.3402446969227808
0.7695354540210568 1.3212401675822216
0.7597286945835151 1.3371317193795387
0.6611099645414239 1.235239190704812
0.8778949894774342 1.5018681903536484
0.7205052195180905 1.247979607347175
0.6620183016056553 1.1602553522435899
0.7151891791754702 1.2083429425704444
0.6850479083751723 1.1623922372711555
0.7484638145917618 1.3044422022389202
0.6884593873390855 1.1377597387438336
0.6311741037081502 1.128224187882459
0.7078960877176022 1.2438174720299617
0.7018947793046646 1.2011403644950538
0.7775807412149172 1.3208657838921334
0.7145466705310555 1.2729937945868883
0.7566224559187636 1.4507301080736106
0.7129839823927934 1.2092362817918603
0.7838682195765087 1.3705216931076731
0.7131407820416289 1.3137802626520247
0.7703947996327638 1.344111673234452
0.6753606326513686 1.2158560025097032
0.7315800116467734 1.2432897334894684
0.7210929298998111 1.2667553232716098
0.8427614913195602 1.4961427255793465
0.7401738423173073 1.2966919680528193
0.742063783566424 1.3034717392258894
0.8315107627645142 1.4131872803666101
0.7396373479489774 1.304043114065391
0.7780846618175439 1.3989297277328396
0.7348570994910161 1.2738844156674065
0.8068094991229804 1.3904975802518715
0.6806130604873661 2.6183577015611172
0.7521218934614685 1.3374998061987111
0.6977210426675232 1.2614019380768096
0.7042204103667814 1.2323261174495765
0.7089679708471218 1.2495898455125698
0.8119801300265218 1.418171449726696
0.7633046818848727 1.28514352911717
0.7469096240714939 1.347215345321942
0.671477090835647 1.1847795617364978
0.6265708258256202 1.0788327096256016
0.8064779467801859 1.372533640092696
0.7378890941502587 1.2242288896688729
0.6854738045500316 1.198517265811307
0.7406935911768501 1.3130162863440824
0.7058289096970933 1.222058850263025
0.8599798527882193 1.485632411986486
0.7676936369169656 1.3491052604507638
0.6903446125134658 1.214106196251152
0.7346066147589425 1.301194440851987
0.6727960683530865 1.168501398264621
0.6945838817357725 1.211476280307099
0.6837617341404648 1.2109119040260847
0.8497684725853419 1.579034378099241
0.6849533229288366 1.2060735547648136
0.6621771806819782 1.1658914935909255
0.6333619680732974 1.1735068439052765
0.6170384099447426 1.051093124693867
0.8484552214386585 1.5225396515152843
0.7998358197064716 1.4150515674131023
0.7632776198026809 1.3242691727923364
0.8182718319361486 1.4597875335276602
0.9133117140071523 1.7004603548574027
0.7817604280929085 1.564780844767248
0.8500137970294039 1.4920613566883125
0.5812318159986077 0.975278773317676
0.6960729052397738 1.2211304203692415
0.6319783094452593 1.028565697907031
0.6821085746517218 1.1829605112154886
0.7572876940783471 1.2931426037886962
0.8249950654133222 1.3885047791319072
0.726600158428211 1.4505108517014818
0.8664997082800638 1.7870311649352106
0.7335325764962377 1.2858282499194706
0.6339080104033062 1.0825308176076813
0.760977891050482 1.4225497369806528
0.687396462796626 1.3429295002329047
0.7234763639314594 1.2382914453313436
0.7636793555862218 1.41503971384223
0.8338890199056135 1.4420279289069278
0.8445168908162096 1.4463611630722923
0.7743767485476545 1.3139014995643254
0.7114370195264509 1.2341158431915022
0.7917753223784298 1.4387105649292704
0.7413843065120225 1.3899882117075328
0.6944605302445213 1.2151322555330077
0.7956267937052761 1.3431227563178236
0.7410432151499158 1.2858749240396141
0.7278149529789408 1.2357635888118232
0.6718917198225567 1.2025977185417396
0.7575700049727845 1.3762249112250786
0.816029503803779 1.4600851847222553
0.7802364467288125 1.3481698902091979
0.6800905075797172 1.1960029255556337
0.7426313816041182 1.3272943213402928
0.7002262910202114 1.2813673597920232
0.8480750828347796 1.4247909072133502
0.7130366992712137 1.2812650815444537
0.7860649535433213 1.580936811510482
0.6821452484178077 1.1821337009822828
0.6388935120034397 1.1079548366650445
0.701476943377541 1.389762241964549
0.6740474508586645 1.1894303450996984
0.6295746187883045 1.1470090844189098
0.8673587823594668 1.5700547106284568
0.7208518187569735 1.3445842548786069
0.6815259959866529 1.1661123320280535
0.7960234735658313 1.405509165265634
0.8161215858264521 1.3743388154169704
0.8147000871447401 1.4701867034812248
0.7852820288751575 1.3635812589871144
0.8503198975467816 1.484695011513859
0.6892205404600147 1.2170227521540393
0.7988855216454195 1.3697004012651957
0.7881312125507762 1.3836931392583174
0.6941791256143661 1.2042980187943524
0.7473411320468818 1.2666734545003826
0.8581702374448621 1.5269252582128554
0.6474052959462144 1.185550151680866
0.8085504435135682 1.3613917150540418
0.7623607813059268 1.3464263665466676
0.688376981110485 1.1750261267436917
0.7341537027703258 1.2378975512083827
0.7155094342282078 1.2974770134436868
0.6851728946931954 1.253516876064143
0.8029864395631834 1.3790222274521582
0.784677495136057 1.3879316021671408
0.7464685498876417 1.3961776339439123
0.6314220113080007 1.2585784537930482
0.6661127384293062 1.1275721794904872
0.7409628752212525 1.3314748533260055
0.7014095569138606 1.2178978400394145
0.6951992863360436 1.2065383904088385
0.9290148364784145 1.7930951651225833
0.8045397046362014 1.5219241006843085
0.6757035111426273 1.3316262084711317
0.7330561059219524 1.3112916659983374
0.7238024335052239 1.3133830697111695
0.6781914361977339 1.1796268548161917
0.6773774466517936 1.156012286416991
0.8298599330773817 1.513442437849582
0.6185494603868561 1.062485202832096
0.8154443423256266 1.405475818948191
0.8037388478676044 1.5151782009771468
0.7868506341624233 1.434306620314008
0.7774549435298426 1.3040351483491237
0.7903599599200587 1.2936148626759
0.7749875047992327 1.3252086056012644
0.7627360448008071 1.387363546651884
0.8128555429647597 1.4087953057260099
0.6321476408778419 1.151898834563919
0.7655285668840468 1.3866350190779078
0.6864646569585601 1.1997922917074093
0.797622966360098 1.3384030627349732
0.8232159597071941 1.4463591990982896
0.76935362790637 1.4021746779576818
0.7562395057557061 1.3216371961516207
0.7314178213100847 1.3290866285792045
0.7493713477909523 1.326306824128681
0.7663655267698405 1.3980996354955928
0.7231644399433335 1.2845534570494936
0.7099336656223831 1.2422761316519857
0.7380878582767255 1.253428975831676
0.7831568735209486 1.4009428338158234
0.6503488365867056 1.1597636279815828
0.7526477107554842 1.3588956174414892
0.7176609169277142 1.2681350349005618
0.843251095402812 1.4593240320453749
0.7334213604385307 1.267446276922683
0.7556357214573624 1.3201667280968632
0.8998046822660353 1.6117562759315773
0.8369475385042132 1.4770007489878452
0.7022662812764615 1.203743096582289
0.6928185142191733 1.31418741260201
0.7595910518360571 1.3052774732805346
0.8233887260222988 1.3934803404023912
0.6775236927783914 1.2023853672530234
0.6964421392348362 1.2048574543479895
0.7116983834729019 1.3131472003485738
0.757692468403953 1.3545734577625872
0.6550807425828905 1.136989997611891
0.7084068129745008 1.2852958160913455
0.7989330203032218 1.3640534578615677
0.626227347580153 1.1135423392507835
0.629740579612245 1.077134902548361
0.8022388490635974 1.3857193115259119
0.8096848085165543 1.6475625970644352
0.8991174461318909 1.5298461629970268
0.7809006229658373 1.4780545364246875
0.7622300191419008 1.8873688721426052
0.6869152825419845 1.1900350425250927
0.6961316325800012 1.274977959251149
0.7147131563552814 1.3450718893924551
0.8985022264159498 1.785608130990762
0.7641271976482717 1.3056279484895081
0.7581568162513896 1.3087053538540794
0.7070493757021086 1.2298374290656018
0.8279378135817852 1.4636436260236345
0.6078392987134648 1.2230054259579397
0.798136135241768 1.411913149079915
0.7177038615620487 1.3504501387118575
0.6419305432212911 1.3075930356595005
0.7264286389412123 1.2650754566989977
0.7158378762115216 1.3018137430620034
0.8198871353983854 1.4835389983201779
0.7050212490275878 1.214626117671099
0.8096948467273248 1.3746903075093175
0.6979849314024391 1.1928952615394182
0.6949686188235255 1.2438249093358522
0.7205221333445007 1.305799813384602
0.8329128817420448 1.4414844361016665
0.7774825227103213 1.3127732245746964
0.7171143615377346 1.215200422627784
0.7360791121680701 1.3349797352953559
0.7553959552702899 1.351617549237118
0.7238603938235637 1.2968094615263275
0.8018471489130423 1.6948715908396235
0.7932186107317704 1.4202158393869753
0.8105301906513619 1.4094810798031094
0.8661442134991733 1.4326009990598236
0.7349855312193049 1.2765814392546102
0.7445070179677433 1.3368107727571823
0.6627360631145072 1.2166847994738448
0.8230620174570847 1.4337036962305694
0.8675165538388344 1.447598515103003
0.8156087586183598 1.4204810179454417
0.839279811060512 1.59575850061277
0.6880243521919713 1.203881948482932
0.7912788825157464 1.347376340699276
0.7533408564152442 1.4156955307250567
0.7672462023835779 1.3170202292539077
0.8899270197962741 1.528612257837699
0.6600977421246657 1.158949750102432
0.6551028944725128 1.153148016735885
0.7508325246045369 1.263924852586785
0.7810216819505539 1.3346979896402111
0.7426530613157826 1.4085863453993965
0.6246102705657054 1.0714494116183908
0.7940943382993373 1.3170461001831746
0.6372495665252029 1.1996089119118594
0.721342225186663 1.271217904122643
0.6464539227224603 1.1755734311936206
0.6763327252986304 1.1824332536089248
0.7057987121571527 1.2751346639380707
0.6584036233011721 1.1622293532275518
0.7851468409496573 1.302038707568982
0.7970442182264892 1.3956069045857487
0.6814098179224937 1.301255746814233
0.9248813573328979 2.9133043826946947
0.6805313702373466 1.2090025236887798
0.8406073026707935 1.5043080774968178
0.7532204741576722 1.3957880546829422
0.7990023892344436 1.3788563769004152
0.8120494783394849 1.3451155173993479
0.787092735872025 2.4925083506013688
0.7639689530542859 1.3421944775483734
0.7183218980071914 1.3323529161179448
0.9222131004810995 1.6653575536727219
0.6938787953130161 1.171669152686408
0.6345345215024141 1.083131979221496
0.8461260633427328 1.476959244541821
0.8133544591391993 1.3689170602938632
0.7094867995627139 1.2313952795906624
0.7112518116067942 1.2868090241118963
0.7389950267919867 1.4241447680561348
0.6174409631094202 1.0786066959543208
0.7420830073953701 1.313405370552409
0.7203933842514237 1.306673016723416
0.705466353940745 1.218635197163264
0.7613918032341829 1.300422313839601
0.6280603312148504 1.1405435546783809
0.7491159473880713 1.27992448436058
0.8207352383706321 1.507511260828287
0.7215172707668651 1.242234213156327
0.7441738888107119 1.3474334736763747
0.7694459756017403 1.3220845265885832
0.6927078383257766 1.2451527696623628
0.7883639098314151 1.4278377510379583
0.6779368069235214 1.2975091691386667
0.7894895672431452 1.3338305961228543
0.6072378973220575 1.0367437328895517
0.7702991761266405 1.3603649863767227
0.7979095624719987 1.3652194005870903
0.8504646834187574 1.6353275557697347
0.6515833777155986 1.2554847534129843
0.7644248944300096 1.3289577093764742
0.6953221575758574 1.2333282098597427
0.8568845955906004 1.6794049274633396
0.8004175607273144 1.4602038265103032
0.5841421631826089 0.9545583436262233
0.6021609009015539 1.0719676276407808
0.7395184111000195 1.3028479508772621
0.7492003450461072 1.271334807644724
0.7217195420172343 1.3251597510210202
0.7717289195289614 1.3801695124180475
0.7784563670855509 1.3752266437412533
0.7144017794747848 1.2548246317508127
0.8165060164310418 1.4501306629300494
0.7298197429036912 1.4560132592191708
0.7763190178969516 1.3472613423635507
0.7672494364282363 1.3421879732695905
0.7951377582259311 1.4485309748576716
0.7860317442892096 1.3428286483853953
0.7599506226147836 1.2968226286510909
0.7843566041173143 1.581336151386128
0.8089189793263565 1.4914730620127146
0.6843522958159742 1.2166741327680062
0.8067249147565264 1.3957137921705303
0.7942664196837372 1.3947432036939607
0.7701047325891426 1.339413099453717
0.7311836232765598 1.220694496752546
0.8057432371501468 1.410867144637859
0.6993061162781645 1.2005500222131733
0.8897178848616079 1.4865337143079618
0.8085814736817355 1.4193490656817978
0.7818008013144422 1.499221528978651
0.8007291005473547 1.4180638170280075
0.6981863927337906 1.51216965329766
0.7286205090560923 1.2695080669769991
0.7804493957565255 1.3489689776456482
0.7103836332847265 1.2516113396558792
0.8205109857809327 1.4379655047011712
0.7934553888629244 1.4067642076684779
0.6203180074123167 1.1139579532097243
0.6919912065404092 1.2103609776423332
0.7125286676051187 1.342592474579083
0.7714339128615809 1.3537605135925819
0.7164603308454199 1.2345455447533729
0.6781314574908059 1.174488486790647
0.6704002268534036 1.1237744304777963
0.8391567060268219 1.3966286153767413
0.7281387628913892 1.2676052666484627
0.7046089583597747 1.2128303166247287
0.810882586830824 1.4458929087817123
0.6675725965546623 1.1851247872720645
0.6800968348183171 1.1724381420294814
0.7937714898905263 1.3483532259509694
0.7145993109516307 1.365982799295549
0.6997853134446619 1.1894492864001696
0.7518400795246934 1.311478375646823
0.819189709266855 1.4161439733585321
0.7468312982723018 1.2872553967323301
0.7055200085467392 1.2276487048679163
0.6671483040292494 1.1606897849501663
0.7816054356964736 1.4124815154189143
0.7253594067353394 1.3106621237627867
0.7832994661812746 1.3057029429253135
0.7694031635907315 1.3346266435232206
0.6879162627667885 1.2001880944822814
0.7002789730149589 1.2048605546607023
0.6766872172830538 1.3059315855414675
0.7048330860916624 1.2129902519447398
0.7281999173232931 1.3386593318643891
0.9040927369333139 1.689458395792483
0.862117678876545 1.572961120660787
0.6542352588674889 1.1605242741502226
0.818734879082708 1.561416779317495
0.6349524661078423 1.1063968795220407
0.8977503728485893 1.5422535241608823
0.8218691998286322 1.4389233419378276
0.8011608840826708 1.3990560544246935
0.7725617048426847 1.3212010551505058
0.6900278724799394 1.1984208704515753
0.7717464787410144 1.3462143960341393
0.8150580570515227 1.3757648679591077
0.855329822447349 2.6626150491320733
0.6863857172437795 1.2163969168577122
0.7591816960422694 1.296823400079263
0.7751950052515852 1.375106780719932
0.6698343705388893 1.3420554314489033
0.6356219259400884 1.199958081489615
0.8073488997215558 1.5970323801911337
0.8053299264798709 1.3643054070059704
0.7097182363826635 1.656617534230856
0.7687082139915635 1.3013828742877631
0.7659860079464358 1.3851749538787335
0.7369824512037952 1.28876305977984
0.7449041329827637 1.4600669309231447
0.7899720043254931 1.7502269548564346
0.8236919583170247 1.4063595875663464
0.6695006202499431 1.1629478771076958
0.681708472248191 1.2083010999980397
0.8735348001790745 1.5331916045444012
0.8227995123375335 1.4543319512914574
0.7318433097761164 1.266758146216713
0.7166612060363984 1.3364517814814734
0.6926089759000436 1.1703802037976576
0.7904070995858661 1.4368866962083104
0.7129056591405041 1.209160481622904
0.704066764772772 1.236320229016752
0.8042832609890537 1.4847099457897537
0.8025380972009005 1.3817602482171605
0.8773588840184675 1.5753114398050234
0.8400917458810386 1.502468539227925
0.7574823139800786 1.2876772622013584
0.6452041547654456 1.1439368948772237
0.7950629337740125 1.4108391268007177
0.6835193696967772 1.227242059366997
0.6747797556443987 1.1480105333941215
0.7454660976993264 1.3145228380361396
0.6348708942878802 1.0923566377234
0.7131975019520707 1.302966093183139
0.7620095037081785 1.3475718169837345
0.722119239988765 1.2789879403086397
0.6712258938787672 1.1628414780088359
0.7522424825818328 1.3720622246779128
0.9496400895337181 1.6892284784217728
0.6635501001281158 1.254498566816403
0.6851625572874522 1.2381374479189935
0.9067605749140938 1.5292137666282928
0.726230634572045 1.3116346938766947
0.8285340458602215 1.3962223591360035
0.7583097971586441 1.4432429915660285
0.68152046243881 1.2081673311620857
0.7143174873589468 1.2461722610533223
0.8089398921662624 1.4831016085043696
0.7150149282182385 1.2575533513091333
0.8150706646924349 1.5181099955011939
0.687306202276282 1.1889654780177041
0.732057329362493 1.2656901409213646
0.6990419703156289 1.273580148768216
0.7289303644908991 1.2891228412604867
0.6208279853380555 1.1001944511623725
0.7237914909061428 1.3604297795750842
0.6896703915721999 1.1938493047374978
0.7675115212192791 1.3312873172650996
0.8123068457742286 1.5559282136655077
0.7472106027037988 1.3095719126161827
0.6766433743595555 1.3278497077522404
0.7772676466694977 1.3517088430306305
0.8025208226680765 1.7136782308038871
0.8033649224407745 1.5674004433034523
0.7580749712944818 1.3409155431463864
0.7020983444633222 1.2053252188524846
0.9284381427647077 1.6378810296395292
0.6989428140730896 1.2446224312352259
0.780211724283429 1.3723507720073942
0.6896315957026314 1.2347867096575282
0.6640410214003047 1.1827199558180304
0.8096050339233989 1.3590324410258132
0.7913378682335164 1.43003870328586
0.7631638794068749 1.3965230154568524
0.8305589075398894 1.5962437655969834
0.6397264775835604 1.112460696580917
0.640749939828214 1.1200837243790307
0.6739918685238874 1.1925487710969165
0.6559117106645347 1.1490977446748927
0.7495208070429733 1.3176170159135248
0.6968655352710246 1.2414328866883793
0.7258342142913955 1.5586351147073878
0.9063450000422879 1.575614673834556
0.7618419116663308 1.450052496353993
0.7035083298221159 1.2149531045377748
0.6663835760192385 1.1299005817014403
0.7312733469540683 1.2597852284143498
0.7243607623109868 1.3529083988768014
0.767361749530018 1.3222038232985716
0.8631854560150611 1.5466234377554944
0.7179164299250259 1.2920254448865043
0.8162774814376361 1.4131201818051187
0.8411003394480943 1.52607350526387
0.7921857616757364 1.476724889167647
0.7248914843873284 1.2273978739046973
0.9111777267997808 1.6742703875872942
0.7426801538186178 1.3351957811936117
0.6937891223198631 1.2561340477127894
0.7868497665064853 1.4231380266781382
0.7645591060933065 1.3826711455262313
0.7830380835474197 1.3152798131988588
0.7296356276315381 1.3865874213143132
0.7751414068183244 1.3564243510797922
0.8200810803687862 1.460133104470883
0.7751391139257343 1.360789408808912
0.7373710142307757 1.2918025882919912
0.8818776930527459 1.5341555843565127
0.7333326919893023 1.2519095098730733
0.6971583747188218 1.25350585161212
0.801119153481906 1.3655742706175609
0.6876366666511974 1.2356567979069029
0.6565763872595314 1.1297590353489038
0.6873525475597475 1.1988630821883977
0.7424166789789375 1.2550768743051914
0.6745545874604527 1.1567981623104853
0.7054396548036581 1.2229595613389552
0.7153700266773777 1.2835812207670465
0.8490666683369592 1.456483191651933
0.6648827611875592 1.1734097653987419
0.7373339651525975 1.3154492736037073
0.7514437526153339 1.287029883725985
0.8160124590705224 1.3624520465278447
0.7317600186570993 1.463312137770615
0.8017491066385967 1.3907011631784676
0.7394958831601001 1.3178613128098804
0.7705787001065834 1.3284789682846387
0.6850782699559071 1.2163106115302589
0.7210480078277166 1.2740565777734814
0.6989494031823649 1.1723596067388693
0.7618597606206632 1.3156489666897953
0.6431905127634572 1.2187909926095861
0.6654641239169636 1.1660606655877328
0.770513098545643 1.2971824566408432
0.8517677878435278 1.6380968352108938
0.6619830993797342 1.173341910517014
0.6927903050610793 1.2384199786272247
0.8789578498548787 1.6412528273241196
0.61521959267881 1.0516261300110707
0.804626912037997 1.3627343746496612
0.7361485231148797 1.330493366689792
0.780304759621721 1.3936643342931383
0.6537549144993162 1.1777520657391563
0.6882262844575406 1.1935955048881788
0.8969375542029924 1.467772151673708
0.7780140304880919 1.4293394185294992
0.6304115348162352 1.1313836706703775
0.6538424388239698 1.1306342394496203
0.7056006356941293 1.2330836682082496
0.7338266977261971 1.329323197316632
0.6709071134864807 1.1667094249483205
0.7377075591193284 1.390569314877673
0.7233309351846254 1.252664704720207
0.6566637198748679 1.1584255509685635
0.6696859946921234 1.2332660506359452
0.7243111348273531 1.3674508768337739
0.8314591841329099 1.4115606972233423
0.6760111466118195 1.1877765333159687
0.755172002349377 1.4432338361203343
0.6920904508696273 1.3708156398041065
0.8132928954384206 1.428081916416353
0.6519311349826205 1.1775791025689675
0.6938081710830118 1.341144585673235
0.7151355612696904 1.220826095957929
0.689923603512416 1.1630783042915658
0.7428960738016801 1.2769988608795644
0.7100297216490368 1.425485850174623
0.636167650245836 1.1365192530331063
0.8597071017175245 1.557456228550925
0.7713546497002358 1.374460065776153
0.6471915507191089 1.1352746077406146
0.7231286964584791 1.2606457285105348
0.6925631968948152 1.2713619777118592
0.7587201006085131 1.460365075274845
0.752958590966146 1.3734987472719005
0.8616326292632642 1.6832559201023987
0.6646679364453968 1.6342544667487457
0.6144151096906634 0.9986778241512771
0.74825096394775 1.40303212154828
0.7238409364359394 1.3180476552910398
0.8793832662340082 1.5281340982585672
0.7673050646112887 1.3177601227137625
0.6791064680669737 1.2315855537338536
0.7110993941807706 1.2855327902034057
0.6293615914118235 1.0804297322172234
0.8096969321728675 1.406282036630482
0.6693657867826006 1.2004977021320546
0.7738738596699976 1.4887272118838606
0.6426968806571957 1.166503857736615
0.626361274319036 1.0669626185021843
0.6944524770228065 1.2615013096913272
0.8096794026896466 1.4147104284415213
0.8319785228161627 1.3823154663637576
0.6632562841628281 1.1666581181453404
0.6333811424866362 1.0926019867302381
0.7664371164565127 1.3962499880869994
0.7219397022311778 1.264865582457368
0.6461745984065599 1.1074987750340466
0.7316525159216624 1.3150908780861763
0.6838387151684922 1.2304282938292492
0.8146273614436388 1.772334502038099
0.6821846597962514 1.2078403433409097
0.7734296039174993 1.3525281847149917
0.8064653736384998 1.3678931151968157
0.6947635193627417 1.2810911238676002
0.6746556317599464 1.207688003000798
0.5628427375520995 1.0759832216011367
0.6853000527466083 1.1846454750940176
0.6609370629189367 1.2074710244134303
0.7304709857155375 1.502287287234454
0.7958513607553174 1.3692840942588926
0.8807694815581163 1.512326314655397
0.7575044088471078 1.3848567986811025
0.6639843217836701 1.1406359529964718
0.7895618688419265 1.3508262324357063
0.6965981264039651 1.2672386570998764
0.8165939270512256 1.3890267963458869
0.7961854549376015 1.3626945464299514
0.7225052295389484 1.2805226261237008
0.7319754968984232 1.2705302020342508
0.7630016058559461 1.3096325942682736
0.6660231127943796 1.1454232949852012
0.7184606768416909 1.245067677919319
0.6751065172084753 1.184201087467473
0.7635809144026906 1.3833721118892495
0.7420242621507237 1.287018514371413
0.6771038700291925 1.2677847408995884
0.7950379930632062 1.494261821994299
0.8828635540046464 1.4962681742213944
0.7485506647944408 1.3335100394417778
0.7407103527235016 1.45701414275213
0.7784312879021343 1.414332971977434
0.8318229906644311 1.4743237651518244
0.7673211243476517 1.3923701865548845
0.7270461047307333 1.3428662976179966
0.7969767830217414 1.4242017525052506
0.7894662994638163 1.32296815875211
0.7559966310080044 1.3125221696885656
0.7967279699144272 1.3697242247601675
0.7500945459601693 1.3115488397765702
0.7412439935351529 1.3216478696448573
0.7093236727466102 1.3359983944746294
0.6981260097741796 1.1985626586355067
0.6875039171226849 1.260263714070256
0.7561686801437149 1.308263782459615
0.7594615780803766 1.517403543360822
0.7502538531471776 1.3368908467708138
0.7620176412520863 1.3252185557825489
0.7715717892154343 1.306655454393735
0.8075695371338336 1.513057514030922
0.6810301158348453 1.4427917716240506
0.6828532994489215 1.1944602532169426
0.6843479521694027 1.1643508353819507
0.79338672831737 1.3767222220244275
0.7077194531391078 1.266571741953392
0.7035053606285306 1.2658833021150557
0.7193952128553716 1.23264295251114
0.7417227192900214 1.279713350567409
0.6991939083877946 1.2161707906545354
0.6576684573066149 1.120189969294145
0.7230760560927587 1.2469611767422843
0.7911439979882764 1.423941768014425
0.7685475058850132 1.3256808772059285
0.8661653459968609 1.4726583879833441
0.7130534318944339 1.3034735376299604
0.648943461109184 1.149438059146276
0.8023567716116906 1.4477106818292422
0.7445382701933294 1.2860588838238203
0.7173685105324231 1.246994412593378
0.8152661077752426 1.4508481088512069
0.8675740319465155 1.4794444216270257
0.730544497409763 1.2404337107134125
0.7414501779258582 1.309292288671017
0.6827940751771776 1.320908137269023
0.825313786720186 1.5334246056154663
0.6480343921642668 1.1192953505421974
0.7010646001724911 1.2640773884796737
0.6506159501008679 1.1058996894893471
0.7133719651755 1.2675037096006965
0.7120899586780869 1.407152349736272
0.669400762995576 1.1349829099947566
0.6839986751537498 1.1734248911988359
0.7996164308787043 1.37835693351659
0.7797585465463205 1.609463428363719
0.7799771030876305 1.3264320340626405
0.8133208035236269 1.3649174313468873
0.6880548741058895 1.2209825079833003
0.7378370486542212 1.2762538054210268
0.6333859165765585 1.0962488826405765
0.6533001017281405 1.1330279839958082
0.7283161137947146 1.3149671779814955
0.7461181668917494 1.3546167886551208
0.6572923873083034 1.1837231923690155
0.7171974650271379 1.2621532052467463
0.8108775656601417 1.442055593151175
0.8663612439691808 1.6264537334775913
0.7888149397664316 1.3594691636137306
0.7402868815691863 1.4315859115152532
0.7413874878088974 1.3181224127158806
0.6842973416847205 1.2351725848650807
0.6024280901137812 0.9847854263709499
0.730072197172508 1.2549730956680416
0.8267936440389279 1.4370175316586797
0.6702972210490125 1.2277534173416238
0.7363713768490141 1.3429163114904916
0.7646257875601158 1.3213845036479888
0.8023711241277471 1.3892571987714064
0.672821525366629 1.133616106916682
0.7309286404441914 1.2725939175483656
0.7283957672082642 1.302217115495893
0.6974961051599945 1.2192674612086514
0.7137432612023796 1.2597062654668343
0.6766476125327692 1.1772443778629205
0.7606710062843483 1.3452867695050394
0.7225535558748493 1.2670116692452913
0.7886353974521133 1.4542485366256337
0.699859770330566 1.2364526181333724
0.6504921126800329 1.1137305159070217
0.7772319087954528 1.4300244695960789
0.7459624267005307 1.2408817077378915
0.6284580717769883 1.0650174290529941
0.7923582552764866 1.4800261747691765
0.7590364181268454 1.330915437917489
0.7625709890641033 1.3522559690670093
0.6679200992863921 1.1196537760620404
0.6597736530921356 1.1269955855688314
0.7724219809307717 1.332632246805695
0.7365301476422862 1.3211799148183563
0.8376502755357689 1.4783231732176247
0.7830570968327131 1.3253534379234984
0.6403026601522883 1.079446953660194
0.7899670780370461 1.4840318878728955
0.7385139189641021 1.353318198146713
0.6834859385053444 1.2654771093254462
0.7165601184148873 1.2763956861900767
0.6609935540852694 1.1844999211900902
0.6621255914753333 1.1991985902653024
0.7320246067810583 1.3658804273138798
0.6783647700405706 1.2653049108165164
0.7117400906675357 1.268241219215346
0.7456074292714914 1.2647629195558319
0.7579190497488846 1.3554392994663902
0.8320333140179935 1.4233499346011023
0.6904664485211451 1.240670552374286
0.6549828651143286 1.139541391158891
0.7963909951827933 1.361476281954193
0.8037054840474507 1.4111296784788545
0.7488931121361444 1.4679606551474016
0.7254045858376533 1.269548532048694
0.7783647823831221 1.3938831089203858
0.863518131848653 1.5256232729427368
0.6905838802472418 1.1611499245049943
0.8363292679610246 1.4923844008699145
0.7926629843548056 1.3801156464512578
0.823607374098184 1.4460993565638205
0.7662424602297027 1.307776077030895
0.821648215680677 1.5074331275485258
0.7186885472860195 1.2799598440952467
0.7337568609948995 1.2771577458914254
0.6733373772633713 1.1915285380640563
0.7406219266408387 1.3375105227028663
0.7087996635794358 1.235192411239948
0.7228793628296296 1.2923478374254755
0.7407288623341567 1.328527097639464
0.7089782462177519 1.2324622738971656
0.7237655951195848 1.250956783339214
0.7116398444885587 1.2522365041641597
0.6550896956640566 1.1460229751808106
0.7565760510180797 1.399725138997582
0.9213413446871878 1.6478951758635076
0.7927893331051099 1.3795826315208615
0.6854492644623319 1.190924442895831
0.6542988211681685 1.2129090980111226
0.6694548786812455 1.1543994596890355
0.8620723418648439 1.552517387848762
0.8698886495996976 1.4497334984644834
0.6391208816201635 1.199517671429084
0.7111767288144198 1.246598479659509
0.6460066315849056 1.13899267498318
0.826132446662711 1.7894961561664418
0.7542958922075937 1.3829650447742363
0.737691940689099 1.3265003675591487
0.7102564905132495 1.209162476976241
0.7021258367157645 1.2147889488572923
0.7453205312846046 1.267964217465565
0.7498116286823571 1.2889198852456896
0.7739209371618937 1.3862184241768674
0.7954686374854574 1.4331309105975154
0.752345752730857 1.2874812021296076
0.7168224077960927 1.2564071746848995
0.6682511894675549 1.435792064184311
0.7485469443165503 1.356689161001837
0.7863914751393891 1.4032354196962018
0.6742789657909408 1.150084730290105
0.7012965171430035 1.3763421253739305
0.6977298495513558 1.2102126154687003
0.7482828025550252 1.3127835170038196
0.7604351633598849 1.3113347960434345
0.7111786028561986 1.286427580793684
0.8253094907755779 1.4477605825837294
0.7470074694794491 1.362941994425518
0.7721176120004594 1.3231803467748453
0.6748844083966454 1.1761155304383777
0.7620668328557744 1.3002334669753939
0.7383085693963769 1.3098179528604492
0.77203070006417 1.3149098800219121
0.7704988613274364 1.7430149971908357
0.7794679839447624 1.3855832855665948
0.7505948616893215 1.296921718514829
0.6374894727310976 1.1524900636985114
0.9011042135884786 1.587290465731975
0.8477105724338929 1.530781306748945
0.751651128649938 1.423726202924653
0.8097716524241837 1.5651228498874372
0.7140398345967756 1.2666224043328822
0.802104349288738 1.4326576620866507
0.7450715099612301 1.2987284023210055
0.8329911005966473 1.4672538165960243
0.6817562526618419 1.204612391224245
0.7686789739655973 1.2903617438030772
0.8271525606577483 1.4508319119630289
0.6766721958938559 1.1975054165225523
0.6635065823818003 1.1905344852853097
0.6908737526468506 1.2149924749287624
0.6117369142771415 1.0421132531806863
0.7849398914916934 1.4787824967779306
0.7643565585286431 1.4048520317233872
0.682359999500227 1.2837813135107505
0.6884211487389609 1.2349633688173567
0.8304234803635119 1.520524586993408
0.7518559676157966 1.2946222928164688
0.763215885170807 1.341678143796061
0.8040597825613097 1.4090356692244765
0.746930437832912 1.2871898628007687
0.7535290430971029 1.3139074093631742
0.7887030179091407 1.3579050918348945
0.7373117643106172 1.3762035171332094
0.6815291183218428 1.1810763701252511
0.7280756834195069 1.2429551922754871
0.7379079758249043 1.2486388118218792
0.7057899108696382 1.3612110083219384
0.7383325200012893 1.2893716149890904
0.7261470421394793 1.265828891846064
0.6948072649461721 1.1790459623822527
0.7620313603325954 1.329481777221785
0.6481294217192051 1.1476238048687597
0.6461867920226586 1.263213336171922
0.9112496345305114 1.5114151368748674
0.8178423857989773 1.421695410044838
0.6706477489973189 1.2162197827488046
0.6997739178762661 1.337802235648993
0.6969408061016937 1.2118566871996197
0.7343095317513061 1.280321601015478
0.6730786656252968 1.3197863199286342
0.7174284886472798 1.3968132432638425
0.8152475989311809 1.5495798491397135
0.6934127295599164 1.302468126372795
0.8035577308720739 1.3692492871745428
0.8115579603411186 1.4733369708366364
0.6733632012407887 1.1878462181037295
0.8544433739742782 1.6446252614721373
0.8087711562174872 1.4239955150384254
0.7952007685203742 1.4781530239698344
0.7558211921007095 1.3248523079096417
0.6489128455676421 1.1457738661218397
0.6547112114642518 1.1293744700816155
0.7942218043097433 1.408853515547586
0.6815309173936447 1.2387693678390261
0.8031906995071925 1.3426057602447925
0.7522370902187716 1.4092353780455535
0.7399209025320802 1.330573297553957
0.6605490048856747 1.1858920224039218
0.8345530903049951 1.4682007123517191
0.77756068896229 1.4662954991900716
0.7126001508800464 1.2355925149349818
0.8426682520349831 1.476763702389061
0.7117995988556588 1.2553704515457311
0.7570782674283945 1.3425367199029252
0.6434370556134336 1.1243697616796688
0.742401353782826 1.2852077957076693
0.6880836494042657 1.183941332242754
0.6973240350258914 1.1837018733180742
0.8396543260899024 1.5400014254189478
0.7187953095652736 1.297844196161142
0.7679868055722546 1.3399171442169535
0.8942614822388473 1.5879972749770668
0.7108330434037035 1.2865422734208822
0.6766432543881579 1.2084883110188616
0.6191482185875834 1.067368727667204
0.723191592681498 1.3042467905978814
0.7921743990057719 1.4030626849061045
0.7266827974481284 1.4219629397749585
0.7048928199165597 1.2172540060168258
0.7569495973617307 1.3733624175429409
0.7813222363571053 1.4061650809771984
0.7619495722493352 1.473670803787083
0.6575357147678615 1.263079904159569
0.7225967602867386 1.3352869030573318
0.7191208228829289 1.2962339833478869
0.7127286898276286 1.2978000126391458
0.8488825848466435 1.4918301844516997
0.6775563672988791 1.1696696927485988
0.7228138578962586 1.2695949029971536
0.7048846520149253 1.2050699492145027
0.7245575702638742 1.2638706085598477
0.6670121597665417 1.166873028189297
0.7667074622796216 1.304341468849913
0.7327738195414755 1.3040207528465544
0.6896871198919907 1.2471174545482757
0.7826388321718476 1.4275461950644972
0.8324078491921327 1.3897030621562418
0.6355804025613601 1.1369046087446169
0.8847218443208951 1.480620218242191
0.7828767236517951 1.3074004496908114
0.7768882135317521 1.367097860332862
0.7563441975218487 1.341370895194959
0.8162812660591422 1.851462883074246
0.7814024232507647 1.3889009594131236
0.6882603699229303 1.212569530573281
0.6708898781149903 1.2296137508306693
0.7640181446994794 1.3445234406066313
0.680411740468486 1.1821413989916327
0.7277698024100754 1.2672525094387355
0.6772105646727878 1.2701955966480258
0.7588034261460789 1.2990420501115
0.7724591721098063 1.4524411175939367
0.7712497261860399 1.371973802357727
0.7345281166358374 1.2682579962697351
0.7449244594550509 1.3015918662839874
0.7659179730461649 1.2971247973018452
0.6357197756908841 1.124666698668856
0.7614744351015914 1.4921905813289869
0.8879296420907382 1.7889792909930122
0.8132429512020032 1.4479357242863689
0.6691741627521809 1.131712430163403
0.7736905860192224 1.3280948474803078
0.6754965362715584 1.1607833939394718
0.8131107156647341 1.4309145389643287
0.7194414410336814 1.3017072390085378
0.7822862325792299 1.345792868583086
0.6462291778923207 1.1063506802510366
0.7099910451329853 1.2491003856757237
0.7476445740686527 1.291428185815382
0.8332731563037484 1.5120242748141668
0.6658351356386408 1.2093474198911742
0.7574145746034208 1.2405369140193494
0.7435396733114397 1.252438729639835
0.7453962349371406 1.3003713635096807
0.8309399392886992 1.4206116382955523
0.7917504799013301 1.3643387061562882
0.6359395512536733 1.1801133253236828
0.7634223199571003 1.4807217071320355
0.8168890659836904 1.416891768255026
0.6476803658977857 1.1195248272246576
0.753513270633189 1.4779055383136508
0.6462590548803022 1.1647677081337837
0.7116781723312648 1.2123182831740467
0.7159022352525171 1.2958169102476735
0.7405832687518299 1.2694967875972116
0.6304740965252535 1.09220451381848
0.8027098245510642 1.3601112022123671
0.7960651001580198 1.353716737234451
0.7485919309824468 1.296818582674526
0.7347048349659522 1.28839905757942
0.691247581002779 1.2164845453288071
0.7074770396318398 1.2740351245448334
0.7023492087937997 1.2246541304168
0.6493856759047962 1.1427304178546218
0.8172804715279294 1.3870319677274354
0.88314235704293 1.537419822561538
0.7890838956681765 1.3213526387887526
0.6505365920251767 1.1113565220374118
0.6595264494104618 1.1401031568459485
0.6954902290487066 1.2356099950987238
0.8047751551067329 1.411705003281976
0.7007212221918896 1.2412257760635137
0.6783706138804604 1.1717084718394981
0.7247861794946654 1.3079929902738165
0.7681484122924338 1.2942230780264459
0.6965906388426637 1.2379923178237657
0.7014920021188147 1.259933657115487
0.7457421036321064 1.3550375167582849
0.6811710621011986 1.2162951693489492
0.8143078210787219 1.442292808187252
0.7861643603967468 1.4703732555995392
0.8461391951462187 1.486038248664625
0.7317251101745886 1.2547157185499578
0.8714497242158188 1.4422454281480972
0.6559878698642096 1.1158922957212825
0.6426308062532596 1.197548798964855
0.7250003022302229 1.282439471232775
0.7896729112454447 1.3643581727771994
0.7307976772475954 1.3484384483713947
0.7140790120272842 1.2316967008785284
0.7791357814290626 1.3307476374067382
0.752752152169269 1.7601930597420388
0.669446599831364 1.1513340211480094
0.7490573016833755 1.2998219252323264
0.7479916674087421 1.2911302990668472
0.7645610493568684 1.3459915760841956
0.7179844909647224 1.262500726189411
0.6634278193937239 1.168249360517212
0.8596904109487986 1.4218929496576278
0.7722193846453224 1.3914556079807912
0.6629148462893446 1.2304425683143838
0.7416501822348003 1.294956508055336
0.727241082887665 1.2725457641040179
0.7838200931912458 1.3162058488175326
0.8100791549454771 1.3916194163542015
0.8411715530910604 1.4362689213446718
0.7950198645981127 1.3792044726116366
0.7678267296594525 1.3525821750136462
0.6962048805979498 1.2549801131455205
0.7604893614457784 1.3648005383648
0.7526528158166128 1.3036585036528132
0.7111260937917672 1.261051941783154
0.8345970471529688 1.5014803675430077
0.6479276381501563 1.1013583610928634
0.8039638721617831 1.5522064732206666
0.7531923873394912 1.324629460168397
0.8189378415946551 1.4361736888482077
0.8276062836621412 1.504873814747302
0.7821692806138062 1.3019834358477786
0.7010114108627732 1.224341727405366
0.8281757934831356 1.365329146014998
0.7730748878974334 1.4584117295351438
0.7867335446310894 1.6423309215341773
0.6820262437990999 1.1975035852302511
0.8099960780164037 1.4530329261476715
0.735593323732419 1.3136359544947656
0.735962855920941 1.493499897624932
0.8899483363882503 1.683261163378148
0.7871543092383204 1.3494591019305906
0.7609380337583924 1.336317861154588
0.7334294265897454 1.278799392912207
0.8011936590159858 1.3350482138761552
0.8162239931358347 1.3899483806372017
0.7386605899919152 1.2887289319502635
0.7586154952607659 1.3182956563297625
0.7605751421915334 1.2873472630241003
0.8371818424783435 1.53629223831514
0.7127941559318246 1.247371641378241
0.7719788505566723 1.3887160725177654
0.7206800077023552 1.250506676336152
0.7340050445989393 1.2454281475141802
0.6876050526951125 1.1971910833845556
0.7008990751128943 1.2315053760489547
0.7878620599818481 1.3330674561192224
0.7046047116923965 1.3233824818128523
0.7587237126219526 1.3100414239244358
0.6810255026109318 1.2525555611651642
0.7716581591576805 1.392721767453361
0.6997316723845973 1.2615858708656735
0.6524364759729525 1.1481451564175038
0.7689663271344361 1.4161033841826138
0.7857008850752651 1.425912604776906
0.7653512508373126 1.3265938801730368
0.791121320205203 1.373474951760508
0.6186698605801294 1.0767336831599756
0.793262769116371 1.4918702850663275
0.7696698146856799 1.3301841896257338
0.8742872178286584 1.5255313445740382
0.740056615578574 1.31796738920515
0.7824890459582272 1.4261858130003442
0.793329055413225 1.4000321941673342
0.6680840831545456 1.1797597727654154
0.7608783559088494 1.3128135665003704
0.8157610614777334 1.4467409876778392
0.6558002792789153 1.1211026376580087
0.8715957563717649 1.5514525209741303
0.8414365950835523 1.4314434374043983
0.6245297767579577 1.116591662188007
0.9767409290386475 1.6249503439146489
0.7853380851438047 1.3427314630314464
0.719758018681822 1.2148531877792028
0.7865591691643556 1.3935376152148202
0.7057189832912504 1.2210347881632262
0.75841570044035 1.323397491115458
0.7640282280983554 1.3286881158570645
0.6115702884860139 1.165156608354068
0.6460451440901196 2.084313070173776
0.6386418122025094 1.1088743127578442
0.6307364143545315 1.1475346747791795
0.8111228878829195 1.369075157512572
0.6637240710903349 1.1339482173048379
0.6823715800048143 1.2185076918446782
0.7910299032440581 1.3574337692315477
0.7610434538868418 1.3018846717924024
0.8261901660300947 1.4221255169640132
0.6941673182971242 1.23651783312685
0.7304612297576123 1.2665956324643874
0.7191683548062676 1.2475238242121987
0.7384386363686308 1.2945224922276155
0.6489464093940548 1.1140063458833254
0.6899469730199798 1.3826655194753394
0.7954671774464281 1.4379041174233744
0.7091542126338746 1.2165674281892858
0.8109620660693292 1.3916887563181948
0.6922741468116576 1.1880837470121222
0.8187833520383255 1.4208606481050445
0.8005091008226645 1.514023849065596
0.81197678777438 1.9687909572817035
0.7308515286586714 1.330615410438833
0.7790171822973428 1.3871036064522628
0.7488033522599497 1.4021974559987478
0.798953753345526 1.3842568824839137
0.769874487836758 1.3297821253949549
0.7664293306275828 1.3452329906831764
0.7698484292263654 1.3800168807232318
0.6521202407000132 1.1918969515560833
0.6645861278630787 1.1208265727600206
0.6248315906660367 1.1289151412350276
0.8117557159573898 1.3774158355730872
0.8088371857817636 1.4410566288757536
0.6645615766097039 1.1933061423912008
0.6263231199569312 1.125129976904082
0.6890393997495485 1.2768847074884642
0.8547636532989773 1.5297999135022802
0.8428368294166946 1.492988856385737
0.7652043871277725 1.4355081731011161
0.7748164616928459 1.3567302969103465
0.6432565591664677 1.1189494662524873
0.7536631821370552 1.3888973650172027
0.7420517924717865 1.3298474968446585
0.7027313851417235 1.2204763561471876
0.8197502769346867 1.3832390168670379
0.6871373320867457 1.331803586911252
0.6831793010323136 1.1936830824579907
0.713634613967929 1.262737700173596
0.6924210827917046 1.266418947956652
0.7549657099690008 1.274117555151676
0.7012766404080009 1.2294926351369253
0.7394480308333684 1.3528335588790665
0.7250342268674288 1.3971623794463108
0.7782877408851057 1.334964171550363
0.6873135881059582 1.2297312735114274
0.6571815753210447 1.1526088908974268
0.6736366502004962 1.1471163076618058
0.7655207723065164 1.4461831434601624
0.7948539211876083 1.38729614031109
0.7057088146223134 1.2716975686967191
0.7703673973886623 1.376884158421098
0.6159899313836502 1.0047212416433782
0.915223448986658 2.063763064530173
0.7792943495849081 1.3281889982228294
0.9224348613900102 1.6084484263561265
0.7505127612345284 1.359351443923578
0.6895022339722461 1.215160624740312
0.7940800674754572 1.424558856670867
0.8390011669037664 1.4354691617604352
0.8037712961167527 1.9591646925781798
0.7992379073056387 1.4761527593354171
0.689285690542492 1.1886264771337265
0.7288422197240202 1.261551496595435
0.7059600766443392 1.2414484486625221
0.7032001311398913 1.2920002472542171
0.753520237543318 1.3347767486262943
0.7332019114661862 1.2626961122940652
0.8086545142658406 1.377581690188166
0.6306645873908137 1.096902231215434
0.7429294944559661 1.3096058104384414
0.6887880840222043 1.2536590633805997
0.8132244512821286 1.441686244774235
0.9006603287869641 1.6655585418504222
0.8027696026333051 1.3866169409982898
0.7691527252303897 1.5145278577451387
0.7365736628873256 1.2549111745635981
0.862002245001295 1.538587658097861
0.6825315561570313 1.1925443498872095
0.7963684347285199 2.597987508557275
0.7664825163280915 1.4039959011526593
0.7696719975014629 1.3571276498140161
0.7933144401005966 1.8495246359036897
0.7885202661241855 1.3297012739929912
0.7750114909708608 1.372454190328204
0.7143434104271573 1.3510274436416752
0.7118917761190633 1.235557803001996
0.8755783942831558 2.0903293471810125
0.7225866883580627 1.237045762096658
0.7345399663641026 1.3605610418391145
0.7595604657752094 1.390521924026924
0.825657545595713 1.4353143299309161
0.6736166881291141 1.162058015935873
0.8201154583574319 1.4651290625928433
0.7034263483985386 1.2137602825161666
0.8455271172445135 1.489085005886677
0.7485291099392789 1.2684392327127323
0.7272413606464228 1.3180452784582357
0.8312426211947264 1.5895143281850455
0.7757991610999071 1.3525073009380781
0.7183614453818845 1.3120978983108755
0.7507796668335653 1.406738633142972
0.9029029623908129 1.6067181771038397
0.7739730129426119 1.3432834846409012
0.6710719906411179 1.2373501947453105
0.6799880072509027 1.1560388469050058
0.6482572248407331 1.1101984141672314
0.7253873343253948 1.3405123011399132
0.7078283847867369 1.184052991329141
0.6850850845038692 1.2934337072714603
0.7161220079111892 1.2936875507514025
0.6650282911344144 1.279813155926621
0.7618547239508664 1.3327693560962253
0.7286681274671063 1.2991407362748872
0.7655082829196386 1.3107280706165088
0.7252688787191356 1.3610287006883048
0.6667682255759473 1.1513265743245447
0.7219459663602822 1.3438450278048661
0.8827021867607383 1.5271338023004821
0.7190492522495213 1.2514407748038205
0.6871733256135498 1.1763962860640012
0.6982464532119784 1.2067377249895055
0.6696712612895557 1.2190388556477951
0.7057274276392106 1.2327241509460118
0.7653021641945612 1.3573493229049827
0.7413357543698493 1.3060086854867665
0.6289330974463114 1.1345249358318157
0.884202743990094 1.6816361627730174
0.8020777281122424 1.3413933082070066
0.7996268030354609 1.39481646401729
0.7599243389529389 1.3523013463264193
0.8074275541689402 1.3728638866897338
0.7045355070167129 1.196029991443619
0.7957555323021365 1.3915691117134816
0.7650604559674758 1.2981603456570363
0.7758822941542651 1.2967731856053208
0.7364763492260782 1.291586022014037
0.7894373223849247 1.3484906048224259
0.7298164594054699 1.4910564294104836
0.7642692858857882 1.3172948152548947
0.6677209369619863 1.1719293652006337
0.8096181612083616 1.4548269020566966
0.6517548593406197 1.323663771894585
0.7738433677547092 1.3646192216523816
0.8357702066688126 1.5267974414216072
0.8393556173111163 1.440429451488043
0.7068912128090944 1.2024383933237615
0.6916006198368497 1.296413332883736
0.8886434959857116 1.55937913378933
0.6997629635582702 1.4493862912409956
0.7012444127347879 1.2266679143640715
0.8270389417643187 1.4499585783426232
0.6925208926582328 1.20747980235388
0.6848239515289065 1.246598722177099
0.6505519713887745 1.158347595326633
0.7396662412676851 1.3456920560188643
0.6947790305126578 1.3350834399264642
0.6392114650759071 1.1187847620283538
0.6657340830139451 1.2773090952331188
0.872445691681545 1.6515811899462434
0.7582557763022713 1.4573756100286053
0.7424113578517062 1.3052684871726015
0.738595121856991 1.316740204415038
0.7393208471196024 1.2904466886564239
0.6941293524316043 1.1846898270894644
0.8918837457483484 1.6533088480782596
0.8023904682559382 1.393374497367677
0.9123120497630641 1.5524220661307875
0.7214115052333213 1.2907537134646334
0.7688026493091003 1.2954879178118746
0.8823025160888808 1.4806449480440385
0.7385387637229404 1.415651322746565
0.763878097747372 1.504885373789113
0.7259391026749414 1.305664896595269
0.6912747023890834 1.1883615289815794
0.7467441688482996 1.5026088971509455
0.7055451904375012 1.2650821680407471
0.693693125930669 1.2850659614120494
0.6900866822909306 1.2907434194436207
0.7124670207774864 1.2794895378036801
0.8072173173466082 1.5961138964621386
0.6951484341650821 1.2158379380290742
0.7340625914070275 1.2941767607762737
0.6688171763691662 1.164936274272521
0.6867695634915107 1.213677944902082
0.7643522540763095 1.3080688241391698
0.780641815872938 1.3859643610886656
0.7587535124606726 1.3125851080633966
0.6610100493297203 1.157605613879233
0.7858808533786406 1.4231830565742567
0.6846087361542523 1.188694032129313
0.7710501836330694 1.3572456929460996
0.7160127482905352 1.2370332342788368
0.9125533956998404 1.4940504439964772
0.6776926349854823 1.2280796843299262
0.9412380576939743 1.6955671651009392
0.7560470404535147 1.3079468162209025
0.6583505140503583 1.2308731093354128
0.7535195636929849 1.3225986228410649
0.687756821117239 1.1846687919894257
0.8819880505752848 1.543894246741594
0.7127801887597601 1.2768941568535095
0.705112283393028 1.2307036754009881
0.6820718343749346 1.2007304728600063
0.793813487415361 1.5734995534223577
0.7839355296569788 1.3373414445012823
0.7494953041475054 1.346371590015555
0.8179022898234524 1.5088328796498978
0.7544326949623679 1.3532426399682405
0.7367528936883966 1.301788219055727
0.8199442104081349 1.3760943406784205
0.6887255485193821 1.2189556914618402
0.6565171307868966 1.1805563622004134
0.7642290911623371 1.3775777707202128
0.6769471383315286 1.1713173273250215
0.795213052408505 2.060506430336163
0.7466118726640314 1.399797883647496
0.7190876086429636 1.249650271572506
0.7950606107044325 1.3343527291378692
0.7202723992756566 1.263154724296351
0.7679394118714802 1.5198719020096156
0.7851690947940231 1.477619130990894
0.7584127853716035 1.303100798264599
0.7232949978879525 1.3401412479326567
0.6995888379170447 1.3001187559217013
0.7904115948942521 1.385348243835992
0.7619488550863656 1.3340504511294178
0.7767859322250696 1.3402250008213257
0.8160848699732998 1.4267579390467073
0.7592265217365328 1.4844993626191108
0.7385922824560209 1.2708597630018217
0.7940559751697065 1.3588735014304776
0.7806062217613586 1.2657782810578202
0.7667849959451563 1.3794763487117243
0.7366381315146084 1.3290070344281075
0.6127323340225214 1.0771556593860234
0.7166904970195928 1.2626248692801605
0.8199571064451472 1.4918283005752917
0.6419968836309957 1.0899578907579266
0.7410634140293468 1.2963484730956143
0.8718802148867257 1.6378522155796724
0.7073349734353063 1.20466641620125
0.6855597545478962 1.1799340846674446
0.7809924697840605 1.4111303480157789
0.8130317746314335 1.3876645853090408
0.8148008322746452 1.3670442909779341
0.7406071140756174 1.3366121708445355
0.7335902461534762 1.2927438317259459
0.7445843240236988 1.2697003342921533
0.6913709567616726 1.2452268805364892
0.7017480257192996 1.2085788982414323
0.7465936590145141 1.3123463109192208
0.7015806391194671 1.2338800788585396
0.8252880513892666 1.495552654189196
0.7041738836551799 1.2428909559817727
0.7742540645573297 1.4946527086878438
0.7824641729769931 1.3254259680802267
0.7779728248064768 1.4473800798983079
0.6361604888239052 1.099179853804222
0.6708798837909218 1.1745529544352942
0.7355932996857542 1.326403041699848
0.6186315015720575 1.273229989239964
0.6382779561859591 1.105382704142188
0.6195782283240869 1.076604738683388
0.7293329558686248 1.3744289950518729
0.7142217091249976 1.4346211851149526
0.7052605771547245 1.5162624088903085
0.8891288681058171 1.499381342101941
0.7270509303149005 1.2323413375688121
0.8107239786878411 1.4677370502672358
0.6750590699085144 1.1736252955941842
0.7626782340715629 1.4087696089817758
0.7605826058846654 1.3684471383235766
0.819200943152815 1.488551144074508
0.65550683078458 1.1237121727524637
0.7093584855688274 1.2624725079622443
0.9850764519547739 1.6744183600653084
0.8016884082802157 1.3959950562077452
0.7305180234607965 1.2381174937221204
0.8057101608035159 1.5590934069353901
0.6732216200895491 1.2193927090611976
0.7401601835724312 1.3462383472722066
0.6810185530988859 1.406863122671766
0.6588544405335521 1.1620402511340426
1.0391228873988383 1.8349711569432512
0.6659650525620848 1.1649048025632782
0.6599045609380884 1.1620708447861197
0.7589660378478906 1.314648662135988
0.7335854426407333 1.2651704122590617
0.7130351597522312 1.2513836384041068
0.7008524103929761 1.209461668462347
0.9302041983102105 1.800094822757293
0.8158025691801403 1.445858051986963
0.7486387595961429 1.2611005059012983
0.6321876434450583 1.1145939943125718
0.7531366482436346 1.2652630265447453
0.701286041613419 1.2553358341059455
0.7722453019709138 1.316539681598427
0.655422285085541 1.1691814312293114
0.7683261144526741 1.3207800723359524
0.6367669038444814 1.085510768479561
0.7249444032618633 1.445421994299338
0.7287038072797775 1.307704168563231
0.7143805830283508 1.3068322443489326
0.8299871152513537 1.4370662658583369
0.6450134848520299 1.1372962759260012
0.7299085540857618 1.326460824218713
0.6872061804312123 1.2471555787813853
0.7424855656074063 1.326152943971922
0.6543650907715874 1.1748964727253082
0.7580726845806364 1.3200495664094378
0.7447825365626681 1.3073836549680706
0.7672512184031997 1.390590573627805
0.7751516719853474 1.3409309765043513
0.7450011730293389 1.3166498289893112
0.7462409701633508 1.3098489657886827
0.7630052865171322 1.360320422978235
0.8455812856583151 1.5492239445229825
0.742558918443546 1.2750703450513088
0.7494723045662304 1.2934219444587474
0.7257402381910942 1.2796899326607227
0.6696147034040484 1.1761231497079438
0.6713969756336223 1.174659739990966
0.7464741048053181 1.3227930828916143
0.7114875562574314 1.23695912558787
0.7727110039614558 1.4137830955003658
0.7283758027446903 1.2714066110265712
0.6695502464350968 1.165924271558986
0.827617528934248 1.4360333035680726
0.794296414120622 1.4334789077129686
0.8517271329084785 1.5168643701788964
0.8652210593344378 1.6848392018667937
0.7807857074362828 1.319363669068966
0.7974631211850864 1.6667637894293619
0.7717261506507613 1.3083509154800141
0.7763250008935205 1.3844338242239635
0.7153345619294625 1.272628774272238
0.8540354085758614 1.5268567235075547
0.6814517141645045 1.2055618023449084
0.781338317141265 1.3003833530299378
0.6887474568280764 1.2501512421033305
0.6219784005795175 1.1587087782876395
0.8202125009713215 1.5169900193569994
0.6332552400973698 1.1395659134758234
0.7588456563104358 1.3386944131955383
0.8419243680720483 1.633971106627847
0.7875250016953432 1.3526764835143028
0.7880206563979415 1.4880278772801834
0.6946500876138002 1.2871618931352344
0.672695516461861 1.2107334140596802
0.6672660513719271 1.2071644080893762
0.5988795519510686 1.097680461333698
0.7968533884337975 1.392879665231248
0.7746724143080762 1.4831210331201718
0.7116686445633505 1.2369261254606743
0.7443891601673895 1.3361531437124323
0.7303146632675257 1.2352680450590863
0.7558668886324864 1.3682859221049508
0.7177248997316631 1.241139476971372
0.7637442954049929 1.3588911813969173
0.7511774949420085 1.2695787925256998
0.6958077447618259 1.1963086513566363
0.7221112321541682 1.27100951227023
0.8508967304682256 1.482801775436191
0.6818561346002282 1.2057220911261384
0.7912287264768768 1.2979567208603813
0.654161189310608 1.1829568217624065
0.7532611004730148 1.3212632940615083
0.7175285491951938 1.2457758388001723
0.7862096831493017 1.3690737314783437
0.6858545370940363 1.1864839009721735
0.7368162119483181 1.331953285563066
0.7118173546791337 1.2217670777316965
0.6620348755240453 1.2364559629505303
0.6145605098751672 1.060715152316328
0.7190460645955274 1.2628954577928768
0.8509413968639157 1.5667325290926222
0.8076744528602984 1.8397577706476729
0.8460380950546227 1.5581309600166713
0.7090082777736186 1.2437957742397299
0.669340908519683 1.1866314533496132
0.8134498529539438 1.3676881164922683
0.709016065116212 1.2229612525409121
0.7906215755201468 1.4658227478148194
0.7660828714370531 1.3793141725153755
0.7277098410371275 1.2118295487115565
0.818131134364488 1.391618472699182
0.727712788877427 1.2889365311388226
0.6298997467286032 1.0809167142511418
0.7502258982690985 1.4197662503048167
0.8050277332942332 1.4504762371211979
0.8053729173655853 1.3557345427723804
0.6824248411055227 1.1365668069223684
0.8552142844493895 1.4046132848003505
0.7439452151126398 1.325039793318786
0.9197115921664666 2.1873834318269103
0.881423698767124 1.5208651132731232
0.7630567953753401 1.2923784727656074
0.8338183597348833 1.5242929869692758
0.7548069473429375 1.304028903589005
0.7872544204734239 1.368787002004249
0.7920789880168075 1.3797442772743678
0.8081638086362906 1.3764709860209698
0.6859308260373523 1.2606358515190434
0.7314816642066242 1.2858400675073833
0.7618103887046956 1.302457497178739
0.6853664750629096 1.205696365091339
0.7380595797323876 1.4661910747243914
0.7911522311555944 1.348778598552128
0.7303195327026385 1.2529326685622448
0.7267546976838142 1.2119728372633747
0.7318869481971244 1.27363464165796
0.7946820430863687 1.3598437394688012
0.8424346814822785 1.4131980034837865
