0.8397718489865023 1.1002486733109336
0.8333292824091172 1.1111248776423872
0.7817913493218374 1.0371905707333045
0.8192418746242094 1.0836706568999483
0.7735388272464419 0.8881460422822407
0.8486958979796301 1.1207265890847362
0.9344762322765784 1.2152207718760426
0.7852189377506487 1.0162586322417968
0.9095721746765137 1.1532927667824493
0.7881041498723081 1.0458709543515052
0.7960338168773311 1.0142269086627964
0.8575346948136535 1.1236708287924675
0.8943352090458387 1.1677685497897845
0.9300803333275972 1.2029735171330915
0.8900544374063477 1.1642541795175505
0.8683267387521147 1.1604904167738845
1.0065707184224586 1.2562774324857016
0.841229278152337 1.0969673635693657
0.9772359496384696 1.1833767561469264
0.8935861916459699 1.1723564957987616
0.8410025424964345 1.1180622620284604
0.7701374610452826 1.0162011216301516
0.8847566925596873 1.1468662887996712
0.904627521411531 1.1788742349946586
0.796381725404636 1.0699328417290506
0.9240329222561646 1.1623261552225692
0.877727255306662 1.1539814867231928
0.845604823698116 1.0909964252175928
0.971814594369451 1.2123060996145827
0.9601991246009847 1.141257255551449
0.8621480354227997 1.1254324206367707
0.9860979135297103 1.2029424616132327
0.8891005313953821 1.1655011745323858
0.8614477575953678 1.1164218902103826
1.0039517325126162 1.2376678357388706
0.8239389607558489 1.0229208631868494
0.878110836381865 1.1542142913003257
0.894032176423872 1.1254701445651902
0.8593026253911402 1.152744047594013
0.9230856918014267 1.2097918767442808
0.8696239937919447 1.1286051728612716
0.8972567824660053 1.1190128758592854
0.8836365329380022 1.1200241320760373
0.784552082701877 1.0072393681417424
0.8708371486205682 1.122394045377643
0.8822833084237925 1.1710065683047306
0.8718433314474565 1.1552859276608798
0.8236219203251881 1.0868295158288002
0.8903974270311792 1.154590826940496
0.7989892050921573 1.051725374819951
0.9199284143975853 1.1771873933932946
0.8576765328297881 1.1169740650995772
0.8855764630923878 1.1106938802745765
0.964096753558831 1.220449022937947
0.9123253375648942 1.1753511887008143
0.8382873312860695 1.0640065385962134
0.7628089351679711 1.004886676062541
0.8834057360442342 1.143772693895845
0.8658817123130287 1.1488534994806896
0.8152357978466456 1.0878159560970588
0.8438811526274533 1.124027627925851
0.8372205778612094 1.1164919463919287
0.9923209789216768 1.199626564406214
0.8891183978098701 1.101779599901049
0.8293094018801334 1.0545975416540219
0.8615463771706243 1.141630828077415
0.9391767356068321 1.2016248130037501
0.8998246295759874 1.1702129415187543
0.8968848210082829 1.1642394097906432
0.8346522450096385 1.1002315150067177
0.8563119120728772 1.1138525645916801
0.8920345710652532 1.1438032615364657
0.8225149106183299 1.0791549190326326
0.928261678928392 1.1476560521355499
0.8610553277293849 1.1578180919894174
0.8375413087310186 1.1125317544013782
0.9294828970278861 1.1964662553391736
0.9669779315031755 1.1767785434373945
0.8287484787027823 1.0813430719459627
0.8774134383062359 1.1475762743775642
0.860352196570114 1.1247738282587347
0.8650593464532388 1.1178876964376059
0.8567811527864675 1.1262074675073965
0.88226830117675 1.1618140203086964
0.9395111030053062 1.1969691489533087
0.8573229523414168 1.136765430555587
0.8111230260750073 1.06401738977488
0.827663971993666 1.0896244856984951
0.8027046405209158 1.045876855731375
0.9039613141841716 1.1369652295172878
0.8590171259191852 1.1492031814291805
0.8193260429781547 1.0246443577493718
0.8445895156083237 1.1243401083955358
0.8670922130124705 1.1458161275988414
0.8235154724543503 1.0899899823394357
0.8330001630549297 1.0875290557032657
0.8514528841516438 1.1243077672889805
0.7854444367500154 1.0501390340424253
0.8611298574733925 1.1272252161638483
0.7774986899554013 0.9754527660592645
0.8912548685372278 1.1605051324186955
0.9427976093051381 1.197557637860638
0.836407060401782 1.1073721356181645
0.8254631863506741 1.0780598520535838
0.8121213723353715 1.0906444837915323
0.9584289498004085 1.220593304358534
0.9985249068933187 1.2027572092028285
0.9026596190783137 1.168261379208481
0.8128492636483852 1.0802496579872045
0.8396704096502072 1.1260797008195413
0.8446891387481827 1.101428309125136
0.8991896309292502 1.1700372938996142
0.8715179232781971 1.1543988143597952
0.8412677631849256 1.1035333813985237
0.7934307190842029 1.0159542387827623
0.8280398883452201 1.1025216123855521
0.8730197345113296 1.156234820704852
0.8924325012797272 1.1400173831023366
0.8083962880908543 1.0631218921150452
0.8900324035611278 1.1361668415034998
0.8429468409495167 1.1059002018632205
0.8121315789902379 1.0658846217942246
0.8838578212882613 1.151780998141127
0.883054754984747 1.1228403791229509
0.9906229622808302 1.1752600739521308
0.8653522316551617 1.140674206256294
0.895719109494414 1.137565245979427
0.854283928735714 1.1115233948255496
0.9011173591388094 1.1781050739780925
0.8168004365155278 1.0917523252310397
0.8114719613020291 1.0754144891042565
0.917445676147863 1.196082513070062
0.9168951175010531 1.1261096949702336
0.9056618226989324 1.1556016361773094
0.8645339575818444 1.1141872675470008
1.0154337209102955 1.250794528120398
0.8514760914423101 1.115920396351056
0.9658417964430657 1.2418862987797803
0.7770175863818232 0.9337696655667258
0.8455737212434606 1.1155795000791584
0.8306952018008396 1.1140471839259967
0.8160950099436755 1.0821646437022765
0.8054176734661304 1.0556648273534468
0.8266210577566471 1.0988795240511307
0.8959919518618079 1.1625123457963649
0.7999364858971958 0.9539749813127769
0.7923820619780174 1.0185941134803684
0.7920701645238762 1.0584862493559204
0.9093306155359452 1.1654139634540437
0.8402662913864711 1.1174700090145622
0.8807909826657137 1.1035826119749217
0.8320363316375627 1.1095515793014603
0.953730824290242 1.1876557438416104
0.898206592600055 1.2020302988724838
0.9370381185016348 1.2130990905691286
0.9163640646474889 1.1801794837606778
0.8871127773038814 1.1718009888312595
0.8442126775130763 1.0982579509284331
0.7767140102634068 1.0399015846020356
0.9147569241587814 1.150020890949023
0.8391085579204122 1.1275960532202305
0.8630367290998173 1.1620454344601159
0.8933658315984774 1.1702750847977887
0.859335732776643 1.118552925061398
0.8147940172944461 1.011542128118664
0.8826187274305202 1.147950473573775
0.9352827729777158 1.1265381041536051
0.8725247355004209 1.1414013137881645
0.8533072582317112 1.1171482663207726
0.8867600907916615 1.166010621082191
0.9076853548937021 1.12329449650995
0.9272720969747998 1.187237667120905
0.8643542577900306 1.1477118595572533
0.9785821997716864 1.1885417826724445
0.9443814623610371 1.197210470537955
0.8613001029246575 1.1425698345796373
0.8115164709272698 1.0622861622902526
1.0330826640032962 1.1977407129871542
0.7976131564524085 1.057518550351464
0.8717300907406615 1.1306322426851387
0.9963113876632341 1.229034031530722
0.8723961481448164 1.1491944150320772
0.8706541857026143 1.1589185923674918
0.9407695119121576 1.1832343285530738
0.826166013955505 1.0957806836024133
0.8943906458585335 1.1955430755437781
0.8886340197408757 1.1094245756500403
0.817507184812626 1.09177802767961
0.8459210461806205 1.1237741956741014
0.9309535945448115 1.1956791962110576
1.0068131047835456 1.2113837006382107
0.8740765404450723 1.1370667507589742
0.7805256314242051 0.9696817473853399
0.878019275402659 1.1697196847599005
0.892631475478386 1.1413154593887276
0.8822095094549958 1.1705142841901184
0.7530131777239462 0.9653388380633947
0.8032687540044807 1.0351423297364697
0.9273056193974423 1.1940833699954851
0.8694085248789938 1.0993639417560632
0.8674233302213703 1.111859243821661
0.85374211705421 1.121048368467552
0.7912698965627935 1.0514259153065673
0.8090201326234994 1.066836821048256
0.7962746052305519 1.00730978677228
0.8614140978001278 1.1208722437129124
0.7732296783865432 1.0448295466865336
0.9936221596349661 1.1960743513921712
0.9496276447851275 1.1715459927387177
0.8469858878307911 1.0915720609349537
0.7689298361167907 0.8931578644152135
0.8329991288537744 1.1146965762527534
0.8335708169536249 1.1153902718250546
0.9580528772930212 1.196034022927297
0.8430299413545836 1.1017518829372397
0.9132827274375132 1.174335141952235
0.9540379650425573 1.2540117588602748
0.8760651556051222 1.1443269723948266
0.8866245833499837 1.1529251151785933
0.8968189621510663 1.1652983052874124
0.9819227694881763 1.1828559820025006
0.9158976600921918 1.2185717355520782
0.9711229671772963 1.2024272580168893
0.8374575308637627 1.0987877523074734
0.9008459095250989 1.1616779017537582
0.9583634733388264 1.1762577603947242
0.8751769302562143 1.1371201311510073
0.8714575183980262 1.1325808801379915
0.79920910346939 1.063253458198513
0.8456719672501898 1.111916444274283
0.8816032175511118 1.1409349984473
0.9636535398956558 1.1963474490591306
0.9122456864447688 1.1443029933528113
0.8117918035376159 1.0004413427098366
1.0424094428640303 1.2554442770755438
0.9689203088294029 1.2061783208762586
0.9905510189008676 1.2092985715048559
0.9794472389380624 1.1567725831861413
0.9832085170572915 1.1985664190981982
0.8530750415834264 1.130002025195655
0.9212289120277487 1.2042606158574238
0.8578508436308954 1.146213750304601
0.9154056433131083 1.1162813411321224
0.835227369762334 1.0984578058301766
0.8550291847715525 1.103591051011511
0.9365254185591615 1.1765796047834811
0.8377202311440769 1.123008961101712
0.875170978064218 1.164946622005559
1.0429574865922178 1.2429323535413563
1.049941179576912 1.2282040383733468
0.9411740849798754 1.1766782530185744
0.8468461234903151 1.0922515236620018
0.9121568882635683 1.162223005554037
0.8156711484031808 1.0868480939317373
0.8936976350071171 1.1894409281198435
0.9204552848434621 1.1951352946487608
0.9475090292580013 1.2070997237952361
0.7988035211400115 1.0509398949036477
0.8074161395453913 1.0595223943678962
0.966553368731451 1.194305061470895
0.869738437113582 1.0891027624239822
0.8527394823449103 1.12271185611363
0.9200887128891699 1.1724230305639904
0.9969786595148894 1.2498605644864322
0.7993192345020887 1.0359564644326635
0.8435333831696449 1.1046528117578331
0.8456862692292182 1.1316004568579414
1.0282838617015346 1.2267585261420677
1.0212398296958964 1.2571845735786928
0.904644796119398 1.1653625259801093
0.8603412073963694 1.1475149945737462
1.062037760670821 1.2725330725987791
0.8536596585566372 1.10731984144838
0.9063239475827233 1.1564683586421163
0.9205096268276733 1.1528654019124476
0.8642950633151423 1.1226025046940793
0.8524873425431705 1.128270035232761
0.8009426627591842 1.0393225419830041
0.8877624534230205 1.1455283622624832
0.92961853468029 1.176377085708089
0.911418307788788 1.1670387922154124
0.9383853918363764 1.192889314159931
0.9265773539820821 1.1625992548612287
0.8402340256988684 1.1078477327020595
0.9316411229092165 1.1759874065144253
0.9418116057723334 1.1554497781097721
0.8506337033960517 1.1277492606349364
0.9033894758744132 1.1250377816060817
0.8914966994790512 1.1316784255945493
0.9414547052095299 1.1599393859473253
0.8360903057498164 1.1135867465693412
0.9123894151565654 1.182130967422836
0.7914351384453777 1.0208759409604973
0.8384572076919217 1.095797186980379
0.8901534690686437 1.1287133635119502
0.8563231144809745 1.134120315879657
0.859887665429071 1.1434518767408166
0.8588440671634169 1.1252757884966593
0.9595393664233249 1.1870508001641003
0.9623614895030128 1.2112261272276634
0.8217208456852365 1.0856601171824827
0.9442173051804583 1.153300943143489
0.8826485005744257 1.1678404245047738
0.992234612143309 1.2101653865808149
0.9876806625263986 1.1938106105165949
0.8997243761877414 1.1230136047535217
0.7864366984471505 1.0603963946677288
0.8247007985769296 1.0844132420907178
0.9329200943464516 1.2189485360280812
0.9152846913853698 1.1608685147753481
0.8280322884672773 1.110755678785436
0.7689021854542977 0.9706897820333165
0.8791664501509534 1.1251142189832621
0.9013772281515987 1.134808573313366
0.8253464102506219 1.0990940170669286
0.9390657696459962 1.158494225111537
0.9126666049599531 1.1674814872260089
0.798232800846596 1.0363386028734536
0.8420255786367843 1.1259097610986586
0.8243607148955339 1.0916867496344493
0.8333880218836809 1.0919389465497589
0.8333230824979455 1.1043086551932484
0.8590984749162411 1.1275552589123106
0.9815607089402585 1.2233219472719992
0.8411500930421723 1.076648840086066
0.9342776854673907 1.2221292880714807
1.0017512286922021 1.1920075227608655
0.8938255339591018 1.1730855912497524
1.072728152935468 1.2750247492044104
0.8438596666902108 1.0969996390055297
0.8664223639082012 1.1341537411536367
0.8207848021360171 1.1020566738660726
0.8366884390007467 1.1167872398650127
0.8429675517174922 1.110907678749824
0.9295386369292821 1.1966067880114222
0.9149605548472417 1.1683541712922154
0.890688277094989 1.1342717197466552
0.8416070359490224 1.1198832628026212
0.8759750844871621 1.1497203072800737
0.8279656986913675 1.0873246411618733
0.9461029296048724 1.2134565774235742
0.885494312538232 1.1598550765257154
0.910060224397779 1.1622273205633493
0.8898562507231509 1.1363433356581167
0.9233100867499225 1.1581499959379287
0.9265953012472696 1.1891027121753992
0.9612579587167067 1.1935598373111822
0.8402649245808494 1.111526293416249
1.0231968834680394 1.2548648634464854
0.8001650043501786 1.071935440982796
0.8497344532097577 1.0809189408349225
0.988642934962299 1.1961644015417683
0.9165785576531973 1.1614152637029092
0.9215581163100682 1.178084645015864
0.96472343415134 1.2022248157856361
0.8536474928388912 1.1200334053936738
0.936123024888252 1.1973406199529668
0.9960007284261986 1.2318674649259005
0.8099466291925244 1.0816248948659304
0.8261063649249615 1.0890288618923598
0.7974723595073916 1.065079141013396
0.8442775073157264 1.072401896316094
0.8291733416949743 1.1058532274855708
0.8366489850413958 1.1109169419803355
0.88193667192443 1.1456831881775822
0.9392635821475463 1.1787583592842703
0.9218561016047666 1.1632263903430937
0.9200538568796905 1.1713488206524432
0.8459364512552755 1.0989085929214375
0.8970127494908876 1.1352292033809783
0.8261660095430945 1.0835435466710237
0.9878263567633012 1.2017622981931746
0.7797494728552655 0.9467025415397329
0.9203921708157864 1.163323350187392
0.8839388074403374 1.1440389958408679
0.8514421788449414 1.1208054516510142
0.9101511877868226 1.2017300531066684
0.925798809934774 1.1917156220331822
0.7272207543151998 0.9655015748759792
0.8170337684773352 1.040912454380636
0.9799984587960996 1.2087969687415978
0.830785617588602 1.0501516606482353
0.8391337249307218 1.1140910380205613
1.000904799568515 1.2307811348995148
0.7336275961231622 0.9344087910904014
0.9049751737691292 1.1403046598967035
0.8342946351231992 1.1123026949037993
0.8706736492806527 1.1663572113566014
0.9648109359276511 1.1900718129129157
0.9110226231273236 1.1796502581783441
0.877630293840646 1.1614762790791304
0.9513852919501026 1.1655774348787598
0.7873230668524009 1.0424685194717052
0.8363741984173785 1.117061164682173
0.8440613302003204 1.1251297181593598
0.8871221193274632 1.1579918787238768
0.8625116164969087 1.1405399909579668
0.7713268091029364 1.0163268803242804
0.922895227581234 1.2025130700848354
0.7775180870859415 0.9878218011824745
0.859765565285454 1.1100412314356114
0.825277483926079 1.094994744997359
0.8724683363901649 1.1329685456867742
0.9099797608055655 1.156192349349824
0.8622447867485632 1.126987405671498
0.9419764226878038 1.1851147093342957
0.9143820289621336 1.1627191498894427
0.8796867982706886 1.125490553415773
0.9101175011145953 1.1598776969046316
0.861397251189747 1.1384748992213667
0.8399152229719985 1.1255730960102452
0.8286514184647189 1.1033710007479032
0.9939046843915643 1.260639077035499
0.8423603447315319 1.0836709329559728
0.9286399291255706 1.175031601397523
0.8162470185760655 1.0801624051128305
0.8348791692906725 1.0822718492980536
0.8928936117691103 1.1426323635011457
1.00300482151574 1.2069321640737405
0.7992735170635947 1.010980330678569
0.9409097303296885 1.1919164199686445
0.9156193146701767 1.1752135407816033
0.9057486608544418 1.120035054645206
0.966424826665127 1.1620467812891175
0.8783264348553654 1.1467468203432587
0.9480164667112587 1.1879591288395743
0.8859916046327969 1.1514451069389198
0.9151144003977614 1.139030319415434
0.9550488503380995 1.1839261611635514
0.8625961437462506 1.1287254743753914
0.9676962365612511 1.1810952325603508
0.813531963085643 1.0797296625403463
0.9463961537831215 1.2331223599750012
0.8819412371025279 1.1525298661856063
0.8683699741607634 1.1468669381309864
0.8305809697315039 1.0673215823146371
0.8632308311596895 1.13607725563222
0.8195942901657658 1.077901437236763
0.8087513548013265 1.0821222359474127
0.8649643142288193 1.1247129623875147
0.9502765692343637 1.1896429290458341
0.8080730155839871 1.0662685516096644
0.7493088772846446 1.0006957083670005
0.8013831024209295 1.047113779610864
0.8588939186899822 1.1383311587368263
0.8977195726263807 1.1738503164790042
0.9195889131201219 1.1390330097639305
0.787539475655346 1.0335706776301075
0.8353417362233555 1.0283587993772942
0.8465272417527229 1.0781314537394922
0.7900358061397399 0.9675832184235191
0.8671281818869685 1.1715052727308533
0.8096913076331806 1.0899646839402566
0.9663756490326436 1.162914773654672
0.8038385991262375 1.0622066079372323
0.8079331623403538 1.0663390217749413
0.9452848710432217 1.1801708105051525
0.8857815963945838 1.1313969204004026
0.8045790632751735 1.0648156643492592
0.8903484322520184 1.1694531690639753
0.8694313466466319 1.155272403047399
0.8492024443042878 1.1223606182504944
0.9005830137508275 1.1862513967230386
0.963904390750148 1.1546793457790758
0.9474122042778004 1.1796210499737412
0.7873798258053049 1.0539733031498846
0.8011495951556198 1.01531468932047
0.8817582590787405 1.1641310703338312
1.0253372147254525 1.2476085906065522
0.9330524531096321 1.1611591994484367
0.8514144035182147 1.0980901188739798
0.8977401473214808 1.1637427263838014
0.9461806173566645 1.161195497275254
0.932466271700132 1.1612696580927495
0.8902606675167013 1.162119794844165
0.8347408963830272 1.1041800651703908
0.9191218386076221 1.1970442505109398
0.8973349930968885 1.178188257935002
0.9574910347956942 1.1840855241436234
0.8012390810196242 1.0679140050032299
0.8359519571221397 1.1140010534911842
0.8621652681221823 1.146360039699875
0.8368309622964162 1.0869673907312034
0.9611454080070075 1.2160213615022784
0.8431139511726409 1.1058948038346101
0.859786597228038 1.1277850537425627
0.8709749871982253 1.1412419111695533
0.8960223015125597 1.1950105727479203
0.8077866438780023 1.0687274391811086
0.8713966258036139 1.1627454419321275
0.9429609224801817 1.1803247422048613
0.7841144954646377 1.0081060115082838
0.8306701899718132 1.1038357730128368
0.8332291512985128 1.0992475926975076
0.8938443499312176 1.1639509049692829
0.8439631081921009 1.1246235398925288
0.8781831987858585 1.1556246815408149
0.8757989192547024 1.151575953723472
0.87912046729878 1.158351129225721
0.8976151666021714 1.1404408115989746
1.0055157354856 1.2151478064681944
0.7773710241133178 1.0041088016565631
0.8304287882480077 1.0902280726789433
0.864701397631076 1.1272184701642576
0.9411639163688664 1.1703613565320339
0.812619044324653 1.0468038455336788
0.9220479114966074 1.194206394381184
0.8570680454253394 1.131661426111258
0.9225655872069224 1.1792477040751088
0.8952513238253463 1.145849564789247
0.9749584027877893 1.2364828442733509
0.7882420927741606 1.0468568041485347
0.894878302324216 1.15320896083544
0.899105682172397 1.1442419736415745
0.9850516391035582 1.184952620727795
0.8897099546656214 1.1526656619031488
0.8947018637073516 1.13349351699217
0.9376553939543679 1.1937701108219616
0.8202404807969887 1.0927897940615914
0.8333535707830717 1.1094322801407066
1.0046075174615017 1.2311871289824798
0.8637526817257831 1.1481984014849185
0.9134609851658025 1.1915126643192968
0.8789613996975012 1.157915968599174
0.7794400045719946 0.9960136141792821
0.9551727835955774 1.1764052090737445
0.8304459839246047 1.0985074506739552
0.9196275904514042 1.171423171697556
0.9510793215649742 1.1752759041721683
0.8908776778338616 1.1640435021230426
0.9158976493780436 1.1944323263622223
0.9110370522014073 1.1742332509451234
0.8566282739971509 1.1274626151055922
0.9601878402020385 1.1695513996043438
0.9342416858687299 1.2292308625385973
0.9665917809017105 1.2130661035393073
1.000341952619669 1.2285720958366781
0.7985440402290932 1.0696782136137648
0.924502369174689 1.187866654134002
0.873522482447495 1.1558392601991898
0.9402562176258317 1.1664793515292275
0.8494830875872909 1.1188489481638824
0.9327144547729906 1.180178592108804
0.8820190473608117 1.106822389009786
0.8853819858697193 1.122818006535144
0.9712277637045259 1.2385271423203414
0.7936377215877147 1.0430914929096933
0.8925624513207557 1.1641285568307633
0.7831408601616605 1.0438033240768765
0.8633136545431497 1.1368609850220759
0.8691295621385848 1.1341505527540288
0.8388293473295901 1.1180612075096326
0.9716394772242878 1.157894147917073
0.9512954380592165 1.166634394473333
0.8934620186948932 1.1858448289623111
0.9002964055917196 1.110268448094541
0.8826786228946452 1.1259558289385594
0.9019507102526022 1.1902154188378773
0.882309843595452 1.1607403695067362
0.866247421425475 1.1330814140700873
0.8357539393223162 1.0857433119249766
0.8500685132764857 1.1370687192085942
0.8776306872937029 1.1463527607099153
0.9130227141113526 1.142964527148578
0.8448837208086948 1.1070827162056827
0.8756172813131945 1.1329796140624544
0.7863532823120567 1.0418138081693542
0.7895468170161686 1.0065180388800323
0.8293022594951873 1.1015192015040234
0.7669396614572037 0.9478476598023705
0.9394620882304401 1.2047015016382465
0.9111844149528825 1.1170233901777313
0.7975945488374864 1.0056424450312844
0.8103462604693512 1.0125749528686134
0.88850344716603 1.1557757658673269
0.8642383569944652 1.1393868810947412
1.0190363320649125 1.2154324230361349
0.8347300301460554 1.085452299534912
0.7858334081563715 1.0320100397528238
0.8704436774419839 1.1262205606251021
0.8026014731520617 1.0665103005987349
0.9039843772780326 1.200514923584191
0.891571573428322 1.1854087587555455
0.8171998027620262 1.0866546806770205
0.8627663273221745 1.0989559471300536
0.7842510660763933 1.0013856894261344
0.889230002288365 1.1601780451403336
0.9596646601117379 1.1481832462864636
0.8257102167735804 1.088591631851886
0.8530477465222872 1.1108955718225388
0.8025300776427173 1.0487256246878618
0.838278275491117 1.0640235904648119
0.9334463312331607 1.1439041097241947
0.8769773785399654 1.1438748752195689
0.9467365277562257 1.2316720674880286
0.9253273152750705 1.153733706498398
0.8054227349402558 1.0755814546068585
0.8453133397716066 1.1192342410864455
0.9220361067006203 1.1768955899233682
0.9000380121906436 1.1434860153949373
0.910718806626572 1.157835740640959
0.8495937185820366 1.1375739283809092
0.9430311357428812 1.1860222538512406
0.8192187676729785 1.0592807953837617
0.8881567289627993 1.1587999738949475
0.8581753776627274 1.1158679928226722
0.7950713308444772 1.0664755307650404
0.8336184788122011 1.0899790485430396
0.8092949258020352 1.0662550194092293
0.9278102585267056 1.1708330136702831
1.041490669013624 1.26659966134693
0.894323460764104 1.1430189979594851
0.8198728084447484 1.0796757432141288
0.8035396571265556 1.0499403471886282
0.770041821104848 0.9722658432693992
0.858597851364059 1.1204104657057292
0.8612877703258808 1.133255534031373
0.8272675577195937 1.0873104109583207
0.9191137681793516 1.1315120991411205
0.8941261640473435 1.1710602744829717
0.8726351086551491 1.1717887964573224
0.831672517678118 1.0953019679728169
0.8860063002724633 1.1479755560105966
0.9255932248759793 1.1959027324293876
0.8803313166189041 1.1668104777695358
0.7682645171379836 0.9194888970745021
0.8885807608482973 1.1293980797564724
0.8606549807909261 1.1311557815990079
0.8937985227635348 1.1489674666987737
0.9571045417677986 1.1639854732883324
0.9228954582087558 1.1719115501353894
0.9695356872360077 1.1852799208472125
0.794828578791321 1.0380351194157862
0.8287197507638953 1.1128737422235
0.9804081718294647 1.1685763749197153
0.9231822642981082 1.1539829204674728
0.8049923889136448 0.9801897456914974
0.8169376723804469 1.089544684369609
0.9022728358425571 1.1701112274903591
0.9344959540653759 1.2169776912612582
0.8239906773841034 1.1103697803407448
0.880099282795427 1.1347715711620925
0.7739583402960053 1.0024514342703448
0.8418709381669167 1.1014400468673053
0.8507496523549288 1.1150580873436629
0.8494251044713662 1.1103808731039007
0.8752315851538721 1.1499844844766867
0.8096055852043097 1.0805497500176626
0.8415108052754738 1.1004845584523653
0.8250423606901753 1.0739868646955086
0.8552762335480526 1.1306647908731102
0.8220183513276901 1.0781029393927648
0.8781096932889723 1.1631229187353402
0.8708687491259093 1.1244150223561689
0.8575544983343484 1.1226978717675804
0.8373758945715719 1.1109730100004296
0.8879554108855102 1.1470575119462945
0.8001208238670626 1.069180609160767
0.8830202989677778 1.1563782716742534
0.8685414536354343 1.1342866654643295
0.9464478406865959 1.150067442177158
0.8805338529680571 1.1307582821255484
0.7982828835073339 1.0488550219975876
0.8539118781837013 1.1448635041721964
1.0073745912108176 1.228844136226483
0.888779218508413 1.1733060931727048
0.9781213659351097 1.2244463062071271
0.853004832203263 1.130722025717546
0.8823092895559026 1.1511566465759409
0.7556396324286423 1.0007165242299083
0.905930889678471 1.1560182136037014
0.8357463865670202 1.0962989481950354
0.8496754401567481 0.997196401467003
0.8393156288361652 1.104488882932843
0.8956112925663523 1.1503858646852732
0.9236537617003698 1.171720906622915
0.7917413565619351 1.0262272029210848
0.8257895051971345 1.1030607229927356
0.843869245561498 1.1118837703327373
0.9789987093528121 1.1987583669519504
0.8489085282965291 1.1267076188037124
1.0088794040710507 1.2382081157004055
0.8965018001998061 1.1513320126448714
0.8113810111073207 1.0718720943528213
0.8376505988074567 1.101919717410099
0.8686869668565608 1.139631547401781
0.9416967174151218 1.1869965854478948
0.8627008629432892 1.1472146267547911
0.9137646320124173 1.1376197542783466
0.8538191642779734 1.115756196377401
0.7605377492732213 0.9619418270429243
0.8444520025509448 1.1230921139057792
0.867967980879131 1.1427193464852854
0.7853878539410728 1.0416343403421888
0.833862167361291 1.0958020750769377
0.855289606721356 1.0829275191980499
0.8872817338226608 1.1478930895330341
0.7775688404643699 1.0096462717429946
0.8324751180273361 1.1022778537625613
0.8095993556856939 1.0441457653297197
0.8689594181321296 1.1371264472891487
0.8870703237885909 1.14224666717034
0.8269554848205383 1.103888078588302
0.8408595500622158 1.104547884304144
0.9956020381703138 1.2040124102637353
0.8239657952935097 1.0771076030028772
0.9739874502324319 1.1912555619074472
0.8623165104484604 1.124585658395582
0.8689792755435002 1.136059157703974
0.820423559512409 1.0580877048505548
0.8741076371827832 1.1521999915848524
0.8756308511600854 1.1198050967200677
0.99396185744969 1.23767633853743
0.7916456010774673 0.9710424865259353
0.8540454380232205 1.1361614724535083
0.9894985434371155 1.1733115126497804
0.8008395480854699 1.0547130799287825
0.879141980731488 1.1400041598626558
0.8771293721719373 1.1510362148085123
0.9044400119808917 1.1555285078427107
0.9004664464882464 1.1869753134241599
0.7835935679009292 1.0144314328507922
0.8761104038811511 1.1382557932543411
0.7587139142574199 0.9765803980122503
0.8346096515989789 1.104104629331701
0.8931856876333316 1.164336344735526
0.8788150850220815 1.137235902579421
0.8695659359236448 1.1290266563721023
0.8514953080976715 1.1048763776498407
0.9041051198061898 1.1623523153653321
0.8849297679192709 1.157663987778944
0.8814100969997197 1.1755966831325475
0.8901568742879914 1.150923181975504
0.862544591979837 1.1226840986395705
0.8626756694860379 1.134312277540074
0.9125263360147942 1.1371057994223992
0.8878455495244203 1.1456766433029815
0.7890130729732577 1.0605543384444163
0.9577310756208959 1.2098524385594258
0.8573888257570405 1.1200444727610743
0.8522228588204228 1.1268282965455985
0.8735650690738989 1.1397320638920871
0.929781145324587 1.1724679283987056
0.8502966193032743 1.116913632121137
0.8101483074450073 1.0506487678120018
0.9258151961029231 1.1831075528752826
0.8860464004194617 1.1280576057894076
0.9299647776921072 1.1881187742474104
0.8705114895600055 1.1132270772039121
0.8954726556109573 1.1656929280761696
0.888027836501834 1.1590150657642577
0.8656744071273927 1.1474192438312292
0.8864815154884332 1.1793623250659027
0.7768336264851627 1.014721197596581
0.8999205266198171 1.1723233143903018
0.7687567503771979 0.9553944108297368
0.8649321184651368 1.1292795933047393
0.8960329367649533 1.191819353654303
0.8305029880280481 1.107698330497282
0.8184538903788149 1.061786336387604
0.8759395691989027 1.134630227994972
0.814389150568511 1.0839516131397013
0.7960377417548878 1.0389953101575664
0.8208913160893068 1.0331964128231534
0.9543349696933583 1.1798780029150995
0.8651977083083187 1.1400591717548298
0.9419106098839164 1.1246950210748188
1.0796958766882734 1.2853608018973628
0.9191795421043104 1.1822536173764036
0.7881245886388464 1.0386024519898633
0.8779206883643793 1.159050397347858
0.9112849986003801 1.1813258804124795
0.8827113426005655 1.1401700180556846
0.8650973367117599 1.1590623601477532
0.967240549101992 1.2197930143655564
0.9359291054417771 1.138790364865303
0.7872858371286494 1.0319407832861633
0.7945941855885714 1.0479246227026535
0.9437749187656173 1.187283067133127
0.797384286317412 1.064892713377291
0.8135502582692598 1.0282228091642012
0.9143456432961192 1.162891990424562
0.9727116571641373 1.1866883056307609
0.9042765483584871 1.1209356772780017
0.8343257434723418 1.1070031348568352
0.7594740347913762 0.9981227152778889
0.8141188654550924 1.0124705927813087
0.8944050161973623 1.1188835533509625
0.8813905967380955 1.157467940183279
1.0395303430023997 1.2495166536381905
0.9477494434115171 1.17505699706569
0.8492590426648322 1.0991004175521315
0.8825353461417502 1.1360426126040704
0.8045723064800546 1.0576703180094076
0.9146957484485082 1.1746435983356893
0.858629727408633 1.091339947237727
0.8969676566486104 1.155000387695236
0.8920195743416783 1.1239282619069884
0.9243076385092976 1.161411347430737
0.784130703860388 1.051115895099877
0.8936597725271849 1.1873855571813292
0.8577697430227591 1.127605899196571
0.8377637184291885 1.1070264128236427
0.905542367413511 1.1733971105858023
1.0045473079791376 1.2085388535771913
0.830231679153109 1.1031613125357658
0.9037395558261241 1.1932458824120626
0.9713794990389969 1.2041676630091391
1.0073840297613654 1.2429839469490673
0.9229190659383713 1.214386315747141
0.9057248058807392 1.1800340057960292
0.941867486300863 1.1799187188589186
0.9678242086805228 1.1804365771547574
0.8592416659109257 1.1425766912864699
0.7899740603515655 1.0528388902629542
0.8497157546297471 1.1355723015645747
0.9112828649624958 1.1604491806383888
0.8804773466079711 1.1476669072055392
1.020383172092405 1.2300354501773811
0.8782958532706511 1.1591922688226886
0.8769329606667512 1.1716452099920953
0.902804636653882 1.151183104052951
0.8578240133025847 1.1433786880762558
0.8618748581048752 1.1484803661735803
0.9911129813005355 1.2030810710864557
0.9037685758037254 1.1808185512058083
0.9317865010540985 1.163159762716197
1.017249480644141 1.2229350052974985
0.8567779935973099 1.1256759952400057
0.9040162630282749 1.149752696737689
0.9656877501103732 1.2063148485608568
0.9058258500543964 1.16481119419627
0.8724815348359065 1.1181023358038398
0.9044488891012841 1.2017093747046625
0.887884987073817 1.1326694818364873
1.0192786595899377 1.2015289688121753
0.7805417302657993 1.0356306967684006
1.0198375461504403 1.2266667462987857
0.9185156475596957 1.1547518350066732
0.9105891542933171 1.171517168992601
0.8413869821527223 1.0814007377083883
0.8477345187715966 1.1321597512909607
0.8636803452183577 1.1576825487229743
0.8372624021115023 1.1213736536688597
0.8780206189178371 1.1696513416711034
0.8458026790072233 1.127175148623944
0.8284457850340997 1.1066941783330182
0.831678927398223 1.1092345560535377
1.048410023807086 1.2285989767650578
0.9798436528397192 1.2012894844916984
0.9021450089210317 1.1965466603176458
0.904251749518125 1.1489642772346231
0.9127518585759226 1.1920813584550325
0.8681457304120673 1.147160775783663
0.8607203367695127 1.1211593386634031
1.0242195377129586 1.2523479810185318
0.9106203052682067 1.142368089503124
0.8241075740230274 1.0847578423329813
0.8891880594598749 1.147853351494708
0.8434403610121726 1.0987536025677116
0.8843783804712974 1.153927563327906
0.8352509690057166 1.0533363351123093
0.8741146616017821 1.1357618251229609
0.8766099304920614 1.17256251360766
0.8735922228957888 1.1450924513573881
0.8538183982304919 1.112843623658679
1.0360911236268397 1.2221199057428955
0.8222478623394716 1.0975872695252362
0.8202049929635817 1.0408751645785796
0.9153869687385366 1.1280574449818737
0.9159950730703759 1.2030796892357074
0.8873383184423482 1.1735575062418815
0.906714033285291 1.1661754980678127
0.923690595604778 1.1779742869302485
0.9120877836664087 1.1846203944634024
0.816296569111879 1.081970517384309
0.8900318523024997 1.161362348978064
0.8278812311238984 1.1096886366594885
0.9561324453972166 1.2253066151731216
0.9511523953903311 1.2353267102701393
0.8920709061082138 1.1881311476072747
0.9422541670929011 1.161639939469098
0.880850298810272 1.1260862416915929
0.8253233387842456 1.0600976326114244
0.8230643202789452 1.0804816870717455
0.8674123011403194 1.1348255940459069
0.8322369000992373 1.1102716348248443
0.9036949856143884 1.179585151600047
0.8205595824781982 1.0675260985471966
0.780238305073784 1.0344217814158911
0.9388011993235452 1.2331962306440303
0.8780773331444918 1.1529500183070944
0.8730853298384632 1.1351973149467727
0.8359059367248991 1.0992399676017475
0.9382249778772654 1.1722559513250526
0.8268554246885579 1.1076784148174752
0.994613104103359 1.1998313041258732
1.0010006384062744 1.2382135119632847
0.7838005142055373 1.0509013609344922
0.8899551761724247 1.1610022152038855
0.9295816057256095 1.192280236274082
0.8099334159016494 1.064396387602728
0.8740578907577805 1.1459577614012817
0.9052109331838982 1.1730696852394558
0.9083912054441892 1.1330847893921547
0.9673437278422989 1.221664816144408
0.9113160483120146 1.1510866675415847
0.8268812601274563 1.1046855043055042
0.8715099897296363 1.1228095439388297
0.865905663008955 1.145134319755457
0.8280054187121607 1.107194646673232
0.8826688687258661 1.1660809317251153
0.9649438527736977 1.2271610552500232
0.9231642158142582 1.157913398493735
0.8525774274639553 1.1178027603067482
0.8493110767877481 1.100935615832741
0.8810282695509986 1.1611610755188007
0.9094004136368651 1.1678183102374398
0.8007807270995763 0.9687643782511624
0.8303421182610913 1.1007157438207305
0.7691572409013229 0.9658094812823117
0.9047840718509055 1.1629255648672823
0.8324291627319347 1.1146206271623396
0.99065824396402 1.2083487907922046
0.750323833422344 0.9964618430653942
0.812011169530442 1.087732151751569
0.9211657872584921 1.1236233482875404
0.9338010846080533 1.1770080284065072
0.8283571538752169 1.061489749938033
0.8023547719733485 1.0395151248171015
0.81983924366714 1.0709214057706817
0.8369913502943492 1.1059634051993514
0.9111769782442339 1.1537911485802195
0.8670148391220502 1.129271948776411
0.9053271261115983 1.184155904579632
0.7821716653631026 1.0087092139416192
0.8730205914463371 1.134003633674727
0.9845873243072715 1.2058759987592844
0.9742091453148551 1.1918364187774233
0.8786954387552405 1.1553180431626522
1.0386834805183198 1.2586289165413274
0.9454622840760539 1.1694289337858974
0.7591309445395249 1.013797418578108
0.8668093043639675 1.1331651686420998
0.8576407089188174 1.1292668663089267
0.9191349062270937 1.1201467613859872
0.8887990780717627 1.1609510169634754
0.9726378936332924 1.2399621805952945
0.7967159223621686 1.0683883409999455
0.8525759203192647 1.128820906257029
0.9002831040303692 1.1889522530265908
0.9182762492461954 1.1865948322208095
0.8393658864594121 1.0851669062111409
0.9132934270850741 1.1486959128070269
0.8431515284478608 1.1081408789694038
0.8839661341768398 1.1675443817392563
0.841820156065415 1.1025923546629839
0.917853375396469 1.1994231322589504
0.9085535956080276 1.1858352485535286
0.9480372108471595 1.2466364718191847
0.8091024000012719 1.0067186532377959
0.9321170796026075 1.1738560080001341
0.9872156706456588 1.1831748913059095
0.8700611810640662 1.1328676552539954
1.0065996255288046 1.2530403973594775
0.8932925471595284 1.1594805406566413
0.7948350980981039 1.0415851903268467
0.9399434561599205 1.1702984207559193
0.8355933270534781 1.1159703165004642
0.8362174694169763 1.0693439803757134
0.7863507306409496 1.0553459245291632
1.0469221988822817 1.2190115319967167
0.8951337425932717 1.1595581303103752
0.850207190741828 1.1104439210119126
0.9054276107583654 1.1718583176880653
0.8419578495708029 1.1223140640972114
0.8464160898458684 1.1349979348379906
0.8089324827063658 0.986093178064811
0.7813529133257868 0.9581822800677554
0.9233089993765347 1.134562976566996
0.8935625120471897 1.1453097438374875
0.9109049481576496 1.1894502002202596
0.9056706190750282 1.1714956243892245
0.8212578153415093 1.0930260022857365
0.8326210489424755 1.0999235512744772
0.8811065139428873 1.151689505318325
0.8601529645029947 1.1381411450998684
0.9631944560116394 1.1839837177396504
0.8896525398438575 1.1826279378180782
0.8419990949078037 1.1088675771417278
0.8751543312785215 1.1611137384326644
0.861235966818997 1.1500735211409912
0.8681524977630836 1.1145466639891866
0.9020226206295175 1.152759894396863
0.8538792825643226 1.1178909609876673
0.8495776184042488 1.0923507140151858
0.8390677476827606 1.1143635127182272
0.9731884032371072 1.222835679005831
0.921661241210283 1.1655562348110582
0.8683311624047301 1.1277521516712024
0.7829553413723904 1.0175298093946845
0.8272227976044438 1.0977218651663074
0.9171899855153552 1.1245067122993084
0.9318983008593017 1.199916375469094
0.8889874536693467 1.1747397947700784
0.8441443036987856 1.1112667217609074
0.9725853688161175 1.1871023630703177
0.9122773896086187 1.1641547791929219
0.8324534442430058 1.1013750933679436
0.8067869291669224 1.0638367988964492
0.8175863515882289 1.0854622773309104
0.9326633774983851 1.1694428264384094
0.9873580519394358 1.225516515983811
0.97216426661906 1.2079102205635843
0.8979708409662372 1.1361700490135949
0.921470921592247 1.1536561647040828
0.974269890941193 1.2444749920667906
0.9076452250462717 1.1418655932936443
0.897176224578431 1.1709010121454997
0.9276199827170869 1.1931990647252029
0.9539976554653604 1.2042280382159414
0.851173777918427 1.1295544621016078
0.7516895508580272 0.9774155736785732
0.9021441712473914 1.1419949165325443
0.8403707711408857 1.066838791397729
0.8809414858675386 1.178846805834311
0.8660119019162419 1.1536858898560853
0.9683801023572336 1.1905515518978005
0.848536099738732 1.137109666918104
0.9183121481492897 1.2112987628971439
0.9192569852262944 1.2177477815735296
0.9476431515513895 1.1930350535488983
0.8647980148665657 1.1502594633136185
0.7924572195774506 1.0664516279043201
0.9965961818416696 1.2368029794198314
0.90083918823721 1.151431003150502
0.8214712948313707 1.090026083875852
0.8841868300684858 1.1599694700754237
0.8400141636511604 1.1251758406256873
0.9100805633956298 1.1877174726801707
0.8995996468058142 1.164816248071201
0.9603144744751275 1.2092145279053887
0.8454455147370004 1.1028513155444812
0.8365223504091948 1.0961993230285616
0.9290970970269569 1.2287239898069646
0.8671075548820881 1.1483506555576177
0.8818634003903123 1.148986630128757
0.8682289111163818 1.1448036278369191
0.9097624446587542 1.1794577443673457
0.8723749213679912 1.133372300636261
0.9647586802983974 1.185093684483396
0.8805299067231274 1.1305435895080032
0.827168668839371 1.0923628150746558
0.861846785363129 1.1086319672864668
0.9939565833818627 1.2230013916706022
0.8301025447715751 1.0953783649861144
0.9109421454646645 1.1500496377199205
0.9271013513228825 1.2128063774147622
0.902116500159819 1.167295143988313
0.842610384813198 1.0978088926634695
0.8281431906589993 1.1037175440099956
0.8172232727261113 1.0773787255372989
0.92483628960831 1.1828991214013358
0.8111546249998526 1.0650310910694898
0.8018086294819474 1.0706237571150683
0.882799374458506 1.1367298447838476
0.8363972434844443 1.1000063655027508
0.8759487039111722 1.124599121101543
0.8554895436998236 1.145378134498203
0.8684321546021928 1.1537259638860524
0.8806116691601487 1.1181467863023473
0.8945700315244555 1.1381855593296797
0.9011356145925153 1.1528946587647053
0.9567417684993311 1.2142159636111387
0.9320420741736719 1.166018165087348
0.8411738800031064 1.1129319287689157
0.863598675954182 1.1491056176353704
0.9919640649718042 1.1840845022333384
0.8317666721934475 1.104527186955097
0.8759518538137318 1.162514142597671
0.8078538456999739 1.0857375076585836
0.8728083288573572 1.1376982791135446
0.8545088835885992 1.1339779432498533
0.8377148403467785 1.1074908593002022
0.8301142457849975 1.0918341196223431
0.8771455408460681 1.1414056661615575
0.8304117627579547 1.099529439898118
0.8659440535621225 1.1439360449900757
0.9139437643060366 1.173758611853613
0.9214953423490773 1.1977679854290926
0.8819818057905778 1.1650340370634078
0.9809835853847226 1.198777587720676
0.875756999163475 1.1528498305220736
0.9547934206520435 1.2296225896413853
0.8440734975480535 1.1040965133425433
0.8312075514481096 1.064007857498344
0.8433471208063615 1.065733877655488
0.8882291585699591 1.1509417052749402
0.8451118327052783 1.1177153162523803
0.8078878510226897 1.06833207667592
0.8122349780089949 1.082658527005666
0.8335787433482247 1.081137683556536
0.916913184504592 1.1492433061260954
1.0285037973372697 1.2488716410995147
0.842753149649049 1.122209986590522
0.9104856724876651 1.1441526262303179
0.8066041463429016 1.0694537806285067
0.9049203855458889 1.1812451738339205
0.7783924453810636 1.0298984433868743
1.0304806862840863 1.2538151951207217
0.968373654188326 1.163727814952287
0.9309376975429142 1.1980916460644486
0.9871903888351408 1.2226833886527255
0.8227038866955962 1.0183424603234892
0.9236381377505796 1.152012847058051
0.9161167602396993 1.2065372749930001
0.8677737105213954 1.1368116527534802
0.9530736071347432 1.182688027913584
0.9395458942360415 1.1692648535127035
0.8453077111333603 1.1129654338173847
0.8172140759434103 1.0873011229717537
0.7992313251729525 1.0634123474643733
0.9493319253579477 1.174116038442797
0.8341028947908554 1.1039640032948748
0.9463735010077324 1.2163664057604937
0.7754663013350965 1.0360820251209457
0.9745984738229619 1.2010199853254333
0.9120347482972945 1.1809646789533903
0.8417430859294436 1.1183516599489227
0.9775882184776141 1.2174403468798198
0.8382064863989771 1.0881368031381462
0.8174752846925939 1.0719200792708174
0.9930287057231331 1.1786767642355631
0.7765474551431146 1.0328742199658378
0.8346773527694757 1.1252230882610315
0.9298804155226315 1.165121575832813
0.9071514962389826 1.150920831983061
0.8185778077047494 1.0228593312514653
0.8436846308061321 1.1118789491514747
0.8530921792356116 1.1450015271541114
0.771218786288288 0.9671629784640885
0.9982803413154802 1.2346643144847125
0.8537251865825979 1.1287728681391593
0.8915699271315166 1.1691086786518152
0.8906921088976256 1.1749710316758197
0.8805959647614605 1.1293239136308504
0.9162773909416427 1.1735449498508275
0.9666969359406553 1.2082922970826373
0.942748068871419 1.2113856643342544
0.8968977200529348 1.157762483251832
0.8478167669618863 1.113370893393979
0.8212967979563561 1.0946398068275145
0.8970203896501399 1.1805118507607428
0.8636231645783671 1.09842212894375
0.8372240474949982 1.1145709730665887
0.890379442869991 1.1716507981224171
0.9492870726330356 1.1855492093725952
0.9461134008368765 1.2005071081998286
0.8295949130941156 1.0912872498275505
0.8257027950331186 1.1104522040679685
0.8659315926356741 1.126786505357473
0.827499206872534 1.0558939179302664
0.8748161364975495 1.1642972887581378
0.8784852800112135 1.1440888863499
0.7698921226687211 0.9509699754777884
0.8199417472124665 1.0856018257673157
0.9722337653973916 1.1864596449677398
0.8834098764010226 1.1554833473921096
0.8151596161015782 1.0026555411341878
0.7888674848673234 0.9995481935638293
0.9948724128989918 1.2108212047754159
0.8314470562041152 1.086452438189278
0.9524947769279362 1.1983624820134433
0.929988400524119 1.200906041038884
0.8631327522923175 1.1530303818475982
0.9139366899152679 1.1689411732657613
0.8508466627361166 1.1333599505318686
0.7714351675071374 0.8968100441943683
0.9550573462749004 1.1828643570995538
0.8769855150698597 1.1500865799872342
1.014661957769783 1.2059686955868902
0.7972043020612147 1.0403510315393372
0.8844815214656433 1.1472567502720898
0.7680625114948079 1.01266771455819
1.0327702467218813 1.2653122798648029
0.8301754020411235 1.0974445008181375
0.8161581137221234 1.0769889776803592
0.9281706395802412 1.1772057720386226
0.9270364954514456 1.204968581691225
0.8518796596606978 1.1265638362260084
0.8396055775125045 1.0940990494894534
0.7704905846617482 1.0136371824422485
0.7965520859228096 1.061172665365096
0.8902620163614547 1.1512220836201943
0.9134088892399832 1.17112856829461
0.8573220556077262 1.1134897614420498
0.8939874504046172 1.188271089363951
0.8668632855190372 1.146691491482414
0.8444922037684464 1.1151242766134757
0.9515002685567446 1.2006128892478622
0.9268975358297031 1.193468474256348
0.8991425117157341 1.1937417052609485
0.8751752080136972 1.136605137983235
0.8251232792589227 1.0941656496730563
0.9133051683808417 1.1610113697046138
0.8271890190649089 1.0994841405784213
0.9120972601177101 1.2040041674771058
0.8716983988605027 1.134730992939496
0.8452988312113201 1.0960946581626116
0.8402669419724416 1.0394277053156582
0.8836501652799333 1.16974208560228
0.8361735824614209 1.115195940358777
0.902028846291947 1.1105910094549487
0.7632686255469582 0.9115026113689297
1.0290374875363104 1.2104194830371302
0.8527631157431406 1.0852763320896348
0.874245287856713 1.1082901707572888
0.7747189931068371 1.0015569905732846
0.820099607577435 1.0579143909742672
0.9252617187384024 1.2071704386652682
0.849516738633065 1.117849352033138
0.8357772185630271 1.1069404538715464
0.8504624833624168 1.1202457303999431
0.8269403668163906 1.0960581924156927
0.8423162121632648 1.1188062331953297
0.7922761066831383 1.02771281722833
0.8446334349843354 1.1071520830478745
0.8993691913582227 1.1710527679657912
0.8494223655403043 1.1115395787901243
0.9772182335593276 1.2404022821156715
0.9003021687284543 1.1218675236123832
0.8704817370991397 1.140510433580465
0.9208369724730185 1.2137902440460226
0.9065115082072325 1.1771078963149648
0.8943559898547975 1.1169731144830606
0.8606953946193869 1.116678056069719
0.8114949591972807 1.0732399379155535
0.956252563584429 1.19447924133122
0.8469144036063188 1.1248947512864604
0.913184315666284 1.1297568356879335
0.8808859027719591 1.1372469393236198
0.8061482472827723 1.0524424471539766
0.9043868278532567 1.1779371473102305
0.900255801743701 1.182992648984765
0.8491352257805983 1.119283490813936
0.9782486644289341 1.2259528469971825
0.8938366583921099 1.1524646832947125
0.8634613568865575 1.1255727723670423
0.8931458379402681 1.1644714316723999
0.9018857759566451 1.1518358593580347
0.8312313464064984 1.0745768114919765
1.0207299201944482 1.1984774527206619
0.8952414246608993 1.1911022429303093
0.878052651025092 1.1571862688199053
0.941686268470616 1.2010401281492065
0.848889942592797 1.12523653590753
0.8248605332055859 1.0775963869402214
0.8548924643059733 1.1201521512659325
0.8329777469922405 1.1037789280822257
0.8843208603564149 1.1598348460141672
0.8293926042401558 1.0902472243170276
0.9273538472013569 1.163379528334948
0.857779930402006 1.118889263608481
0.8517336738608249 1.1383573183749829
0.7785505386440913 1.0397450607182517
0.8726206470970782 1.1518036973094505
0.911835224810009 1.1923563526628946
0.81936135471751 1.080324331710103
0.8645068063791361 1.0868750976076405
0.8366933122498144 1.109186633118975
0.8052873504846397 1.071354148265329
0.9067138742427192 1.1888124593646812
0.8627561772311015 1.0900684859021343
0.891204140726338 1.117822203670367
0.8244333842061818 1.1058662970849111
0.9474678046312959 1.1569510695212808
0.9199370873352389 1.1387572872340381
0.914951832039171 1.15385889359531
0.8092598313953132 1.0097068607120079
0.8499621117392211 1.102829474625516
0.7785405333827661 1.0078741319293298
0.9663962701244735 1.1926317071949728
0.7946168238733325 1.0228689788707133
0.8555578860994419 1.1238171901165026
0.9224730781418564 1.22590888355716
0.8865929333174178 1.130700810545386
0.935468988926401 1.2093896165666282
0.8605187695313805 1.1131529456891587
0.8531594196839865 1.1381470263849973
0.8334408206988935 1.0897516868903474
0.8357354691648516 1.1004507534689818
0.8683336336465051 1.1524383276255556
0.9921950540517084 1.2138067601180904
0.8933032932027369 1.1723753996836825
0.8465753032943724 1.1102565498293164
0.8268369195863005 1.1020035056637822
0.9141382834493358 1.155806572816221
0.8498975150554001 1.1323994776098463
0.8281887367220602 1.0991726739253826
0.906780952455826 1.186673820825207
0.8206550843900534 1.0728923810801558
0.8883295045602487 1.1751402072950148
0.9128618159996582 1.1128665687555463
0.9309245233579144 1.2118493111384905
0.8151963479179649 1.0712323899890401
0.977205338181182 1.1859201996874436
0.849468379379644 1.130681015973209
0.932412442891354 1.2183915267160734
0.8310204122788458 1.0985882212170606
0.8681638825934958 1.1409050276408061
0.7572011497706705 0.9758467973869206
0.7885984935679569 1.0416642457834158
0.8837408400467226 1.1054005345628426
0.8483491099238711 1.121593918100015
0.8249570798734697 1.083674072025063
0.8655637716333684 1.1368923685812076
0.8552010564006832 1.12766503812464
0.8101209965435288 1.09101773595292
0.8210247499189764 1.0920964349193605
0.8714196086578403 1.1255965130836447
0.969775504447052 1.2080769061055123
0.9767361999637285 1.1850442077924728
0.8677628367080867 1.1515373213860773
0.9398426937432799 1.1810265145412697
0.8627498207336315 1.1365240144981668
0.9002092250608215 1.1650613935569791
0.9048286995477177 1.194246848782239
0.8349645771587144 1.0938074315806137
0.9421645724028173 1.2013302111638577
0.8596718126813492 1.104103080596949
0.8560617822860542 1.1387414947348993
0.9414542878984515 1.1954546408191424
0.9272958883060867 1.159278608503067
0.9113595747601402 1.2033892301467426
0.8004600377728945 1.0695291304809
0.9932990625800467 1.1999167915715958
0.8596518076181928 1.1157842829449283
0.8293699521312927 1.0935872441567294
0.8971150667406188 1.1461889477757456
0.9197146188943204 1.195328354502184
0.8940544452367878 1.1776952303597714
0.8513498673859654 1.1204119434137065
0.8422416196009067 1.0884035212391703
0.9696540854947274 1.2152382404850668
0.9131214552694429 1.1660294833571876
0.9116085493323093 1.1782035064511784
0.9009289003339692 1.178116951864556
0.8251474759526387 1.034725891269347
0.9187297034982589 1.1918771172688067
0.8674567018442136 1.1396691174877898
0.8142699234145332 1.0871670179052737
0.9229795726987979 1.2075028783646686
0.8039415376532734 1.0782604717245399
0.8007616950021343 1.0606586237987081
0.7597830926707451 0.9736965447534234
0.9277481559076936 1.1344046342295897
0.9441213056841429 1.1826394100728028
0.8778705615012923 1.129004512935457
0.7928395450741039 1.065787804542965
0.8518140837132495 1.1171089997161068
0.847510127828834 1.111688689186691
1.0359771829617404 1.2536513075925646
0.9149080369945796 1.1843269583509661
0.8016984009307258 1.0697282394630032
0.8369381227809458 1.1031277372440824
0.9208829684825136 1.1738341281207094
0.958379341956657 1.1843259409938662
0.8477730991235773 1.1292000117428365
0.7939896428597077 0.9310714802018254
0.9273162782604741 1.1602570085038366
0.867048742798117 1.1371838911553895
0.8094333039320276 1.0562120744627206
0.8972477117242499 1.150590480119688
0.8861907177015799 1.168462945677049
0.8843647751528068 1.1008740825030061
0.9175021657828232 1.1882151934569598
0.9650592102931608 1.2044126796342203
0.900431238079245 1.197486371899692
0.7701015084711245 0.9668123968730451
0.8987582740202656 1.1609137661963294
0.9427658303412071 1.1996879235812057
0.9128812902376452 1.1701415890213478
0.917766537961764 1.159193850091465
0.8090734727300597 1.052777837939471
0.8190747555864636 1.084529833527333
0.838328354183676 1.1101537188854287
0.8780855071298954 1.18071053984855
0.8625301360937144 1.127621454534678
0.8107882235539711 1.0724853364682538
0.8812177308107803 1.1035950555948537
0.7953839740679018 1.0233789832874851
0.8436177903080492 1.1138451556446172
0.7989976057100004 1.0381815122985443
0.9567455570083347 1.2225050196252427
0.8199729087467209 1.086930010431519
0.8874747072092154 1.1396364652283766
0.897013356265844 1.1414869291780478
0.9012619039158453 1.1053164908659616
0.850411008537846 1.1080964472863173
0.9281345243185809 1.155135676576435
0.8743093284192789 1.147931529791036
0.8055243324819369 1.0661568457714365
0.8244454860124689 1.0249399371031211
0.8349378919736735 1.102173970207779
0.8423871616586855 1.1238056693642287
0.7819535748087049 1.044425765109789
0.8906780411684088 1.1607231362413728
0.786735815031981 1.0555477911703792
0.7806363324178305 1.04113418764461
0.9411678978343181 1.1855281702396465
0.7882802925223036 0.9553246037542399
0.780179926912562 0.9924885401478205
0.8554137536005313 1.1157244627984069
0.885078119660085 1.1219754460743112
0.7658771236051799 0.9969524569410828
0.9102059070196843 1.1563962161262038
0.8632965086257924 1.154542734420597
0.9533216161717261 1.1759630522180549
0.9371407576804526 1.2161408406420988
0.8475599256257751 1.1213940549914938
0.9354129244429922 1.176356852042891
0.8376583893310774 1.1165339422158447
0.7665285948176318 1.0246094084112576
0.8898691078831023 1.157134092290378
0.9017875549992744 1.1410427187249537
0.8967100769200552 1.148901430010389
0.91126504372452 1.1798634781209316
0.8592798267415022 1.1315861256563002
0.9661438271983707 1.1789817326148335
0.9732083467169526 1.2380929458032828
0.8334247585567442 1.1001970107907977
0.878834153221366 1.1382377830618298
0.8306161221016082 1.095015872706117
0.8501680419149904 1.128836948579655
0.7733997532770012 1.0181717661162957
0.8029914323571521 1.0509971984908284
0.9133647085545544 1.1588442237534018
0.8402158164543102 1.1188780960741438
0.8013076732057751 1.0635992323360157
0.8657139042036349 1.148150313826527
0.98214764720498 1.178976449347613
0.8762240237058049 1.1703699565190373
0.7968429288875619 1.0616257244988374
0.9035082429614432 1.1902660457820116
0.8366735610136852 1.0665938525863508
0.9764865062020724 1.1983907892153605
0.8488847787013791 1.1079936190233637
0.9402373766072714 1.2045850532769031
0.8317552009240347 1.0860543232881295
0.882458282665743 1.169726015184346
0.8600803090002547 1.1160013947079905
0.8940201859703385 1.1420105211710667
0.8753449525117643 1.131393554855159
0.9756576501092473 1.1924952828868423
0.8869944054585446 1.1510090706387068
0.738494183971752 0.9239423651048646
0.7833473891195675 0.977140006105207
0.8282811453279517 1.1008739730071082
0.8905171318527697 1.152881525289027
1.0183294385613237 1.2190591391312073
0.8482429291936432 1.088367872711753
0.8236825724603083 1.0940952425905732
0.782660582046323 1.0374549598603668
0.8950043701109233 1.1649751378608828
1.0388989467779548 1.2283231763976377
0.8479372777512016 1.1251732393974334
0.7842646128950703 1.0432863892367799
0.8890806422037185 1.173019230129244
0.8318669581829126 1.1132328645936354
0.8300309130871122 1.0815024513949878
0.9887473547002512 1.2033231814529068
0.9604774213213053 1.1908037835030565
0.8922319989261019 1.1685898793297194
0.9213540923681584 1.1865370842300875
0.9568840076536049 1.2155626080186155
1.0443456272117024 1.2805301198920038
0.9145092804800147 1.203740103201821
0.7952283170522279 1.0565479889138598
0.9712664865927498 1.230475149763919
0.8430334211867356 1.1313374476420979
0.7637841025160121 1.0015521825607752
0.8254748477467971 1.0475758571993508
0.965512392618827 1.212554721082997
0.7903110972597902 1.0210153615601039
0.8212522221987932 1.09090187675776
0.7536705401222186 1.0062181400681647
0.9558895181772685 1.237039846110604
0.9264910518976003 1.2093986527380056
0.9523754628066952 1.2028827708003265
0.8843037634237927 1.1651876095561802
0.7624880598207603 0.871754772814253
0.8542253758915626 1.1062522154744876
0.8153064144025478 1.0731083721117425
0.8661383837100574 1.1285001604136602
0.8193357774067703 1.092289267452783
0.9139096332147467 1.1819215043256062
1.0237283580604064 1.213582038190128
0.8517878550525433 1.1272945628395457
0.868061094757036 1.1486280359597134
0.8968401176525913 1.1524761703495003
