0.6926157890964837 5.9296534437907535
0.594694855305198 5.299475976149852
0.5341845418002659 4.8360596900617505
0.5616991646231203 4.77948492528146
0.6032812899862383 5.243583968140833
0.5738985682769 5.230324398417277
0.8884949534128048 6.451152680781112
0.7257305966553209 5.340069828343932
0.7801044559940191 6.163284782678053
0.6559088749992581 5.454519853774083
0.7622675524316035 6.201224913946922
0.6333591561663601 5.981141934276806
0.6577680470859786 5.044811548430204
0.6725673056641761 5.442089057719297
0.5553962321909596 5.197378184991789
0.6086541661571503 5.458286161823671
0.6437639064497702 5.757156212706391
0.5619704912172062 4.723327515340895
0.6281088100391515 5.756585297037306
0.7301713063264957 6.347281640682652
0.5969006664733217 6.334413718412958
0.7526454244703293 7.023294133435185
0.8680344942451188 6.409612978278302
0.7622266053491691 5.841569705518247
0.7372139452920157 5.95923532732156
0.5718044140079035 5.180547976094706
0.8104667848844973 6.3566400030118455
0.7251703949654699 7.775202050274348
0.6506871533817029 6.000903694947516
0.5778534609935675 6.277098394051103
0.8244083410185981 7.844141493058411
0.7077800995118645 6.40946048365846
0.6003900853632584 5.805825171263184
0.6646361754689852 6.095516090094605
0.6737724397779169 5.7376368809973535
0.6237800009482412 5.929003623767182
0.5944880730908342 5.455928676184808
0.6557162362156042 5.842144863060529
0.594127555419866 5.409270027443575
0.6717390941260235 5.320543025381987
0.6535900201116359 5.197376046013357
1.0058873012797043 7.672305400794208
0.6461323570530654 6.095447004828696
0.6858952836585783 5.892347418580702
0.7388455904657444 6.0529078320899625
0.5509045036424164 4.890771312235559
0.6397750546448739 5.0119930189713
0.6048942119014246 5.237683129836533
0.6342211911399316 5.260200702067945
0.6947971120768291 6.469875404654751
0.6784316310568338 5.367518871099093
0.6810249151213162 5.533292592428828
0.5888248749409881 5.385882599688269
0.9726406964664296 9.629738527158215
0.6294048369976947 5.908340128180656
0.5515074718266291 4.983958079391317
0.6824998248313693 5.67862574024982
0.6672545760542026 6.059806043966463
0.5628199208720609 5.165345160304929
0.6852015225858981 5.379745280366402
0.6199104692255742 5.379710702378812
0.6180719408593076 5.623495059741907
0.7197798585520091 6.502518538808989
0.6059981783823546 5.695025418850962
0.6502473279948461 5.646839614574782
0.7557211698212831 6.5387960751813825
0.5837745096106549 5.089342828509787
0.7810133014627416 5.915958598258897
0.7591803328969781 5.608959176373183
0.6159431561446466 5.006618198373558
0.6471786929234878 5.800993553050854
0.7106464829550885 6.130631375775167
0.6733593522002974 5.759563147060155
0.7397619015660346 6.146685574500279
0.9186601625511799 6.7359452384710945
0.7475191569033007 5.916928913774623
0.7363452037252143 7.383565768819288
0.5411426807157296 5.095058121039974
0.6038079959979773 5.217972461066489
0.5933455702779815 4.570817133717871
