0.7983791233382174 1.083773370268397
0.9366912357350177 1.2658834850962724
0.9649809957041118 1.2815559481376093
0.6785892791021405 0.9290252357870487
0.8184937889171611 1.1130220873904582
0.869125400744884 1.1657531076517755
0.8589969146059361 1.133594811091021
0.9026464766048276 1.212553437506502
0.6693964039203832 0.8812931848645903
0.6753205239341935 0.9012120926627634
0.7457925543628265 1.045720183636426
0.8636382340920989 1.1837400017029347
0.847037163912337 1.1595775323127944
0.9680627105672494 1.346070033195609
0.9957692386742303 1.3968644024271615
0.9160442570390257 1.2531821648473855
0.8325753306776252 1.138710108980742
0.9141192338480839 1.2345808105386242
0.9152185265117945 1.2273047745697285
0.9191979576726077 1.2222199460282366
0.9246821059578656 1.256998956744881
0.8391042587630706 1.1349144542513336
0.8128539495155805 1.0944232599320136
0.8861774986296488 1.1993384101195501
0.7374238534699572 1.0140076497597266
0.8395556757002177 1.1508244566771948
0.9424515992675554 1.2958495940929127
0.7256449269498078 0.9949152888076295
0.9383770848155113 1.2132387467128092
0.8848474727185243 1.1804007817902984
0.8753195975129839 1.1842159003717843
0.7614047508456881 1.0620444046601
1.009240194876871 1.3454348366379214
0.8261804275883309 1.109417123301433
0.7534538604620381 1.0273207915484963
0.827865140033663 1.0984998256081417
0.7904445324610614 1.0398663958506473
0.8510944506863733 1.1611080402024203
0.7989653409546298 1.0377062321084853
0.7242701508095005 0.9896154204627238
0.8140535967279977 1.103648856346855
0.8076804287439736 1.0843434468217135
0.8961345943332796 1.1790009868990103
0.827330446916007 1.1266235240203688
0.877980491996565 1.2374951653880115
0.8173711250754595 1.0898247493994404
0.8763937339590823 1.1980374973547219
0.8179607856459411 1.1374312696726459
0.8836306792618187 1.192335483038915
0.7724217428141752 1.0684669342985307
0.8455790321852094 1.1215418378195192
0.835695064037012 1.1286277371937432
0.9740675114410349 1.3125073553881428
0.8494146449233027 1.146253216701892
0.8394351305245588 1.146871130031012
0.9261594067061993 1.2667920298684097
0.8575225116154266 1.155344167104115
0.8936916398641879 1.2236146300426989
0.8194752134255622 1.1189152869933081
0.9220436567063022 1.2482900916522435
0.8245123627779296 1.323157539544517
0.8623941055820415 1.1717436993229562
0.7907119702555576 1.099833513171131
0.814851447375791 1.092873477866856
0.8190700452068009 1.1083991459312563
0.9234131804130046 1.253818482853911
0.8778440001281161 1.173810908899657
0.852951594610675 1.1868035026974013
0.771857967749885 1.0464499359266966
0.7057647274299058 0.9580309828919608
0.9255170288688465 1.2357351869254634
0.8348055977245666 1.113586106320164
0.7818744149816068 1.0670677035314946
0.8553756652409553 1.1641238077311715
0.809032994287214 1.0879996848505908
0.9941668879341278 1.3261660012412195
0.8735357685090354 1.1917908696608213
0.8009347721666158 1.0758388048140377
0.8273430942233632 1.131279330409233
0.7732131035326623 1.0453355378258302
0.7917369531559554 1.086584404818038
0.78380390024659 1.0685649520618186
0.9859203975793924 1.3762084635709864
0.7734194863223266 1.0627428072248228
0.7597401403431848 1.0278433049414994
0.7353955344934298 1.0210161895288057
0.6957081618084426 0.9324724794616068
0.9755856280308188 1.3485755722225836
0.9231563668071319 1.2475873783838844
0.8635019130250122 1.1851046289552674
0.932104195458821 1.2790519647544054
1.057051288195736 1.451602792769201
0.9119490901047652 1.2995013659569086
0.9875739417217674 1.3080585811001642
0.652381466933593 0.8702646755683607
0.7881091223218201 1.0808932129343558
0.7041883830308339 0.9078765298886053
0.7680495310067162 1.0527407948263985
0.8570841591912721 1.1580919218025385
0.943322249705666 1.2526445215219701
0.8481094353788231 1.1953288485701634
1.0125825537041175 1.4471841744807532
0.8344362466036142 1.135878274133325
0.7048931896946427 0.9573437944559882
0.877865238482469 1.219332974234576
0.7996796840352045 1.1161449467329219
0.8364728574555194 1.1233167645574884
0.8881914527880415 1.2241387325692292
0.9535007680492182 1.2881613513676755
0.9666180883227942 1.2970626653664783
0.8935892734755131 1.1897503756166463
0.8055830350403088 1.1055174278559248
0.8987302709248939 1.2432460028145331
0.866965983750646 1.1961145901456454
0.7952783889546904 1.0663280628744456
0.9264245397583314 1.2147084067636578
0.8490021231823136 1.1482575345008572
0.8398596828516519 1.1090868902567923
0.7670183652917943 1.0514028135795677
0.8561448486891483 1.177594380904395
0.9348480073828235 1.2817248950060531
0.8908377131305628 1.2045559592751287
0.780136785487177 1.0444234631023164
0.8507452275238193 1.1625940041886933
0.8103472555709842 1.1146942852117605
0.9734078120420544 1.2879615166938978
0.8285877811022029 1.1294919779427453
0.9072373666375246 1.2832835630915564
0.7684623738032403 1.0471398652731891
0.7230909170471714 0.9914004000747917
0.8219739987978523 1.1542707676911632
0.7768864382384915 1.0559990690454777
0.7280154785818891 0.9899383197731442
0.9968034468558511 1.3642639228477422
0.8270709469557622 1.144230655727385
0.7878926508340127 1.0450972084892798
0.8994616487156113 1.235659352970767
0.9324176892730729 1.244969237641189
0.926558536533017 1.278115905213836
0.9083809444389404 1.2226773410450635
0.9630601761595068 1.3306973408970806
0.7883937505751022 1.079256506905195
0.9031662363283519 1.2254174556421635
0.9051702248414961 1.2206591913272336
0.7793149489324463 1.064802949957179
0.8516917622656137 1.1438073157363413
0.9899342724480904 1.3421988013714694
0.7476456496216082 1.0268016571765277
0.9213914068413649 1.2383558917126518
0.8790433204972794 1.1920862059176933
0.7809488973882717 1.0599030776683818
0.8470590247208539 1.1166825458629872
0.8307564225295836 1.1425211414348695
0.7914794082458771 1.0960055664881316
0.9298931947299108 1.2324559983538932
0.8895261375833651 1.220455795172286
0.8664496330708233 1.1958044376769639
0.7295183793301703 1.032753040955147
0.7599520509108526 1.020081015996671
0.8536728240933691 1.1723096893604046
0.8003535859833392 1.0916196380993648
0.7884736453978942 1.0751711477738188
1.0729533371890037 1.5156649223045664
0.9425985321871265 1.2966731878442588
0.7857847976884857 1.1017711483963302
0.8452197027865077 1.1517638132152261
0.8315177745797534 1.142726237266621
0.7732793219898679 1.056122334735027
0.7840409422752341 1.0423988993564683
0.9545684627021794 1.30665264383657
0.7027887282540539 0.953751368645805
0.9212191108922644 1.24840891638953
0.9213373882393057 1.2731239550875815
0.9090937461468724 1.2336919127478567
0.8924030516637689 1.183528132506382
0.9125524443519845 1.1698350691815071
0.8989166296287944 1.195465750346003
0.879795839662129 1.204838197860568
0.930742914120261 1.259070022596792
0.7187057592948048 1.0025616322366901
0.8818474600887118 1.2140238657551543
0.7859521676945642 1.0711619159908028
0.9163027028029408 1.2179900046269836
0.9248933503849983 1.2752912799502738
0.8938827654807578 1.2175382560585297
0.8592194511800149 1.1740083313663296
0.8432932515862616 1.1567101254702432
0.8576863860448729 1.1657307092289462
0.8867041594601812 1.2182697093009078
0.8380179897573181 1.1426441641977285
0.8009993070861643 1.095160023957252
0.8498384164794992 1.1380665635569542
0.9029547974733187 1.2289908760048678
0.7320607098930371 1.0051817205569884
0.8677157176755134 1.1869740125220132
0.8178187929254384 1.1226271561219803
0.95700071501938 1.3011434418223362
0.8133697185925253 1.1234265027908885
0.8678044285419229 1.176994302085065
1.030691028261348 1.412751231429853
0.9705979008117638 1.3022854052282093
0.7836031429089122 1.0786109767385001
0.8071780708420007 1.121676771279715
0.8783677034741747 1.166566907662857
0.9529479935544467 1.2544277846145353
0.7697319914479341 1.058411936753297
0.7790646219381995 1.065632989046958
0.8136612982851634 1.1369606494505846
0.8596059183310462 1.19292931534066
0.728130534538857 0.9984679006052224
0.8064057279906242 1.1167032935811556
0.9111191547597779 1.2317585974487248
0.7117361849614928 0.9692782891373901
0.7135194334413631 0.9550059308847283
0.9278353894685683 1.2417345597692175
0.940787467767543 1.352384406832409
1.0365564135442336 1.3706458444904723
0.9072819109584083 1.2669183774012645
0.9006553304753171 1.3429743181025215
0.781824662569858 1.0773700351460123
0.8016635207332533 1.1035786358765398
0.826010337971268 1.1534907904983975
1.0503941252063034 1.4651888280941163
0.8775707972929523 1.17232043271001
0.8564878086486871 1.164903604323789
0.8101869906284802 1.1027372341346577
0.949792451147216 1.2980567608189775
0.7004018812733068 0.9896789230650935
0.8996948026576668 1.2372200804027071
0.827957436496331 1.1496473222420438
0.7476562496485316 1.066308370241541
0.8219721774969615 1.1198238583033016
0.8265430043041155 1.1237873808496284
0.938606039337763 1.2830114697060142
0.8150087103834073 1.0947333105635848
0.9222487658846839 1.2357371662627334
0.8078387217670269 1.079980794197795
0.7891636793265047 1.0999628434688213
0.8365151629098317 1.1450801212645942
0.9574322998416241 1.2859567318678051
0.8923248637197512 1.1875923585724255
0.8251487162112353 1.0994711121731218
0.8523425008348071 1.1615343729714087
0.8716860447246038 1.185770593776835
0.8252390492924384 1.1429668504938886
0.9441975778191974 1.34289636217831
0.9072645443016613 1.2443489906820733
0.9356914930235082 1.2626688771898835
0.9967592328231231 1.300825991181162
0.8359429542898084 1.1412392669013194
0.8539054193546843 1.1740045373613772
0.7526700230096974 1.0495205170142738
0.9485215175330903 1.2675505875485655
1.0017534076824919 1.3134707243595427
0.9133750497806897 1.2483270308778975
0.9682412601513884 1.3440671406210218
0.781372707683216 1.0616347441729632
0.9126863134812022 1.218519165230668
0.8738918913292251 1.1973815289819785
0.8813291104513906 1.1790157898731048
1.0137333006560802 1.3724081081497836
0.7633813858108696 1.0376718891739207
0.7399447046235755 1.0087566177652678
0.8545386010940613 1.145648732680356
0.8970582986392501 1.2019730486561802
0.8556264058500169 1.1969566601181412
0.7089840209398388 0.9493222239937416
0.9238391425884256 1.208382547948414
0.7402927077976418 1.031163224007541
0.8176722270381627 1.128591503309925
0.7234284209355858 0.9961115960712345
0.7773154779404998 1.0515908111491346
0.8119999422555676 1.1204457422156617
0.745931313035658 1.0160600897205263
0.9072529234999837 1.17820472203479
0.9128930065820327 1.238813767578883
0.786092123702721 1.1098649662207716
1.102289238921328 1.6967793980949304
0.7857299337029839 1.054242575644293
0.97738808301983 1.3329527227244695
0.8695726117020569 1.2025655070787633
0.9035311757413864 1.237571600058429
0.9369728565986672 1.2264786247504629
0.9311963500972316 1.425261109188289
0.871901930599704 1.1903588999706658
0.8352941064006277 1.152802188197101
1.0652459451576681 1.4670480088406053
0.7830777610583246 1.0668272563496086
0.7235482163013168 0.9596935647815726
0.9693661352874595 1.3113060854413123
0.9317330366620677 1.2392019962031628
0.8115789549341561 1.0966241911315626
0.8210510176303898 1.1314530573470272
0.8531765104568413 1.1876984855705839
0.6965902600282647 0.9575281874973869
0.8325725024306831 1.1431113481041635
0.8296482809819286 1.1343388113490143
0.8113545737800953 1.0846053109737634
0.875116167083946 1.1788269328151397
0.7216004619882905 0.9971669481822059
0.863832149694292 1.1505497854088218
0.949713630135104 1.2966604410014313
0.8118393662332773 1.1062848662853364
0.8627670712261956 1.1713798445246049
0.8920607540168073 1.194167564229631
0.7876535025937156 1.078936844228502
0.9009850619541485 1.2449725559846947
0.7808812244548449 1.082119070646328
0.9143366320116098 1.2093864323684425
0.6870838149700039 0.9166646047986755
0.8875168147302204 1.1923074333772448
0.9165416750621549 1.238058460145312
0.9806563124669507 1.376663450848538
0.7517025409203436 1.0563834958015785
0.8850848928170714 1.196258780549161
0.8061753360651001 1.0960037715879796
0.988368747779236 1.399716890944307
0.9266051669210472 1.271362019164427
0.6502354511771039 0.8371025084810362
0.6725574452597584 0.9145969104674778
0.8480746431891082 1.1511740495723135
0.8541058904111476 1.1405464862554324
0.8352306570077954 1.1411092963052494
0.8918920101646686 1.2108785723258233
0.9105159295069554 1.2165679496288955
0.7998375421416903 1.096631542202206
0.9378360150132459 1.2820483161949983
0.8413132175449144 1.192846118047574
0.8843644049230939 1.2072428646845776
0.8883025103141419 1.2001247041935315
0.9234969529908004 1.2597850190944713
0.9140249182032314 1.2062925625605923
0.8720968331809004 1.1655969494225353
0.9158038109924659 1.2859046968608252
0.9355043334705886 1.2806406749745751
0.788126084176046 1.0595637274100436
0.9297742128722697 1.2393040295910698
0.9174633045494467 1.2296543694170274
0.8675219881771459 1.1769724955634224
0.8510149033079126 1.1165232197817043
0.9465899701057717 1.2736478671006546
0.7981171250093095 1.0759689421085588
1.031789677858598 1.3471798665637553
0.9347739130474327 1.2580780896154495
0.9056528566976102 1.2639706588133888
0.9057973348175166 1.2372024533290318
0.815476851372886 1.1988717382888139
0.846302891217504 1.1415893973677314
0.9065287780141106 1.2046186636611136
0.8069511634474897 1.1040213308061806
0.9318828374642047 1.2828508771909681
0.9012856387572421 1.2342906350140659
0.7044105264117885 0.9601869318631
0.8038778408870444 1.0809795406262968
0.8228826963456962 1.138860822154132
0.8813059748609197 1.1920737894006816
0.8118736867812251 1.1102340650606148
0.7765887028289019 1.0516941674587938
0.7334050422001689 0.9762233281280577
0.964537417724679 1.2648054787999568
0.8140189280537249 1.119162422014342
0.811569386353193 1.0902930289592259
0.9311188614588419 1.2577344318620565
0.756000642758066 1.0325737226270777
0.7673024293131763 1.0529290546249053
0.90190972516419 1.2214040865093387
0.8272237966801601 1.1446215844141228
0.7989090006718631 1.0807677193128293
0.8458822769421126 1.1564229448415846
0.922065076554664 1.252141234046495
0.8658200986840843 1.1505762109452877
0.8099811524170272 1.0979846039984569
0.7554666292908847 1.0297396568358241
0.8999794231011711 1.2246908817197935
0.8295498522975218 1.1520424569433618
0.8983727323202504 1.1877747391327762
0.8838675551877561 1.196805135165874
0.7874829406594727 1.0678676040964976
0.8092834050315254 1.0784199110050587
0.7858215750334719 1.1096396829283075
0.793596860025163 1.0826240869385189
0.8245667862402315 1.140038476786477
1.0421337486012063 1.454181594037831
1.0048864102170882 1.3695601487932383
0.7317216858982751 1.005870387870834
0.9513604998414245 1.3131117813187143
0.7237675825953805 0.9916066518269238
1.0272925718405497 1.3750860279038244
0.9483608540068812 1.2882409092145224
0.925159058151461 1.2433783248702805
0.8843430082868319 1.1919478431649497
0.7798690721588533 1.056449746419243
0.8879049008263797 1.2112991325054936
0.9325799101773306 1.2531040593265552
1.0218785064756515 1.5528923249733837
0.7810969001987238 1.0815522884336382
0.852715818727182 1.1672440740595964
0.8932164119989782 1.2111249961993549
0.7748310825285406 1.099037170782296
0.7239845317213264 1.0161908058680118
0.9362362865033607 1.3302811735175357
0.935575001598836 1.2237177013032818
0.8376528268332271 1.2374382113660163
0.8944035851694733 1.1806726339922267
0.8918421608736549 1.2076477922836568
0.8400875068689487 1.1388389589451824
0.8667678524423997 1.2208803757838051
0.9311440685668093 1.335613800220022
0.9431827681903477 1.259528568613935
0.7542402343151647 1.0302003190785534
0.7744048214548616 1.0635857931659116
1.007976393322296 1.3635342719857606
0.9520674969145698 1.2773365906357774
0.8467240748873401 1.1382999411895582
0.8264464283232226 1.1480037998435653
0.7752722817897569 1.0611437512377262
0.9042290547864242 1.2460442011858517
0.8175826104879429 1.0975777160637685
0.7976399660463624 1.095598078449271
0.9361225069612684 1.2920264759126763
0.9260657020831304 1.2278398044733512
1.0094691058866543 1.38052386187249
0.9775280229171535 1.3156917414863385
0.8723718642502518 1.1481121051386292
0.7259647087658098 1.0059242721246875
0.9113326905936876 1.2477657660542696
0.7778584796432577 1.0770575795049266
0.7552601747584649 1.0260654980678598
0.8393850122392696 1.1648708669907022
0.7312631582287616 0.9805085928147877
0.8178913739294325 1.129786349555599
0.864702023054704 1.1772843183148716
0.820080044231814 1.1258596078757594
0.7656139567225342 1.0449813736534268
0.864393550375878 1.1845505419783646
1.0826552387928878 1.48928224124131
0.7576146247908034 1.0602677664440816
0.7890532655043804 1.0911974012572443
1.044390966472545 1.3794941854835323
0.8243994269134147 1.139513676180656
0.9474914101941168 1.2636135256970025
0.8843006258694222 1.2270496738678456
0.782793183765393 1.0683120078410195
0.8198226011280929 1.1030683388547688
0.9274344155530827 1.2837899510742623
0.8167865448005667 1.1132720134143792
0.9355607809523605 1.3125343550170965
0.7905324587802507 1.0647929143542387
0.8390486970652269 1.1427688166498795
0.8055219262199034 1.0986100198404478
0.8356492176182421 1.136425033167765
0.6930721471179992 0.9429002109627878
0.8369778508277576 1.1553259516783472
0.7862100550317612 1.0630583645872151
0.8675246303731796 1.1906434416031273
0.9466604559100185 1.316181494261418
0.8596847342596854 1.159968970701107
0.7925456540696916 1.1186409928518137
0.8802862569820583 1.1940107270886404
0.9381506341736546 1.3572927758783653
0.9303110153971113 1.3092861680959749
0.8651518424956393 1.1750145178279658
0.8082852913461009 1.0890611328817141
1.0765100429068348 1.4447549407133582
0.8036817708828276 1.0955940257267203
0.8867966908703315 1.210637243990484
0.7961611179076256 1.092543323244295
0.7457486120057102 1.0243248786581722
0.9309229880723523 1.2320109320381247
0.9131378762413088 1.2474648106620967
0.8703886955530291 1.2025037591751937
0.9584420249717207 1.341865492613532
0.725818152864228 0.9911547611118182
0.7133579694799246 0.9684539578082348
0.7695277222052854 1.0525555862178868
0.751764556983034 1.0250564750637816
0.8641112115976131 1.1665216903314513
0.7958441719638284 1.0904419157338086
0.8561722394525236 1.2367424449768731
1.0489789895700123 1.39981297761999
0.8877074230614577 1.2228818505677306
0.8094305481114556 1.084155609981765
0.7383232621777492 0.9948234027547346
0.8334256103885285 1.1298908257868079
0.8386052144296214 1.1604022840423025
0.8602904811897434 1.1806111511288648
0.9730380335625503 1.3407648833207062
0.8249328340598769 1.132823897419759
0.9354856500040842 1.256778755741486
0.9546865312961706 1.31500241834274
0.9226553236711078 1.268740468170586
0.8281870529343995 1.1094714275443025
1.0561311716874386 1.4446835208909645
0.8485710007278857 1.1659017064209627
0.7958934271552018 1.0902327170242372
0.9021921833713924 1.2459861080775951
0.8653004810691134 1.203893140039873
0.9016790479826948 1.1971255356032917
0.8413653757059911 1.1744104188726094
0.8839930580304974 1.2015301809424794
0.9514850572003772 1.280916006151206
0.8960145148109079 1.2105070823740451
0.8409177419096677 1.1516327493005183
1.0201034933893383 1.3510558581839598
0.8296142798723114 1.1241435588253514
0.8060989637862657 1.094443327683297
0.918183968498535 1.2330727462793778
0.781918910570089 1.0941394772107946
0.7275878670186406 0.9807886756605133
0.7875167283949219 1.0758010018064013
0.850120263920644 1.1328933770577843
0.7828943655396146 1.0365873554660985
0.8146282009654164 1.0826201131798003
0.8356388544144425 1.135519352936385
0.9709735382960889 1.3132826865966198
0.7628320239912261 1.031430945014229
0.8510461561850962 1.1555518160304208
0.8677515033509241 1.1501595019512412
0.9492585727961527 1.229014869242008
0.8480460020414451 1.2081506700330635
0.9173040922398852 1.241908187642646
0.8589559568219381 1.161463178919878
0.888164927618207 1.1852703636216233
0.7916790310625043 1.0807669680780267
0.8283434922643856 1.137176100492246
0.8076136536339773 1.067745903589753
0.8638215850756472 1.1827500967017497
0.7390417224397939 1.0336946986269913
0.7665434736871803 1.0399221157733174
0.8942732553868071 1.170835926800016
0.9884820639181425 1.3808069331183834
0.7614880551923099 1.0333964106514928
0.77813917498565 1.0566522936754645
1.0217187045014118 1.4098561268947578
0.7032475563775678 0.9294464123898845
0.9266207639422555 1.2309497830529195
0.8326975031532055 1.1463140009467243
0.9069574197833906 1.22396420966209
0.749657066152619 1.0259583396852203
0.7889953252531412 1.062839970134836
1.0386168771803321 1.3451080254684649
0.901546460246998 1.2133471749653288
0.7237934035200307 0.9935934677535132
0.7516247895102232 1.0168912397816048
0.799644801616787 1.0907246435089282
0.8446210413520614 1.1549355871180809
0.7624839617210227 1.0402541694330607
0.8587117953760841 1.1889707459090824
0.8262027281693356 1.1269465874559812
0.7568754673386787 1.0191379931364886
0.7681069375696525 1.0659167035508854
0.8288012186492413 1.1613878676535463
0.9635589019571864 1.2742068852324882
0.7708068749176944 1.054479248838192
0.8791929115324836 1.2183117601180493
0.8093184319649787 1.1366401518653513
0.9365528384123241 1.269895856695668
0.7501879200412758 1.0293671457751192
0.7935567890300412 1.1212814770719048
0.8225024807629409 1.1027922698540513
0.7908363948319003 1.060230614287677
0.8592310904771405 1.1479768932123335
0.8259385651813435 1.163583078262491
0.72458770326801 1.0049081539672726
0.9842275583162794 1.354314164211709
0.8851765966169517 1.211724146989785
0.7465512308884387 1.0078593707133812
0.8275289724673746 1.1191514172787813
0.7976855975693435 1.0946260244105246
0.8811784730422227 1.2302166772811427
0.8711099472007611 1.190045423373676
0.9981665774044451 1.3747348633381655
0.7881921358916331 1.1878667749569465
0.6952581422011422 0.8883311868188339
0.8699540702544524 1.2046454545293306
0.8286846440800693 1.1420206626754617
1.0183741575621257 1.3550718303718474
0.8753362656719348 1.1815834824895277
0.7751308722799526 1.064198165511492
0.8059915022559109 1.106944178835949
0.706780932025486 0.956678058797525
0.9179481460248659 1.2465172233602617
0.7718670006569591 1.0520521579791973
0.9077931871097942 1.257840305669976
0.7432183118179959 1.0147810066294054
0.7088679981580767 0.9580310137038479
0.7928868786187364 1.087059012359374
0.9245449756399311 1.2517787754379055
0.960859300510372 1.2573846453980044
0.7478911090084617 1.0224274222556011
0.705512851491835 0.9557449242042926
0.8833374525742219 1.204861741143949
0.8190085169396625 1.1231047912984646
0.7434714861503262 0.9940893291804587
0.8479085452159956 1.1455735745876061
0.7800254448916881 1.0665855168245737
0.9587849736115424 1.3758008810943256
0.7812817696938923 1.0686994816189372
0.8842879234439747 1.1981547117890567
0.9200451591954472 1.2358205330719092
0.8014371441897984 1.1059645476951525
0.780062935207495 1.067023811700649
0.6269831429812949 0.8549283986308074
0.7854999651367685 1.0586825816066157
0.7661237921086672 1.0474020402590571
0.8541575203309599 1.2212978214893606
0.9185201337791717 1.2205088647799964
0.9853460247882814 1.3381026052636036
0.8768668197814983 1.193958868338707
0.7355867072851059 0.996525165696747
0.9090690902820406 1.2037825959968589
0.8085988886419095 1.1095294480000615
0.9308315257853191 1.254135689911884
0.9039584751942996 1.2176605018281006
0.8128476896944158 1.122001005318555
0.8399796076836372 1.1320927209374427
0.8589378608701947 1.1763201482969026
0.7666725076625539 1.027658177862645
0.8299429811629141 1.1129687544187084
0.7713879095888303 1.0505814376684388
0.8737837175072313 1.2046222812419272
0.8327142614226992 1.1403304748822773
0.7768220618842429 1.085414040517159
0.9233109993205761 1.274509118115668
1.0053392574406719 1.3513287971198151
0.8621148267162562 1.1673698477961305
0.8629923683365259 1.2134449811665926
0.878709054138258 1.2116049559791309
0.9556841596997308 1.300863939738714
0.8822534648166269 1.2086018871633253
0.8277293604752701 1.1439649131300396
0.9226396643369368 1.2445791430206352
0.9101215149790519 1.1994414691380877
0.8799762224399449 1.177884057628753
0.9005582169681038 1.233823746775831
0.8522605353031973 1.165942902378568
0.8496430714297079 1.1545755803933604
0.8304422236210276 1.1437719491784257
0.7964358768163359 1.0784219869682468
0.7847496559254903 1.0867707590787208
0.8698349656444809 1.178347969453635
0.887088323795488 1.2522349869001022
0.8605013248215285 1.1773474946355376
0.8601094012042494 1.1720243995544553
0.8802769773115888 1.1743026917296269
0.9276349509963305 1.2896877407036555
0.798679903939101 1.1582113336794642
0.769172319339288 1.0554113492762656
0.7735867448485843 1.0510523381417753
0.912205101455567 1.2279344128211418
0.8149671119044697 1.111296539239833
0.8153499916811429 1.102854280740022
0.818738138429837 1.1048960653500393
0.8431177259438751 1.1512143102392836
0.803773269293718 1.0938398181684865
0.7560955501226941 1.0028433857027104
0.8301172353079816 1.1258754548134091
0.9179432597111903 1.2493966030755579
0.8867501268792947 1.181848893156607
0.9851826616845374 1.3263308218516032
0.815120106729535 1.1344516663333761
0.7371487749115541 1.0126771790189577
0.9220984824997414 1.2657095761456678
0.8500654657344083 1.1449657978036936
0.8234310019470403 1.1171671188550045
0.9452653110882425 1.2780492054606052
1.002169234004021 1.3210063306664002
0.837618730918325 1.1221297704224726
0.845813945152504 1.150436360248975
0.7904326378840865 1.1128215054901012
0.9541177371965299 1.3133817198091067
0.7227691543384709 0.9874172604013672
0.8110420840572611 1.1034806747657886
0.7301537932986789 0.9864978928668042
0.8071774933636398 1.1018269493022703
0.8325844852417563 1.1573602654998818
0.734899979216929 0.997140347233711
0.7726746429330209 1.0588722855100714
0.9182247765222604 1.2396794529984985
0.9118382820103561 1.2930944788946588
0.8981667775713236 1.1867050760073317
0.9389266995111211 1.2285116571709813
0.7809935632583388 1.0739351254988825
0.8536670039611286 1.1459099935308725
0.7213531058531947 0.9849529147977665
0.7402090463766219 1.0059898097367268
0.8397783059365925 1.1560820174365758
0.8676906656531972 1.1879579962116986
0.7574803142096018 1.0337753455086784
0.8218672505128255 1.1211136699153201
0.920715608280173 1.2783080733104644
1.0073389976775884 1.381486453058447
0.9075179250121514 1.2165923826341867
0.857747981384579 1.2044456002508563
0.859428365046596 1.1598242362515774
0.7869463428675665 1.0668756539752688
0.6609402730044565 0.8468138775479221
0.8391694889325103 1.1230439387425735
0.9495973983921909 1.2786806798262376
0.7774063157274047 1.0694441386095188
0.8468783244822733 1.1726864008132896
0.8714404216231566 1.185491470664685
0.9150159120306295 1.2421991792335418
0.7736255972295034 1.0294233091146383
0.8445671033308381 1.1339033345845007
0.8356344872423842 1.1425201941029968
0.7790330907890595 1.0630933589093767
0.8042570942206041 1.1126636584989935
0.7797408436037341 1.0566234779424453
0.8563442269305999 1.1836576408548352
0.8305609558784481 1.117231567536123
0.9027860945195675 1.2428308447992542
0.8078080808517698 1.0886547260961161
0.7440208345644106 1.0001369906152677
0.8969407561982468 1.242214248769297
0.8598086800178553 1.1312091487804057
0.6993476759722076 0.9487882095123354
0.9089896864679889 1.2687873643367844
0.8489870424583513 1.152294118168928
0.8691444943943969 1.1907253666780897
0.7553439180742445 1.0116243659064974
0.7479724012223143 1.0091932199274645
0.8816876976384108 1.1865394043847202
0.8422529688346173 1.1555598701255323
0.9700552519583738 1.2928793677116237
0.9085522801114231 1.20240276923898
0.7292831698587328 0.9729780417411891
0.9117349532751007 1.2719286534527656
0.8475187222505143 1.1762742938041977
0.7892926291515457 1.10169839379842
0.8095224761263261 1.1290972296609878
0.758364952024207 1.0375098400278469
0.768702432853144 1.0547376503364756
0.8458454404715195 1.1652830491747048
0.7833139694004054 1.0894423893680825
0.8006195969543944 1.1093397690966669
0.8644686152287555 1.1486303991421933
0.8613261318381384 1.195114790683304
0.9378404401345539 1.269621610421098
0.7930864335167616 1.0873747365096176
0.7263981902302954 0.991373605888311
0.9082399097486851 1.2214639583939542
0.9311561668587183 1.253933856172523
0.8774698922978063 1.2323841353924454
0.8264995455436907 1.1231654516317378
0.8927255646273918 1.2088596671612966
0.9960063808002828 1.3475323504272758
0.7901431599609714 1.0504173646648476
0.9543494398234146 1.3005702625884468
0.9081334593907815 1.2306617439716474
0.9475967781145676 1.2826360382303088
0.8648085642140954 1.181927563339845
0.9553954564948721 1.295682923527743
0.8239812361932932 1.120621189961316
0.8494033725851162 1.1374301920642331
0.7653423224140875 1.0514578496245395
0.8597954534211047 1.1748868142784126
0.7991964459396314 1.1030718525291507
0.8320508300724476 1.1332105949945488
0.8427072754941249 1.1628646626221877
0.8123460650270041 1.1002996348041825
0.8361231014314308 1.1087720639941496
0.8080548383379492 1.1115343341706203
0.7337813264062796 1.0099754809088788
0.8832682525848812 1.2079782804216814
1.0593926804507996 1.4347894511174126
0.9062238490534195 1.2296099448763218
0.7830801811688517 1.0608598269111795
0.760603165076382 1.0434170269029277
0.7422524440993845 1.0239274734315391
0.9744524269950285 1.3489780653558259
1.0117706235927209 1.325882335150797
0.7403462640578047 1.0270109580961997
0.7984893895452114 1.0916987063981523
0.7351337476091585 1.003864766719014
0.9725122403260711 1.4195181070244476
0.8657270482204725 1.2011775966145601
0.8417303937701257 1.1598656195111556
0.8195929357271852 1.0890359927446946
0.7997387566700753 1.0885007576661596
0.8455831833984935 1.1432659392623024
0.8646025226353826 1.1651833595789636
0.8811820824671899 1.2061825364596395
0.9160061498717552 1.251935331242957
0.8641635170216257 1.162492870268457
0.82689072057873 1.1187013566016883
0.7883902622107567 1.1453538248910884
0.8512462798976459 1.168701001812951
0.9099609432123184 1.2335538286648347
0.7430678650809948 1.017597427661931
0.817285980118185 1.1480797327672132
0.8011112066480459 1.0827734471747277
0.8529968521527937 1.1573610636679283
0.8779574837921434 1.1718550563483439
0.8103113361669052 1.1189347030393162
0.9480205482809325 1.291015881517507
0.8589691011361416 1.17594124987997
0.8816580236899092 1.1793422625283991
0.7698038199059576 1.045485173948435
0.8627249239320273 1.1738603992855832
0.8428402478403378 1.1459267502677604
0.8812779475015955 1.184231467490923
0.8991011642932311 1.3224265263102941
0.897774418979612 1.2266807939163762
0.8608215782989537 1.1520713200300143
0.7328700998190708 1.0059842320941481
1.0316266641136518 1.3977723363890848
0.9739831554065445 1.3366705536654018
0.8715878053567798 1.2148069033189741
0.9467449612691365 1.3142021321985449
0.8099720171599545 1.1189972896760223
0.9121048537265796 1.2591137030199677
0.8500557039706829 1.1527827018294217
0.9570374599007787 1.2953346878384868
0.7738014086513423 1.0627416473517814
0.8899074088088588 1.1716722674237874
0.9408594780706723 1.2830830516151122
0.7762123137635031 1.0556801779974987
0.7442124938803054 1.0287752973230555
0.7952471514119374 1.0826245435708906
0.6925766925631768 0.9197717972269954
0.9144685492112874 1.2420444630493086
0.8822074765586172 1.2132046652827864
0.7918246424650185 1.1104659507804933
0.7971365666162915 1.089387006694518
0.9522947947546776 1.3161367225602312
0.8459471913251199 1.1481111060205489
0.8778780785679857 1.1884620072666663
0.9349956765324076 1.2555528456864167
0.8537658614739527 1.1589992764968216
0.8707281008404757 1.1637020666541282
0.9096257170504121 1.2072038223210155
0.8481756954552228 1.1804242132086444
0.7695635958999922 1.0543093592478878
0.8334465582546707 1.130401694425902
0.8551919660591752 1.1293142352674521
0.8176559733742649 1.1415268190759185
0.8588811620329084 1.1548751984798176
0.832544873163708 1.1299770781036622
0.7650471966757864 1.0421173897129368
0.8809589598303218 1.1710860125735096
0.7370589997471377 1.0114580442547172
0.7530791304703747 1.0585866457542772
1.0501004880766147 1.3753821499540355
0.9377418968439697 1.2667896413264255
0.7733408853903536 1.0655275535233657
0.8202301718768498 1.1399467839433086
0.8060641186641877 1.0854116906332059
0.8344645284656885 1.143542908655868
0.7791206213809156 1.0938162120220687
0.8238429654231412 1.1616777579218405
0.9440452402117372 1.3008965401143935
0.7963131301164965 1.1078264298274942
0.9244104802032069 1.2237985937914573
0.9435805280715643 1.283008148392351
0.77511197255398 1.0492183053536055
0.9969275283216643 1.3822847431666796
0.9221158966476248 1.2628402086022708
0.9204462544384379 1.2697553812968485
0.8770926549969499 1.176383452887205
0.7341345559668263 1.00286348478729
0.7360806664450688 1.0046043233550552
0.9218812075511469 1.2337693243504364
0.771115181268944 1.063795913099588
0.9249931755143007 1.2216051600801843
0.862051964422935 1.1798962945692963
0.8451780272045238 1.1652706550993988
0.7461360691658361 1.0368742457696514
0.9456030998405796 1.299130236141172
0.8995768889823321 1.2470260474356638
0.8139305925202289 1.1005451476480426
0.962462098724261 1.2948579290924003
0.8079628092930212 1.111587110264095
0.8801348834332667 1.181107949351137
0.745660491024648 1.0010466468823802
0.8638111794942527 1.1521604915015287
0.7874694510373397 1.0613372467370286
0.7926757430251172 1.0739046008222797
0.9735407968350314 1.3302649037062826
0.8217998724800724 1.1286115905763463
0.8760251276291511 1.1945266419708989
1.0216097360238112 1.3965724013282803
0.8109278074808247 1.130602409243275
0.7606142269289449 1.0421584051666082
0.6976021351252167 0.9385058899910399
0.8270082984151519 1.1317553773761893
0.90744541942953 1.2416803666537228
0.842616068258512 1.195022612814773
0.8040858816735283 1.085474015031362
0.8535907757703453 1.1767871754564254
0.8944544844437144 1.2324650474256118
0.8846645926820829 1.2385237871439543
0.7619344025816783 1.0605277645756401
0.8305212526600065 1.1584339406246222
0.8280584419347493 1.1290378271004098
0.8238552357232842 1.127215154054476
0.9806177664951524 1.3160464317213874
0.7785727484958409 1.050274079481285
0.8453892897554133 1.133535298674264
0.8093386478383207 1.085734117586017
0.8307513409293694 1.1273049129120487
0.7537451208882283 1.0331191678982201
0.8810780462802446 1.1635306018659723
0.8381232848489771 1.142432863964957
0.794828108526042 1.095537763030854
0.909023749459998 1.246714701769915
0.9577613958054023 1.2580999345331756
0.7239009697149338 0.9940685081444706
1.0202626236591406 1.3456641030597618
0.9053861815654048 1.1984553446259623
0.8726645237601015 1.1960719799598434
0.8809046082043595 1.1899728994942316
0.9637859224443999 1.399491609907791
0.8994787703125027 1.2254959951414688
0.7950172395713344 1.0700947992801653
0.7679284986542757 1.0540722670431628
0.8854025755927648 1.18783953806398
0.7776741021080327 1.056632307111437
0.8375889674583876 1.1303516847451396
0.7872141789065834 1.0911365815636496
0.857943229382696 1.1660319938484514
0.8959100457377811 1.2423785607672588
0.8829550101432357 1.2077548278968906
0.8327953064568933 1.1311960230413245
0.8449992819244851 1.1513852726224951
0.8813748146553924 1.1768780090209778
0.7231006045331544 0.9853518493553821
0.8861939229919215 1.233117926000817
1.0365677703346075 1.4719470915825763
0.9299562396672553 1.2720346774337863
0.7439645092174434 1.009758079873046
0.8806058056774835 1.189606513545382
0.7746353713249352 1.0473913299126842
0.9323644188147102 1.2699564631984719
0.8342928293673807 1.1395460311090961
0.8835117995856792 1.2127230459116538
0.7326113809872677 1.0007068001647286
0.8162406533181505 1.1032113682769211
0.8352514719054664 1.149378447319195
0.9623757906240543 1.3053841912310304
0.7729718666323666 1.0566567906055915
0.8741203380715842 1.1325203756597484
0.8436564152175177 1.1398604801052854
0.8543663419367807 1.1524357692987963
0.9587920425005507 1.2631009886992777
0.9064406714921303 1.213824611858229
0.7387235993260448 1.019173248624326
0.8903497093429751 1.2388971232845585
0.9208457613407429 1.255320666234879
0.7515016881490127 1.004161772453576
0.8787149743790074 1.2265089238071745
0.7278739283027138 1.002704116487223
0.81831474798782 1.0975978751090372
0.8308353893344769 1.131495862212153
0.8473363768104644 1.1506447587224695
0.7092903075267086 0.9655662405642655
0.926368485366907 1.2225841356727827
0.9091483202771512 1.2191014191962017
0.8460145789508353 1.1633847627949603
0.8372472130270482 1.139046795473117
0.7849405572390952 1.0709232842109904
0.8002132982575008 1.1091739394262508
0.8123792014307518 1.084285085347927
0.7387362561115317 1.010797923061288
0.9356920109104337 1.257339736626476
1.0218681631114581 1.3718523851983038
0.9001116447142048 1.2036100944814947
0.7573043493158016 1.0013820980285917
0.7370810954389643 1.0171013648459855
0.7928808250539361 1.0833475269610688
0.9303524298649802 1.2491861943924623
0.792976990595452 1.0906762136354762
0.7743092931051191 1.0454299383773578
0.8416232995684236 1.1369451466265947
0.8908687322725869 1.1841130594496694
0.801110434278295 1.0909429235942913
0.7985768509457496 1.0949843758637856
0.8644163904827431 1.174529886555114
0.7796782647633496 1.0580311211402127
0.9395377478624694 1.2691924264363421
0.9122101069791726 1.268367642852155
0.9577260607439907 1.304144576277257
0.8497162322914281 1.1339720333463337
1.001673946499812 1.3103130396179576
0.7515214388515435 1.0055851300915228
0.7426490074849861 1.0292410210144394
0.838776875846626 1.1250626630124532
0.9019312592642581 1.2249803879255088
0.8458191897632975 1.1612696007277132
0.820452749871356 1.1029304615922746
0.8933733174683155 1.1954441631477484
0.8899451240925734 1.2903394563236543
0.7510157010120561 1.029800281650591
0.8583827457219912 1.1555646500502743
0.8568543076500895 1.163992275016482
0.8680140891792564 1.1844850227692105
0.8094129734229644 1.1212053709539491
0.7629182763588067 1.033715720810707
0.9985715080400956 1.3012035954205283
0.8815789007272783 1.2145768021718006
0.7658371229751689 1.0661124509896633
0.8369166931706951 1.140065232072286
0.8213622849832711 1.1260465249013811
0.8999973637684382 1.1820732117436212
0.9306740183427358 1.2428867147088407
0.9489442829026264 1.2860719239241347
0.9110299824576534 1.2223939942138862
0.8883635469807298 1.193777583915666
0.8001620164623993 1.0985360930531005
0.8671784835589477 1.1905594422536572
0.8426336384502294 1.1479679207523439
0.8167759585720203 1.1170958481741629
0.9549620701547795 1.3170594730908243
0.7390948939585917 0.9884316615220174
0.9331064965934379 1.3189777711943507
0.8607747023119376 1.1784920911667167
0.9496336727129671 1.2755534785012625
0.9494724271056659 1.3094752483851295
0.8968449365273901 1.187477615538106
0.8037348180762393 1.0921947321775463
0.9604331812359079 1.250783541721616
0.8930012763809778 1.2404310036287607
0.9302746457182776 1.3294162194939854
0.7628145841158163 1.0414591067930357
0.9324161373000736 1.2775094170862742
0.8384719620567902 1.151274338050865
0.8696634009604338 1.228776335451275
1.0305351029880847 1.421148794003272
0.9196911194733559 1.2142396753771287
0.8748117937935042 1.1910891251109994
0.8455079599987633 1.1447668829941153
0.9210650371171067 1.2156779999855851
0.9452844653690898 1.2527486711955342
0.8425326732920879 1.1546773097261718
0.8767381243643182 1.1726910234633054
0.8751419358697982 1.1586735251278322
0.9678085383392009 1.32260672563678
0.8203584414570513 1.0996353114115756
0.8950951979494047 1.208227069200131
0.8210455388363261 1.1148975817158744
0.846559638491653 1.1299483296752446
0.7766951417005314 1.056966782019923
0.7987412820583909 1.088816233406114
0.901094956363396 1.212733272388176
0.8077701150209058 1.1292397739305393
0.8732789215731337 1.1814607912609358
0.7896380559625529 1.0859277934094134
0.8875086338746256 1.2244781491989443
0.8055357107900951 1.102919118138034
0.7352703795959412 1.0178206731257702
0.8863895934150195 1.2276889757835276
0.898402529087762 1.2420595564854187
0.8862189849827757 1.1941529282277838
0.909649192533158 1.223071070613945
0.6915699965220268 0.9426572774842819
0.9295681884031168 1.2796283532291968
0.8658706022909849 1.184353558878191
1.0099009878622236 1.3710586386199606
0.8446194883750296 1.155222976671348
0.911501621648765 1.239133855440881
0.8997191805380593 1.232887325853194
0.7686439256375377 1.0430228445904068
0.8584070859958807 1.1662821875086562
0.9422133118561054 1.2802868816292796
0.7598587911758742 1.009565434510322
1.008305141047743 1.3616689162873323
0.9601980691262217 1.288102402924339
0.7048916491101759 0.9727771510805432
1.1307448396807653 1.4659483833966664
0.8951996446646325 1.2014155038331555
0.812003509434011 1.0859355857805641
0.9114090554473351 1.2363532002264714
0.8061780020574046 1.0882099010197375
0.8703714683068584 1.1821984026554013
0.8822802825587682 1.1824095623988178
0.701524512125583 0.9868262736668421
0.7689217693692996 1.2009798308638695
0.7195259929406485 0.9888761815971711
0.7283336794835841 1.0086925282145194
0.9330559239222499 1.2308681184281658
0.7382761576815857 0.9951567315925913
0.7812976161332488 1.0719098639000313
0.9154465798530879 1.2188914093443957
0.8729367956943801 1.1699834033631862
0.9435685168765353 1.2672980889249006
0.798792677571815 1.0894941901237352
0.831955061243297 1.1333570833503157
0.8245694928641802 1.1100379552090214
0.8473006896199438 1.1548333909787116
0.7212475481481224 0.9875257859409518
0.8121736051873494 1.1556567762926768
0.927193696467477 1.2534386616286304
0.8007187451135066 1.0902665769012585
0.9164870949600394 1.243473769677686
0.788321147651668 1.0755289096331582
0.9230640539807338 1.2607176013370414
0.9263190044527676 1.2905916069086527
0.9669842407306244 1.440636360804464
0.8422635065620823 1.1512279426097591
0.9031738432287029 1.2268665093342928
0.8690588536889053 1.206561393422094
0.9152488936003204 1.2432830803514099
0.8898037266178997 1.1901563027774058
0.8875938950622724 1.1915798020758155
0.872938764825465 1.2034270373814908
0.7462502021669204 1.0353455342368967
0.7706606643735354 1.020020000230522
0.7000681343409576 0.9611616649883018
0.9370675569037292 1.2346541650469471
0.9247157079915247 1.2647895257006487
0.7620627648059737 1.028101292054065
0.729163125887656 0.9849684570870316
0.789810363219721 1.0945688478911577
0.9834820928014201 1.3308484080949181
0.9739392740565721 1.3178782707607222
0.8884246173612457 1.2310731209781804
0.883362562119629 1.2044319531967473
0.7217564898773803 0.9912186099849104
0.8707924174280376 1.1966051565334266
0.8577561504836335 1.163822224940899
0.7969809782846584 1.082897568482807
0.9421001242275222 1.254758704197502
0.7905646120056793 1.113176581423649
0.7754893730882905 1.0522841228644628
0.8169943662023587 1.1113096769110484
0.8047083684898512 1.0948764108266236
0.8610173444930169 1.1546865579114693
0.7863845196762014 1.0780550369466844
0.8440088436339339 1.1705975360245295
0.8400290762098439 1.1830774940938331
0.8938330389359359 1.203325403090832
0.7846456457087292 1.079341392725662
0.7557788509467923 1.0259458173937555
0.7779403438109075 1.0418213803491345
0.8877737485315984 1.2370140647181724
0.9110713560724302 1.2448761430913846
0.8180565490852452 1.123247253396608
0.8916877461797819 1.204941846407435
0.6848173162024461 0.8816387344162152
1.0807433946461469 1.590288128132344
0.9010202786413547 1.1981599950744088
1.0642078500483807 1.4288145925724827
0.8713064025086819 1.1897255730886083
0.7921481280984923 1.0761773782674955
0.9026254394729589 1.2577008953917512
0.9593468878900201 1.2896604594464751
0.9496185987388466 1.4135416677211117
0.9210760850779823 1.277409928179014
0.7728517255931363 1.0553196238119606
0.8344442437136308 1.121154874532364
0.8018103590686806 1.0981776612283134
0.8146382713505168 1.1192726858729818
0.8597089069733445 1.1796839956808198
0.8439590679771172 1.1358160553914292
0.9198827856571072 1.2393776691507625
0.7223229291739097 0.9804795306364159
0.8391993477676489 1.1534953320325554
0.7893534042346778 1.0906401719437528
0.9174212524268468 1.260460912752717
1.0507667149860778 1.447946765543702
0.9170358477535129 1.238778317932549
0.8987633279994914 1.2683705988027398
0.8184566963017366 1.1179033076344274
0.9893573955792929 1.3450501270978816
0.7702411437775603 1.049865308225447
0.9507080811480533 1.48039421672503
0.8822826678323146 1.2109427082279396
0.8771725467046917 1.2093145519021449
0.9355967990312253 1.3533975682711255
0.9055577694899961 1.2071890609172988
0.877718300908861 1.204464442000572
0.8222016733129287 1.1442965811091246
0.8138996438136435 1.115865632676741
1.0370490153239964 1.5803161584852825
0.8056410899739406 1.1049913478337474
0.852297551298365 1.1833420253102547
0.8752545477450155 1.2028628843372484
0.9470222984830098 1.2809965661176217
0.7699129836741929 1.0373019520504774
0.9187542251294709 1.2493240785817603
0.8134957847675145 1.0902964018200638
0.9695429840044821 1.3243245297587538
0.8561815956573038 1.1396653590062025
0.8444889031850724 1.1519229825721298
0.9554650371725051 1.3386930622251625
0.8870581092103171 1.201810029219662
0.8265665104734692 1.1357846703576433
0.8650426725972431 1.205766668676977
1.03752855544552 1.4114106580719215
0.8734283311218305 1.1887564720290271
0.768199343764586 1.0704861066498181
0.7782371964641382 1.0430902350789641
0.7399041658041193 0.9997827039392223
0.8312719635042712 1.1549097098859313
0.8111724323979046 1.0736620517191704
0.7844327791748298 1.0975607751248964
0.8181876154826905 1.1260087593344095
0.7662112882426078 1.0839410281719242
0.8710982638915066 1.186971690544698
0.8296731637515649 1.1330345370916937
0.8755414559198375 1.1708602825872092
0.8414792905796418 1.1591649749429567
0.7611602945055208 1.0293010723079226
0.8317678671749085 1.1622981152150937
1.017228285161766 1.3688033964101378
0.826754923182887 1.11690960440996
0.7628730308054759 1.041120128686077
0.8053570160041623 1.0843057994738794
0.7755671981771312 1.069147404256682
0.7919954176214787 1.0870920205645207
0.8717389770321813 1.1985095184206174
0.8561455280330417 1.1529646242838576
0.7187432321858436 0.9887144245062189
1.0109829715078162 1.411657552429058
0.9177115205499382 1.2202353335297305
0.9272507189105614 1.239335550048543
0.8727850087176541 1.1860121504033208
0.9265120282881556 1.240203655443102
0.7907629056508333 1.083058102218938
0.9135694518982892 1.236047578261723
0.8771346629725313 1.1689440393563233
0.8969069795856277 1.1792848818429833
0.841422046684688 1.1380914261934643
0.9105086258116517 1.2078958762425556
0.8528765520016114 1.1993935917207088
0.8591574655340359 1.163281511184586
0.7634618003036814 1.0436891114799223
0.9297130324181768 1.2756029965373035
0.7666126014726989 1.0898423611444694
0.889332620381654 1.206317827791648
0.9688145790328986 1.3101320878445437
0.961264614969516 1.2842456732804501
0.8152652124031184 1.084252671953081
0.7974183466242368 1.1181088360528082
1.0227039922571244 1.3800481727188685
0.8147690908930589 1.1700357005274367
0.7942448639711668 1.0898270213218517
0.9422403031495876 1.2841106083776228
0.7986171687516326 1.0750976841229507
0.7912054249596023 1.083776757540181
0.735997508822723 1.024218826132941
0.8545369882016098 1.1604195624499885
0.8063102406163469 1.1305726756983736
0.723789785639018 0.9836417875843524
0.770236432982941 1.0781222848694614
1.0135663877136822 1.4137416386681219
0.8745386507600843 1.226895322571102
0.8570234256566298 1.154269488676235
0.8482557230342507 1.1472817020572195
0.8347996472821672 1.1445427092081701
0.7995201481074306 1.0724574529429938
1.021095697167691 1.4251061158829819
0.9248996099480122 1.246899971085445
1.052917784217726 1.3960532014073601
0.8173949248566901 1.1323048142394931
0.888923966009633 1.1733440230849577
1.0212507593410582 1.3403049935340723
0.8619188038465357 1.2055069530933868
0.8881492043958346 1.2567751191554162
0.8419866164048488 1.1473129937829536
0.7901426341695573 1.0673292083962505
0.8750838018665967 1.2321504087808957
0.8046225653876562 1.1032612891890983
0.8078000281992772 1.1142791971000459
0.8052577949262133 1.1120402721088467
0.8215783058631898 1.1109313104630925
0.9433293116574684 1.327628995721731
0.7941773887846212 1.0780345460295733
0.8318617388299019 1.1412997263186033
0.7498950728683249 1.0347903200559407
0.7846393179860496 1.0747866619293664
0.8750532778789815 1.1687544831124017
0.8932415444935918 1.2158013502003977
0.8631044186979111 1.1737029947793989
0.7604714441693672 1.0289409961715434
0.8986942020763458 1.2334479097497302
0.7726751814050364 1.0649804384596386
0.8805727661014082 1.2035676572357203
0.8072739101386177 1.1003085077795656
1.0567940654933254 1.3626567402376681
0.7795291236605529 1.0589248808041005
1.0925324758657313 1.4710249593869866
0.8493132606223437 1.167179170435376
0.7677395393179076 1.0583140210452557
0.8508233883778511 1.1695979018330154
0.7792761860378148 1.0530459529421048
1.0039017737007203 1.3672140185633872
0.8142276628081287 1.119720301891009
0.8035340861606419 1.0932327313864214
0.7799113044437608 1.0621343280908337
0.9280858167388369 1.311696161140432
0.8997238073927835 1.213911444647579
0.8455964564926471 1.1734178803760276
0.9388173283429279 1.302551927108972
0.8739515765986066 1.1929242187386024
0.8533769599276 1.1466722955079847
0.9518419798877253 1.2543456474649959
0.7855427152442432 1.0739488451456878
0.7502365891182174 1.026852967835168
0.8637221104718307 1.1965727533071242
0.7671984604407168 1.0424613781045302
0.9436773631853997 1.4126411644150396
0.8686973501981006 1.2001740955842193
0.8024986529822496 1.0774007092352877
0.9214666225607177 1.2131233928517864
0.8119472856777293 1.1111999108075725
0.8976914721478376 1.2560688713988202
0.8981259386394785 1.2542247895739487
0.8626349151410495 1.1730451510368738
0.8298343268362629 1.1519174335691924
0.7967773764303827 1.1083842132483555
0.8959009337659599 1.2291951394213247
0.8811319312484833 1.1734018488506766
0.8767073526681753 1.1935136304392948
0.941134134336917 1.2694489529339512
0.8746870902992684 1.2337647155526463
0.8488639323775904 1.1487366611010692
0.9101075049508593 1.2229490384545387
0.9052395758590928 1.1617037280051068
0.8774606287718387 1.2070477537443387
0.8271428176890894 1.133736955284412
0.6927089416432154 0.9511257245029695
0.8109857411943491 1.1138613769539574
0.9397396623419911 1.3022081861815467
0.7144481902827371 0.9635767572975592
0.8512019348603147 1.1535608450021406
1.0115287679978662 1.405417234696518
0.8016239225235595 1.0836672889632126
0.7863917124811217 1.0573208223360597
0.8897390515446691 1.2264028909201106
0.9350567629312337 1.2359573313693226
0.9301182091426414 1.2276478191223015
0.8409097254635811 1.1501808391395403
0.8312153623627299 1.1489146539570834
0.8493682954470283 1.1503237910308708
0.7743032468287503 1.0651839834027819
0.8122310227188024 1.0763444434739933
0.8371957062717333 1.141860377493366
0.8068465915856216 1.0909550736301032
0.9545290913504043 1.302345111144319
0.8057693923271269 1.0997953766658974
0.9001526411782679 1.2616450388894098
0.8977584145363808 1.1910500956486938
0.9040510395560934 1.2422402785213031
0.7138510507599237 0.9741146253865074
0.7585205666553979 1.0421633280952138
0.8312402094835679 1.14261692119868
0.7095183693991105 1.0170045717025955
0.7288995605139692 0.9864394169725685
0.702039256681915 0.9543478508662478
0.8424718853678536 1.1795455570592328
0.8403756228168872 1.1899702266775505
0.8289312131393602 1.2017809116021763
1.0338028577700913 1.3534880657907524
0.8242866530913372 1.1153609751994877
0.9276679757059313 1.2846084128763988
0.7650915114360402 1.039525953340371
0.8810484843076118 1.2088883713924443
0.878755781887915 1.1898328248436514
0.945776041072625 1.2956412755597162
0.7318573395080861 0.9988182937579899
0.8231393556868928 1.1138240551171084
1.1439960610836855 1.496418834527569
0.8937873996290784 1.2100075818058924
0.8460809291384984 1.1188750834707786
0.9415257510128421 1.3305274650326273
0.765046689763586 1.054937767367175
0.8649554420316499 1.1780034404108493
0.7973692044710708 1.1432327432453535
0.7511216148605754 1.0355607392620292
1.2046799964184551 1.6070511372514646
0.7647621311056353 1.0404818305694223
0.7555393448472842 1.0298461388128763
0.8723687600770349 1.177521068006691
0.8221871137875989 1.1296062965762363
0.8238329876824532 1.1118220499727944
0.7879205782942761 1.0771851680357998
1.0895075594614054 1.496124602061149
0.929436005843234 1.2768783791270868
0.8644685248537161 1.1464748231955544
0.7257109875041786 0.9882897336699883
0.8617498524874981 1.1521602265097532
0.8041541744234606 1.0911858398927408
0.8900729500716116 1.1734776027818128
0.7413527646739811 1.0101539936213988
0.8796965968147022 1.1894043718556049
0.7169583111178751 0.9680942753077383
0.8497246045233279 1.1974980084527567
0.8308621465303473 1.1368894052969956
0.8225760197197046 1.1350267193438486
0.9574218973756758 1.2805341570700377
0.7356827910347531 0.9990492886041409
0.8375237620109035 1.1564017211673752
0.7810360825213807 1.0851611041227376
0.849694912379299 1.1520406420514946
0.7440659577147128 1.0240883823769462
0.8630080073136749 1.167814137874358
0.8536911488192769 1.1532528657913974
0.8817183336480137 1.2045537557424362
0.8858840814427333 1.1965751922832086
0.8440043072574182 1.1570726483188705
0.8573075904425789 1.172536419169661
0.8647363674906061 1.1898702488712662
0.9824542266254774 1.334562857830948
0.8199702553495913 1.109415172124683
0.8574255743540998 1.1570359625950348
0.8343659110202561 1.131252391055492
0.7499577574109836 1.029727779619435
0.7697902729692553 1.039810158415287
0.8461694826651113 1.1687846238479067
0.8183273605606459 1.114743373015917
0.8888194979243662 1.2299618367384393
0.8368469917411989 1.130971886372717
0.7503126928109529 1.0244480580682926
0.9478740895423619 1.279404200859553
0.9047504052712171 1.2508909750145598
0.9776924146851741 1.3431127137927867
1.003313989418901 1.4182539722974385
0.8983616838389068 1.1862213288884094
0.9373657839608147 1.3275629925899621
0.8927588161718067 1.1817471805195001
0.8840416120126497 1.2122134575753023
0.8238975265593962 1.1320505348489986
0.9863804259836269 1.3196208165650458
0.7753156389940326 1.0559158074382555
0.892013746948237 1.1869354821590874
0.7825235276437884 1.080655787532771
0.7104109979089894 0.9897647238064715
0.9479309385138791 1.2913506175622262
0.723546976479443 0.992519702774277
0.8686081916952514 1.1819137549477505
0.9766126114269963 1.3728175322065697
0.9059944755041676 1.2217504322802948
0.9123804522630213 1.2725404152109712
0.7956525602598722 1.1040722563303915
0.7809298226528409 1.0626975408593369
0.7542407563328648 1.0445887977484578
0.6839948872233754 0.9474005064344619
0.9166415694305075 1.2339816125961764
0.8990902721114441 1.2517320759215922
0.8242965694001858 1.1094486152454572
0.8407100250398747 1.1550106262787747
0.8470917410438245 1.1136671530059146
0.8754881106315171 1.1969592713815298
0.8239788051959911 1.1137868655878034
0.8728613262665081 1.2019970017615351
0.8565751134407587 1.1520828293251275
0.7771919291985097 1.0646424397100003
0.8185475970441797 1.1245041690877142
0.9763630253920547 1.314748379562461
0.7618411950867517 1.0404076824301154
0.9162395474440368 1.1860454716669893
0.7616496561166455 1.0334511053432323
0.8644285137369042 1.1722891927576324
0.8228529025902057 1.1174710988018655
0.8870062855649937 1.2204400084913456
0.7878530717723073 1.0569938351275647
0.8464202666542384 1.1581591780936178
0.8064810750172849 1.0933660100900033
0.7512339125693956 1.0414807112211681
0.6850122165776347 0.9281202223004059
0.8114717483056405 1.1128460128255742
0.9891628235631782 1.340321152645189
0.9538752975837879 1.3789661291717878
0.9678001702138349 1.3435076285706682
0.8069195671800495 1.0969851424203445
0.7610971991394738 1.0393292002243661
0.9342652283743651 1.2418028945014206
0.8116107657335678 1.1046821635236994
0.9097537275250971 1.256687438392717
0.8775590213050681 1.2126086039504456
0.8354909998121778 1.1081149321550914
0.9441933017410166 1.2473428863029519
0.8283387842882015 1.1398001278025882
0.7082695649579126 0.9661542298550655
0.8753068241819411 1.2152907886068238
0.9033258264073771 1.2463779319759658
0.938342330134765 1.2305304482612773
0.7893163473955006 1.0344356865254305
0.9942163179551902 1.2859532868065748
0.8563914566358743 1.1630697880124616
1.0881622764085495 1.581378417746643
1.0073990391247358 1.3535082970484442
0.8802480029499864 1.1627797604778232
0.966116814604391 1.326581356997354
0.8633290512056441 1.1666366818784977
0.9002653785324888 1.2214190266293978
0.9137106995225651 1.2279321633984717
0.931793783676448 1.2415836970431668
0.7916526513507788 1.094977837632888
0.8408490445476545 1.1354551797174388
0.8760138009940854 1.1744816277105472
0.7903692024795567 1.0656262133208882
0.8567799565059987 1.1963051770672508
0.9100659397111438 1.2190093247898939
0.8411639074814123 1.127534683788969
0.8242803246210504 1.1088016303046184
0.8363225947457499 1.1348742456472618
0.9036308954445714 1.227361538403666
0.9683947462152943 1.2808232912118185
