0.6340930929266801 1.3223403996107137
0.7069560044004647 1.7176620322922056
0.7474941811496005 1.568234704528575
0.5501257254835502 1.2447275547033496
0.643297111027982 1.3833470639033896
0.6493637223662729 1.5841761457510628
0.6651631065305996 1.3824393967781072
0.7026489954422934 1.4822271485140552
0.5747047728195522 1.169823961532763
0.5508204594075842 1.1384112606777108
0.5728241516868438 1.5616624178362448
0.6896475765457383 1.6057593703393502
0.67083110143723 1.4650413813258183
0.7267157869292091 1.876351775765695
0.7544106139519553 2.0736819734865413
0.7447511759319841 1.5890121240026316
0.648029807288675 1.431421055045502
0.7161122485674234 1.5188319972281898
0.6997384164606057 1.5572674779852265
0.7025490099798367 1.5513160368690628
0.7180045115980942 1.5754710783455859
0.6471234068082831 1.505978772016451
0.6337377518012954 1.3200901512112018
0.6743572382793405 1.592478819865083
0.5702167406031851 1.3040613329426727
0.6568264428004189 1.5096551588330174
0.7341991107755013 1.7536287440920617
0.566414040468282 1.3848817686067512
0.7075048065280237 1.4690345909882039
0.6832125987663955 1.4712584505361177
0.672999682386544 1.5027654857941473
0.5867250402460237 1.444595032162603
0.7826266397551134 1.6651270599691985
0.6406601887357702 1.3976962470115875
0.5952977215507868 1.301364544433071
0.6380137014612115 1.313980227575154
0.6085264184039987 1.3012841411575833
0.6725211853011125 1.4479271351713159
0.6108585564099719 1.2359939986964452
0.563110003042673 1.295985768432463
0.6285426621369823 1.3943100250427962
0.6276208203803045 1.3140897405215828
0.6881360862446898 1.4807287244206047
0.6307747089150901 1.4384607817541128
0.6647437836797864 1.7325696301239186
0.6382845071528587 1.327719209546831
0.7117306850100845 1.5324404225219839
0.6336232880751893 1.5127804891124508
0.6856844542614066 1.5102462583735923
0.6060538233673582 1.3672931499584222
0.6507683807309236 1.3647927985496646
0.6376626779705069 1.4152940626256982
0.7435604183156921 1.7288831179760131
0.6570751932082184 1.463737299017361
0.667585484317494 1.4667379606206357
0.7622877395296291 1.5396416367504822
0.6513541131806307 1.4672137500282216
0.6897307674610333 1.5986428773268617
0.6698411120066345 1.4157115235879785
0.7237040163333449 1.5289327647258277
0.5890276771551242 6.165685165490435
0.6680866668531709 1.5372941833778833
0.6277487600749871 1.4227918497367946
0.6208329466662557 1.40173155007981
0.6276721985024849 1.4044333962379107
0.727781434402476 1.5944585475969624
0.6880764725732668 1.386280007562295
0.6680644880113382 1.5089838390123824
0.5987526110571446 1.3548118983317172
0.5776390368243575 1.1989532963734981
0.7198895478222529 1.507986611824212
0.6684747392048451 1.3287831383548827
0.6153002537606707 1.3261440956853978
0.6559699056245712 1.4775685439462767
0.63003663387844 1.371520425679819
0.7608645649286732 1.659150747942721
0.6896444708536265 1.5180590029475785
0.6094218603040148 1.3768415145624175
0.6621171045303591 1.4728045825731337
0.6007068463308012 1.2917843372771574
0.624840894564474 1.3285816061783144
0.6088368108285213 1.3630635299626683
0.7496672562652622 1.8155322920263792
0.6191664264381891 1.355343088084631
0.5948131302936878 1.3177621503702976
0.5591467117643926 1.3490442635138566
0.5622232928271128 1.1686367528850523
0.756548060680943 1.698613885743879
0.7061466770736601 1.6177818558591364
0.6912886578319839 1.4568402782669132
0.7329177773943979 1.6622220407975838
0.8078768054264516 2.115343864923817
0.6833930527172272 2.123760874282899
0.742699609358453 1.7457522965542733
0.5398267079693421 1.0860418455892888
0.6284388427665225 1.36160676192152
0.5831949552246091 1.119564522708189
0.618693405672487 1.3037757203224625
0.6833648600956154 1.4256487175882864
0.7395538693442713 1.5231025456771072
0.6335780915289624 2.3152104710524055
0.7567786999903021 3.122150805739774
0.6587009834387821 1.4473408515243478
0.5858043959587761 1.195535204681897
0.671441532613424 1.698884380634032
0.6054134964141343 1.945197197507596
0.6467154269977221 1.3474049225123554
0.6700145931785476 1.6604058845476068
0.7466483921729838 1.6046915262231862
0.7566502748597032 1.604429284198515
0.6900645357340359 1.4350637495897365
0.6428090060466759 1.3542059048215953
0.7098662385843479 1.6580693668780273
0.6469811819973649 1.682746173536624
0.6213468249428236 1.3966272578434666
0.7002403835716012 1.472792479722202
0.6610214598367453 1.4313782439802252
0.6444518201863504 1.3740682810258786
0.5999391948529061 1.3725622291091053
0.6792958003526876 1.578371085147717
0.7247247818065895 1.6621179524573042
0.6994553916940422 1.4960382833230637
0.6093372527649497 1.4084307368281448
0.6604143937317136 1.5144783004301607
0.6171964608365007 1.4924359913390273
0.7588794875321974 1.5624271207058575
0.627000904683439 1.4571988207383713
0.6927650000952141 2.2997983230485444
0.6191153486455229 1.318558624203641
0.5788984886404638 1.2145423306352756
0.6069728448612598 2.2515514385938173
0.6041073312673272 1.335056728767202
0.5604984204130539 1.4708050051482404
0.7692410553640401 1.8296203085598095
0.6385870647962805 1.6129841702330132
0.6051872320384174 1.3078494206992193
0.717873112465229 1.5750046077248454
0.7337162095703508 1.4974697604202176
0.7293842078124381 1.6793557689380352
0.6985575060434113 1.5082701607221773
0.7703912840178879 1.6268277483565527
0.6150317664078592 1.3573277882166623
0.7208022454958253 1.5082977299309495
0.7004764821849221 1.5792484565240144
0.630924799297867 1.340483128405907
0.672584921921195 1.3889167019330249
0.7597272700655067 1.7486455014610258
0.5721861494612961 1.3889291384999565
0.7317546031310596 1.4722177880574692
0.6747500190534429 1.514814877284274
0.6230293932447628 1.2818321506954735
0.6515889284378452 1.362883210065596
0.6299972375872341 1.4746429143247697
0.6063059212684242 1.433054905649093
0.708456065635571 1.5327607500215437
0.7044843482349807 1.5605100426734364
0.6544733037540088 1.719437886230518
0.570965504645154 1.8432367203547073
0.6012774761175649 1.227048949409216
0.658754447353945 1.509280117871004
0.6297059442624579 1.336471727566868
0.6280776102578853 1.3361667133572441
0.82162991637529 2.2756650261010813
0.6993826298098854 1.9689615866036767
0.5923669077282904 1.8590378301879715
0.6467877185876492 1.4916016103112983
0.6406709058631654 1.510547012081132
0.6099130105922353 1.2977870942625214
0.6025197189214502 1.2754371318603535
0.7351410605927916 1.7851791243588617
0.5616481270584561 1.1657439822133517
0.7355099249828352 1.568424183127207
0.7124524326546764 1.907981121227143
0.6929695548036818 1.7393144601278259
0.6963555911880205 1.4185747120661039
0.6939140059662947 1.425905517505873
0.6874499469565434 1.455349734603066
0.672661140583942 1.6301596186080887
0.7277711875020061 1.571112222694366
0.5670605464225211 1.306342784730318
0.6791573059331775 1.5934893996324135
0.6153536951507084 1.332254074374422
0.7153557777380002 1.455344904205572
0.744570531418831 1.5996887473429227
0.6737089565457639 1.6590004023436222
0.6782515039689961 1.4699324293870593
0.6461076682716685 1.536918605315659
0.6663590315985155 1.5114138236018777
0.6753491479935116 1.6140060410899768
0.6392790307515065 1.4346539148390307
0.6400117635706501 1.3948011762424097
0.661276772931943 1.3633078674637138
0.6922186635027398 1.604444525734659
0.590623695092153 1.3479889429642178
0.665927184226197 1.5653084624959672
0.6438804781881996 1.4140464555955023
0.7597799195949257 1.6202628937008243
0.673813497770924 1.3825507161626873
0.6734965476724422 1.469074354832534
0.8009569418174638 1.8413504005705184
0.736124601172782 1.6936478160761639
0.6426480800319576 1.3097509486471302
0.6039583483053391 1.6349612653862582
0.6704671960375851 1.4605014753663597
0.7277883244727583 1.5360385384807693
0.6082876530445864 1.3536275630250887
0.6353801573249428 1.33563479653878
0.6335708381060995 1.4918759852075434
0.6825846390421847 1.514846157072546
0.6000542391044468 1.2660634392881365
0.6334803919993077 1.4665788130372854
0.720877908563713 1.4894189273128604
0.5712460331518866 1.2957743089232059
0.5775186271774837 1.2105994220473306
0.7115815786307935 1.5384953161551147
0.7106286077251854 2.2503053919829576
0.7989783227786521 1.6992471496116055
0.6858787845793815 1.8131792312558335
0.6568287451806664 5.380374791466964
0.6225547387224775 1.2901623408848082
0.6170065960103446 1.4995496662601617
0.634103019396711 1.583896116699734
0.7823119247646528 3.165379269880141
0.6827896674521884 1.4425107031547335
0.6853414685096665 1.450953075319534
0.6342441013478141 1.3521765854508188
0.7387529385175919 1.6309323763608714
0.5540099276040301 2.329227808984008
0.7213831165153564 1.5835524192948238
0.6343350745086214 1.646433820129423
0.5700086261550675 1.8559639358133806
0.6534041082625013 1.4110643258674493
0.6319588241673565 1.5595594783583586
0.7282060004138843 1.762053008153619
0.6268651609764555 1.3346889301292557
0.7265840952559608 1.5152682593902447
0.6228279869497481 1.305439697936209
0.6256156081596731 1.377083962707357
0.6328226450422041 1.5016971941342527
0.7436996405634939 1.6114161481781757
0.6963589170401066 1.4357871399703055
0.6407743169742468 1.3258117391667694
0.6475559574635423 1.5621672349564226
0.6684163429967773 1.5566879467673522
0.6484991514522997 1.4568740013148727
0.6922303264023475 3.8052922353844405
0.7068189277744769 1.6149991724315924
0.7212067744338894 1.5573180997960636
0.7730387654050714 1.5660578566110486
0.6607155070201702 1.4082301092443177
0.6627053755542229 1.5150056218280878
0.5937097048076658 1.3809218643826549
0.7286038706932534 1.6406825064161736
0.7734965988060282 1.5847431944664367
0.739010434699115 1.5805544056647334
0.7395504288798869 2.0633151853077987
0.6189394850974116 1.3607386936196062
0.7066779453813665 1.4736982742231957
0.6597251271746524 1.8774333133971464
0.6825016441590627 1.4637543699926543
0.8015948752976573 1.6835047205731248
0.5874683769635471 1.2850911786831596
0.5940196470785416 1.321486683134877
0.6781713446325497 1.3787100477600354
0.6989499919572896 1.4716688946981096
0.6568059083994142 1.6840238270434156
0.5727498464479471 1.2128013617943794
0.708372792255996 1.4174668176330258
0.5711200943502172 1.4221113143969153
0.6512931553398417 1.4100997745760644
0.5960751180924652 1.3935269374579204
0.6035193208543598 1.321568523572402
0.6266049942471132 1.4492857456881234
0.5947793922088851 1.325812881884366
0.6952597299466816 1.4325949470583736
0.711074577826927 1.5702268736035072
0.6021485493928561 1.5298657325221137
0.7936994147073102 6.4479321520002415
0.6056794300936605 1.413007909936231
0.7413638209829263 1.6993860950459498
0.6654614104138901 1.6510306186716537
0.7244687012854266 1.5077228752669467
0.72420165610453 1.4617107758480075
0.6788663249146547 6.491914172227782
0.6838470405305088 1.4987078873193709
0.6289887110888138 1.5688510532552127
0.8183888091864305 1.8941627810263966
0.6342193333401958 1.2593667518571172
0.5796539038763839 1.236843004886603
0.7550318227562659 1.6624839926086112
0.7294021593658527 1.494936277489466
0.6336140047994929 1.3692312967626057
0.629337385048061 1.4566717502738253
0.6500110474677253 1.888980975156412
0.5631002639371054 1.1926114488815893
0.6710005093482053 1.4708015120273925
0.6381814814782693 1.544099452972108
0.6268317815592789 1.3677809386837918
0.6826869713768123 1.414171598413227
0.5640339419600545 1.2942988644737818
0.6649754566153703 1.413708036369857
0.7212170372900437 1.8345713702326425
0.6540441441358447 1.3736681822355346
0.6535736474979009 1.592727609398524
0.684360262438697 1.4466585136359809
0.6198492913469703 1.4346992694284988
0.7018156153313461 1.626608194129676
0.601136497901324 1.6952072063787718
0.7031188860800346 1.457552445406532
0.5557859153720842 1.165379781802368
0.6806582528977446 1.5693728155452749
0.7188971747025386 1.484550782725035
0.7519863865401357 2.0690374069576714
0.5795791030610605 1.5194737322370353
0.6802439610378048 1.4622300225912377
0.613340547571543 1.3790905682877836
0.7586257056257074 2.126515827185761
0.7063164037343577 1.704814700265756
0.5430315208437123 1.067852401577447
0.5588217396354628 1.2671769465740994
0.658902036707601 1.4706755895685018
0.6707138632540085 1.4047411334234308
0.6339492317079427 1.5786802969690987
0.6822281609182633 1.5833014812068829
0.6803848146702407 1.563411344434671
0.6483473918813644 1.407251016280559
0.7269030212736377 1.6309696163156868
0.647437647202827 1.9294034171654135
0.6974220138149667 1.4796775554913184
0.6799107114478247 1.4886476768215144
0.6977146760815062 1.6963649507797038
0.6916091010596228 1.4846990196986498
0.6785132337170923 1.431963524866406
0.6821001794735241 2.8420732062793417
0.7122331400880035 1.8255011692709469
0.6094110508866434 1.428840665268568
0.714657283433286 1.5735508243520755
0.7006864931274758 1.5979600100659095
0.6944591499736388 1.512830698315927
0.6503058942347724 1.319891699596083
0.7102616174664595 1.5450869164709338
0.6272623551055415 1.3267686728938544
0.7882601248989523 1.6298635030535276
0.7149558892694707 1.6062121336863797
0.6870656496056196 1.9322133003727353
0.7201163122787253 1.6188007762668621
0.6159463023577652 2.375663309176198
0.6465631051499394 1.395930541142341
0.6860050988158984 1.5123366002589478
0.6374790589602628 1.4035768158722735
0.7393776107876533 1.5832287073293403
0.7116072985590898 1.5866900387772076
0.5650095724116633 1.3202254830151068
0.6096186273394315 1.3435786652788542
0.6270340267373933 1.6523198374662074
0.6866348276724418 1.5370214497753576
0.6485156265084502 1.3512900364261753
0.6089404146023812 1.294739190444486
0.6203308223375471 1.241034990428332
0.7482825234125942 1.5276127826550991
0.6641647158342922 1.4015224502746797
0.6273340864525107 1.3389234868738784
0.7189852989596905 1.6892606634762233
0.6020219081172982 1.3548658642417049
0.6181797156299553 1.2835998815733727
0.7179329600617691 1.4663162079285375
0.6295799426660339 1.8170865869716177
0.6327920074789624 1.2869288946674955
0.6812377949365147 1.4669193713412008
0.740843881720741 1.5819776104459229
0.6585308127913201 1.438053377471831
0.6317854537510905 1.3622925744978382
0.6003506741530786 1.2910543807033907
0.6926601612731966 1.6694589613029969
0.6490244471007248 1.4783159869609497
0.7021863135723536 1.419385068046397
0.686396126035083 1.4725597843747877
0.6150431325599055 1.338722925760897
0.6192898777384607 1.338015528369855
0.5967786387446598 1.5602078650420745
0.6398305147607681 1.3396663313763504
0.6533259060412941 1.5762434365899134
0.8013077223504912 2.0704224026498776
0.7560774362142901 1.8402246609317383
0.5955101860188654 1.3156668120010888
0.717235721859158 2.0991803666422517
0.574948759508116 1.216649363347976
0.8027227614768246 1.7230624980293223
0.7330317397675952 1.5903244268169994
0.7094039364832098 1.572526896766314
0.6945360318934656 1.4491293057165366
0.6225820518271984 1.3485841018439033
0.6893316959870195 1.474652697017715
0.7359410133492523 1.4898380146791912
0.7295936645421266 6.279986501558778
0.6183018379827844 1.3502051325937452
0.6917739173068722 1.4110251848027624
0.6863429963584929 1.5639252475877683
0.5923794869348775 1.840571786972196
0.570973275539671 1.4218588678831448
0.7099056164192471 2.0649876026468235
0.7069215966525194 1.5159103531725875
0.6163732103183583 4.828637877752905
0.6811424646943821 1.418783955692644
0.6705163018998043 1.6204170391063557
0.6584702524716263 1.4532406580842507
0.6509060066526755 1.9881036781556145
0.6795986022192856 5.109466372145261
0.7362014805448901 1.5632563281903757
0.6072991478857209 1.2965717578334197
0.6121260661952672 1.3585275843596913
0.7778349770422583 1.717384907502912
0.7249639445277898 1.678102347269375
0.6488236664603381 1.395733712970006
0.6311085284767979 1.5697059681608514
0.6364831158824305 1.2578276623890623
0.7032285097492939 1.6666423436221804
0.6415789826675016 1.3122433945306418
0.63538423448392 1.3751015099166375
0.7050177471292944 1.739225294989927
0.7092208986171066 1.5547252763989963
0.777694781167875 1.8093319786836934
0.7361258083533356 1.744786130748166
0.6696879587145956 1.4516416415650653
0.5866488796849312 1.2766765243378682
0.7079302339168313 1.5823544470313209
0.6166193054175152 1.3824700167750796
0.6150153757480318 1.2572265023001659
0.6757010146661694 1.4487671279043461
0.5747692801454121 1.2054087113020897
0.6321025934683872 1.4958637042666814
0.6830088676477168 1.5380378970936355
0.6489668785750159 1.4407172568424718
0.6057300906249029 1.276171902134486
0.665900678858159 1.6227595453484702
0.8525097741722185 1.9095755772272698
0.5961681449938567 1.5306569832279604
0.6092260600228563 1.3930040992667734
0.8095809645626739 1.6877991160809462
0.6511480958693405 1.4976095343647464
0.7440318193796811 1.5247180294978047
0.6610984742494674 1.8153571085811206
0.6068478670527668 1.3599939700422627
0.6339513625690812 1.4078915868854411
0.7186081031589155 1.7158848366468495
0.6404514368265437 1.4105308479486005
0.7248830265534119 1.7538687971368208
0.6143770693096918 1.3178479858783163
0.6589464265800931 1.3788864246625783
0.6164768828581727 1.518187229441983
0.64870566725573 1.4661676931531742
0.5754290892534697 1.2783268622635222
0.6365353855684317 1.751788391832057
0.6196557915477954 1.3379975026789666
0.6964133047326106 1.4641925931895217
0.709104307822758 2.0018346743644884
0.6616511866642281 1.475739745534558
0.5917148493999582 1.6761445754604751
0.6979619836576686 1.5089821948359683
0.7006954055955378 3.352495652109326
0.7053553281874702 2.057349452802012
0.6766877244019189 1.5418588141368936
0.6284096628049276 1.3165069466289459
0.8207488154673339 1.8669483352681908
0.6214999625688234 1.4197331113538274
0.6996678192935739 1.5472123276673382
0.6096146805365515 1.3807509242399298
0.603589170808038 1.3385673637105455
0.7230127835297051 1.484703839993174
0.6982626624511854 1.6622674072313592
0.680654389275745 1.6200378603962693
0.7319272299394606 2.0691434810111584
0.5781155515750214 1.229504071689888
0.5860742072284802 1.2913967071628256
0.6045138361863556 1.3417012713846788
0.586546619053794 1.2775294749845962
0.6634588376513786 1.4919930103236756
0.6221609288632459 1.4065670014925413
0.6266159212703685 3.3306199109966603
0.8021403264553517 1.782062477147306
0.6654696037109445 1.9424562142173356
0.6248694080201795 1.3601870688005233
0.6115091157838977 1.2476664467855647
0.6570283409102408 1.3862273162410852
0.6381131240816906 1.619800463908142
0.6982070774607135 1.4489796247137865
0.7794552607900237 1.7569897138514035
0.6366097114963968 1.4718882600382863
0.7266530877827193 1.5820251093463111
0.7547006384426904 1.7786987417123594
0.6922447636808151 1.8104224822494177
0.6511150957771494 1.339951473378213
0.8023641878802338 2.025526451236332
0.660587826503306 1.521357217327741
0.6166180238420039 1.4611497948111982
0.6992428991167327 1.6183132634704958
0.6880469451217284 1.5671549253019461
0.7017747064123779 1.4274732100084955
0.6443358303025173 1.700270100255926
0.6945176309562248 1.5172505748470855
0.719878847552027 1.6935392211128484
0.6872797727964046 1.5235349760431627
0.6613531084692466 1.4295592407942268
0.7764703538841533 1.7560989259442832
0.6629803232128882 1.3707083611503088
0.6156274111064688 1.4524348816477655
0.718766987034458 1.495357422852838
0.6182140155832052 1.3672756991126611
0.603932862612404 1.2722645282439995
0.6169621569622542 1.318727763612584
0.6647116752533266 1.3763477519253537
0.5956611713607132 1.2866617187905582
0.6224483936832829 1.3912214828194407
0.6247317039076109 1.4508977983707705
0.7636412767202404 1.5944449883121607
0.5929314741535232 1.3435626533003646
0.6511172302939495 1.5057711631933843
0.6647858115587987 1.4339388998179041
0.7156801757311164 1.507267952095245
0.6446211909306575 1.8971288340104864
0.7165644731059285 1.5426439944923271
0.6501122123587653 1.5098358135812635
0.6831546617163269 1.4891613035618492
0.6089006847509311 1.3621926478699158
0.6432633085036137 1.407333497142398
0.624598616669807 1.2682874688255772
0.6905366474558087 1.4388101591717593
0.5740946815966678 1.5051232025587344
0.5926666082908626 1.2944579065329032
0.6784999681365911 1.4293331381308245
0.7482225367588986 2.130553302895776
0.5885725225573063 1.3483050696650882
0.6250238742860326 1.4440498420579866
0.771800074266711 2.0171312136424824
0.5606070925114991 1.2091544557204712
0.7164982656493553 1.4945617341822794
0.6606949843262879 1.5269743918222352
0.6852662520505644 1.605690613921973
0.5862470658866945 1.3628127385286566
0.6143632880148399 1.3276259346675217
0.8003067064840592 1.586366720621632
0.6811311251021872 1.8554472456801916
0.5653001324761374 1.291067414087767
0.5853327962008098 1.2452787537907932
0.6338492966859862 1.374725203581828
0.6497894567613711 1.5399883000680887
0.603461373367616 1.2907555728774436
0.6444426010458232 1.7196815940337773
0.6518557917424286 1.3711288540460747
0.5847884683205161 1.3289069281661863
0.596770973911595 1.4277236594262037
0.644135497337082 1.6306525957907119
0.7380457634228259 1.5521868857841978
0.6080639594910281 1.327157368767612
0.659665842772834 1.8811881838600182
0.6024496195340598 1.9800221438933105
0.7235598025925556 1.5971592417127607
0.5799971382984404 1.343827296342024
0.6163704996562293 1.6001726649837593
0.639936916977172 1.3344325892267492
0.6220807148850332 1.2543936732866994
0.6584286728855417 1.4099603765259936
0.6218716922936863 2.30493116974303
0.5740280917771922 1.2671202844403187
0.765218922841864 1.7952386411853265
0.684189438862253 1.5433125353749653
0.5786134124234139 1.2760604466203573
0.6441331611907325 1.4115993837315794
0.6120709018811616 1.5115997099622251
0.6648072341700249 1.8505805752823767
0.6618772508750986 1.6221167103595344
0.75584586010016 2.9187934411648033
0.5835558500882209 5.179281727871659
0.5647292973622072 1.0970693634931468
0.6547191435097177 1.6857338077891704
0.6435356959155762 1.5261407765774835
0.775990164283837 1.7359882182173654
0.6881141189619671 1.4517348436921285
0.6091971400963502 1.4343943052046508
0.6377572359924053 1.4872868314523608
0.5823726661252344 1.2055635705987846
0.7289627660371785 1.5814556553072272
0.5980566395969382 1.3712860708950574
0.6712503951243158 1.9926757501788184
0.5733037280889032 1.3667933821935858
0.5715745354083746 1.169437112571531
0.6215176814737784 1.4689447190824072
0.723825021188766 1.5932446596701837
0.7412078517981733 1.502869850802078
0.6008491911409027 1.3143536197086303
0.5809713771766035 1.2371748030613692
0.6765054278585256 1.6530941900082787
0.6499748668749334 1.4047701036246325
0.5805987125271799 1.2213334979569388
0.6426253125929062 1.5520628201204354
0.6131759718295264 1.4219232870438538
0.7032752235696531 4.523758611225388
0.6094340613668243 1.3543444144848253
0.6888510329742635 1.518740665856185
0.7249593082568839 1.4922922602159225
0.6149567823134606 1.496343529862543
0.5968457067318902 1.3631118283420194
0.5235356924834185 2.3385910260096705
0.6133985033567984 1.3148369224313
0.583842635013177 1.4358252216206682
0.6343964421556674 2.375346082250347
0.7039158478370372 1.533953544421476
0.8016354756268115 1.6892552229547215
0.6651699727635056 1.6686455483930516
0.609481953956251 1.2678582887975853
0.7000125349868477 1.5230993167260114
0.6142957561299998 1.4515479937541733
0.7360511167790817 1.5195705047505303
0.7159874631477224 1.5125198985045867
0.6533964941645327 1.432856200583845
0.6509659009604539 1.4119276676337074
0.6923867195869023 1.427962307021291
0.5933848999110185 1.2656315695387717
0.6352084124262759 1.3832755183158794
0.6062031394298731 1.3332331788507745
0.6791394254619553 1.5803029852915098
0.6749124806132821 1.433224206146587
0.6047561964427214 1.492093337188704
0.6959894104704113 1.8516986255937518
0.7959513798526153 1.6361733211522576
0.6604999833782407 1.536085613289866
0.6464912569017531 2.0373361017504354
0.7005785613034193 1.6372912757657199
0.739672303236511 1.6665977683993805
0.6797951208536804 1.6219875950855096
0.6491279589432655 1.5833630293261813
0.7008158534878962 1.656827291578077
0.704474079779148 1.447299798024383
0.6673487118082401 1.4498944105928155
0.7229753265461891 1.4946547692914178
0.674461474692107 1.455568171642562
0.6576379157202351 1.521353969663585
0.617405117829642 1.6804663682895695
0.6285917910017831 1.3147218337454547
0.6151985555225719 1.4706355325725022
0.676053313942207 1.4341115733845622
0.6607036766646017 2.2911688675015065
0.6665533036258747 1.511742383492272
0.6867325468011494 1.4768536122898208
0.6918138669303504 1.434557997810477
0.7156161245045007 1.8174764128182477
0.5935510562759975 2.3967985010964377
0.6191071424176843 1.3363219196303138
0.6211349571049622 1.265068872756839
0.7059615406997682 1.537117372960476
0.6268954365871788 1.4474410480490891
0.6181839139309451 1.4745658162528483
0.6460167324225824 1.3577672267536915
0.6686702059609387 1.3984518917924262
0.6262525462589134 1.336547106411246
0.5906300028882476 1.2460565070672731
0.6494298386579683 1.363333576786804
0.6959621718718193 1.633807973257818
0.6806374497342491 1.4863139424194087
0.7812470136659093 1.6146906686384912
0.6370019839668144 1.4871733715442723
0.5865055726630776 1.2909424067634863
0.7134243734503882 1.6636191145222679
0.6640614419584836 1.4308351948384257
0.6400473070830399 1.376522427125857
0.7177417011279884 1.6614278489915395
0.7671803439808166 1.6674120402656305
0.6542315729765831 1.3553608990244317
0.6605186593875177 1.480936816682962
0.6027662764762476 1.6328484162255306
0.7272389954694396 1.851388895340635
0.593023587730246 1.2419575062567778
0.6157197576344305 1.465325130894366
0.6011138503534452 1.2278397523703384
0.6420014553734967 1.455756897954962
0.6186423512960915 2.51697983311408
0.6185834771346628 1.243135617857617
0.6250271693446805 1.2758539403513567
0.7145686348430158 1.5170481155493816
0.6777349750391065 3.3378015261467695
0.6921012359515514 1.4830901760967357
0.7205849940119695 1.506474391171908
0.6214705446393185 1.367509438570361
0.6542760892178349 1.4131280398916253
0.5746554590977343 1.2067179577522171
0.59134539700447 1.2589521932157444
0.6459250309950827 1.4909294932073864
0.6535941960976469 1.5514934298561847
0.588225560662586 1.3694177576476072
0.638549664980575 1.4100118373068646
0.7309730140076314 1.6026866456523874
0.759763048946179 2.0893205869354166
0.7035608898134815 1.5114639110610515
0.6493276387026661 1.835664409112586
0.6531448902444138 1.516214231009529
0.6079962273868206 1.502373601668629
0.5635732246224565 1.1703186947005015
0.6499383622326838 1.3975453289272888
0.7351304543592643 1.607525824807527
0.5915143347144027 1.4236532686068468
0.6529830508462976 1.5350446646012228
0.6869261667673884 1.453920948679587
0.7202646500695751 1.5307558797438303
0.6028963983533375 1.2339218817195128
0.647835988065919 1.4211299994789572
0.6485606091305665 1.4963886942181939
0.633656891906173 1.3651743957544804
0.6449005904746892 1.3954327369012296
0.6046230186903201 1.3007662065436616
0.6903179844594503 1.4941500845572326
0.6416465684447278 1.4468144581999107
0.6994976566104001 1.7299400270440382
0.6188730404283446 1.4166242564466167
0.5841186292627176 1.2259086259870302
0.6872061180845619 1.6577874042736649
0.6669661049419275 1.3428888412578321
0.5810868627414294 1.1662847841361899
0.7039147412220433 1.733174226921496
0.6875315114995271 1.5139579309073992
0.6813228334985533 1.5200725706251095
0.6034227803116312 1.2170430765734992
0.5945082873728377 1.2438960058523332
0.6912733168221112 1.4908687886147534
0.6559060670587393 1.5020999546385077
0.7358741937646267 1.7327401298661145
0.6953316838740056 1.4468758425478494
0.5899388081768397 1.1870108751734811
0.6961799791742412 1.7631875218065358
0.6563127731027912 1.5475730167059054
0.605778406113381 1.451473645422468
0.6481916019975316 1.4126042234497391
0.589453342407964 1.3497588551670052
0.582711497824753 1.377417007952884
0.6439850226880902 1.6721663685758381
0.5970057456035517 1.4792645374129845
0.6447207487117819 1.4253108920414461
0.6642726713180074 1.377244960557354
0.682732313322459 1.5118606611786376
0.7534695334729518 1.5744517604232637
0.6152231528056439 1.4241439967400782
0.5994526036356418 1.2701619634635302
0.7143587715311271 1.500972786455535
0.7087261460734697 1.5868931729580993
0.6502732061667349 2.0006774791721527
0.6484325441026015 1.4217556516137515
0.6903265435213551 1.6512118973515857
0.7655860592489523 1.730612789972271
0.6201382661963949 1.271555481972383
0.7469834080302356 1.71790431925023
0.7081085775932602 1.5354514876968537
0.7324333960910672 1.6274937504498155
0.6964189995130308 1.4172514943948835
0.720146601742112 1.8549040576530083
0.6377093108925043 1.4645994069832846
0.6485236525820312 1.4311993747239034
0.6065658385976449 1.3397422140454278
0.6494548639010091 1.5265652193047672
0.6427260221595891 1.3572974954807286
0.638826460435986 1.4756342849701836
0.6641764190017326 1.5071680441984832
0.634085670007418 1.3735525014984977
0.6380012955946974 1.4149896361430634
0.6401694636399073 1.3917529523802479
0.5982662628403903 1.2739685272014207
0.6596352054143522 1.6963071075806313
0.81694297656626 1.930497706857726
0.7091279156615234 1.5350444889401258
0.6143110391366421 1.3249614882004255
0.5745910938860246 1.4608513285890845
0.6159249383701271 1.2639956329659223
0.777271818933836 1.7649112582430606
0.7738305008909516 1.567220441464602
0.570659868571577 1.4643512329240065
0.643214552635251 1.3989448458685523
0.5787717306322091 1.280570637699963
0.7157251008701628 3.703262541376689
0.6697031037772189 1.5860708335909974
0.6579840572241831 1.5099846774695833
0.6309868905507616 1.3326847018157846
0.6318047068526157 1.3398621558458235
0.6736487919739791 1.3911896600007823
0.6697837540476869 1.4106153382820066
0.6917596939777431 1.6053505932992271
0.7055743165918413 1.6507502085025965
0.6730302941234941 1.4093338683305716
0.6361669833059477 1.4012304706266323
0.5797263333311665 2.8803122805838006
0.669131045379433 1.574811136585133
0.6927979729750237 1.605988079447302
0.6225856195430016 1.255690889007563
0.6138809881764453 1.862354668331609
0.6231198675064886 1.3375663932166495
0.6685506850640675 1.4891773900452598
0.6739483866188326 1.4606649961496303
0.6386752824337938 1.4777162638219505
0.7368284867089165 1.6073766556910356
0.6600601680491185 1.6110394540376805
0.6908227613437059 1.4794044172572576
0.606649504345651 1.3066882629518037
0.690160425736782 1.4153934714598038
0.6592131661142587 1.50548724742272
0.6940577881386013 1.4456795755039544
0.674347692294636 3.7899004398799914
0.6925969323161891 1.5590177830413272
0.6655141300686207 1.4589254787514443
0.5769377939851646 1.3310287636572005
0.8034982441816909 1.800448534283099
0.7533682776589761 1.7584410749506705
0.6589299479250676 1.7675126750796022
0.7021996559403954 2.4340826308447134
0.6435297393003436 1.416054046638851
0.7199144729430833 1.612909455050585
0.6658612804620863 1.4526994164409448
0.7411137680393377 1.6657950910689223
0.6122781365493396 1.3476698661487647
0.6821417906592933 1.4057447217920735
0.7429736395551714 1.627853939538711
0.6065568943133743 1.3601863795984435
0.6026989668735794 1.3652940429401799
0.6165018395795141 1.3513731923513292
0.5613639178569503 1.1865485775072486
0.6836768544086731 2.0345548434759824
0.674182649662498 1.6626275616682773
0.6034130260617638 1.4834972415234362
0.6093476528149439 1.395042288703737
0.737680426996904 1.7585770943537515
0.6800605790714221 1.4362787358082143
0.6767167054119978 1.5123883043750483
0.7077320247801323 1.5780996339483024
0.6710212389414345 1.4092401676006405
0.666407037716548 1.4943144756358322
0.6974801426867395 1.528747385504219
0.6538095932549026 1.6201398562094544
0.6182163033555154 1.3073867068586333
0.6570632313395616 1.344776168076376
0.6535927976128274 1.3670836922132623
0.6226350974781398 1.8014788904529577
0.6516989489209236 1.428916293013876
0.6486415416983997 1.4058290229045038
0.6401980609720062 1.2909883932168598
0.6705937161323928 1.5328338205461403
0.5824888788346471 1.2861901240649116
0.5706557496112469 1.6279427573657492
0.8152887040442314 1.645850797247788
0.7290225237431214 1.5833526878505908
0.5951032073046502 1.381953928361982
0.6070106722134869 1.6950638772450983
0.6185496053279188 1.3444676024027844
0.6606341813828974 1.408613871870013
0.5948209060665585 1.8065139006827766
0.6369714142715397 1.7209591565574929
0.7165904245772414 2.0891180692296523
0.6188536106378565 1.5524393369842273
0.7126544318669519 1.5221270378919705
0.711587511657189 1.7359222433422739
0.5984439346799645 1.3451934762632307
0.7452633700226095 2.2586723808373836
0.7248526699032075 1.5920511765396115
0.7010692410726553 1.787932665622173
0.6648868721506117 1.4898097815401892
0.585099304400169 1.3056534270350437
0.5958206126332255 1.2509143895861603
0.6955288315599587 1.6403251940364076
0.6145810286141139 1.4295681178808408
0.7175668729916175 1.4614298159926424
0.6690223454017316 1.8321104195684286
0.6597373330491733 1.5136800309569152
0.5984917695211098 1.339481721363211
0.752826678535709 1.6355909626159502
0.6847730509151979 1.8061284251822056
0.6379040949391224 1.3819785424363882
0.7517612476285529 1.6953442640649277
0.6402268960406415 1.3936105503751668
0.6630433701651031 1.5441998781539557
0.571652854720058 1.2663814173946757
0.6532459596493785 1.4215902677283032
0.6157313149175264 1.3070341385025284
0.6333078997837351 1.283252263568305
0.7386250755382959 1.8382455089113945
0.6422658211120421 1.5126393346686144
0.6891438646420714 1.4848208481143632
0.7995215276535204 1.8031537247273324
0.6357492847009157 1.4355424371575007
0.6132911465592474 1.3841333027209468
0.5720970632025162 1.2123056878250968
0.6432924764060758 1.513734998741369
0.7070895389325184 1.5742581555127884
0.6404507501143706 1.7934050953721399
0.6319806282388427 1.3597584412255659
0.6813310488214629 1.5849402074350822
0.6964253458653326 1.5972597752315019
0.6686614380087216 1.899551627131523
0.5905257998703832 1.652328701476351
0.6404306186321755 1.5320146241532215
0.6366495191012259 1.5062366970319685
0.6297429927658735 1.5193456352595467
0.7493139629873613 1.706566293866992
0.6061179527577438 1.286494537401051
0.6320001857924691 1.4124759002406975
0.6302042620464948 1.3240063056392397
0.6463669050424327 1.4067044793555477
0.6019083338115645 1.2944776255064132
0.6809842557170409 1.4561059409441832
0.6545161687694536 1.5077513638031164
0.6140310270311627 1.4136695810424549
0.68708400735824 1.6593644458943377
0.7418336750576748 1.521998486463756
0.5734657662139246 1.2970916810925899
0.7919072781067754 1.6113547750474355
0.7032823953679321 1.4093775009689753
0.7024560256855661 1.530932217244397
0.6642973361940032 1.5103379798771008
0.7028496408463933 4.359712130101827
0.6932653013710074 1.5759287284446604
0.60831861780475 1.3776258703097803
0.6019149944388696 1.4727702428480605
0.6711980697176467 1.5349808676303154
0.6115474361037074 1.306965920073099
0.6473323882979864 1.4158383689173024
0.5926344775145107 1.5120425547529892
0.6864812106075009 1.4216424913834467
0.6788192091618891 1.770465056560619
0.6857773609039625 1.5482521528562825
0.660144803761519 1.4023498525386016
0.6693108574314293 1.451344047927618
0.6852171830588514 1.408850326742659
0.5690895777545723 1.2836800157182284
0.6639025991607077 2.394630075289818
0.7761497314846733 2.610829694834007
0.7262897339457761 1.6429193578004102
0.6145080040414688 1.2365656871234862
0.6962731186384065 1.4679301600532826
0.6076207427996225 1.2675657179430218
0.7246137820403536 1.598075911786419
0.6321965632273022 1.5062794213374442
0.7105887590992596 1.4669465357111624
0.5864560564097694 1.2021125720201726
0.6294136231202313 1.413777734586252
0.6819501452328234 1.414957869610089
0.7348421001719133 1.8236264096471533
0.5883715252360227 1.392842095331065
0.6738472510225573 1.3440739496077423
0.6755859918885418 1.352725160813971
0.6638876958871063 1.470761775349878
0.7346244844754877 1.6069406940360698
0.7062495271118053 1.5242595435931725
0.5637919970199957 1.4009638411289536
0.6668826410894519 2.091450398329121
0.7371743082420289 1.572874962057181
0.5764330969409928 1.2425840043178804
0.6585630462447265 2.109573184386348
0.5867020228011894 1.363227202187609
0.6372909477220045 1.3211354298142712
0.628364258014602 1.5045121801700514
0.6670698906873751 1.3807808004482307
0.5803031988136331 1.2198462467959879
0.7113975185968919 1.5007860232045498
0.7144313586967623 1.4896981076411377
0.6787397101395323 1.4200558761607347
0.6574049045565615 1.445826042357411
0.6225429875966639 1.3705039294552757
0.637733764028008 1.44060610639563
0.619104902482153 1.3902852130017695
0.5845816084268561 1.283841273527914
0.7369629110444936 1.5115702316967115
0.7844132416533308 1.715603460102236
0.7137668705993772 1.4297299090360287
0.5726119084836033 1.225058321813512
0.6041443932198857 1.2482983433007253
0.6203854090504033 1.3966771052255638
0.7119336807683697 1.6037432614665574
0.6294594546144859 1.3902373568731305
0.6112417228978473 1.3016244400995383
0.6358505826894638 1.5471881411669939
0.6887703102909105 1.3978759709404822
0.6177572001669777 1.4025336530802637
0.6305830726806557 1.4649762308677536
0.6540711608710534 1.610353829653834
0.6099688754602006 1.4258674447214044
0.7198701419167463 1.6496011594227165
0.6898469525547517 1.7351535884091454
0.7607592447644709 1.6788156965510868
0.649424119175732 1.3760648094779664
0.7793580236441098 1.571886358411725
0.5933718924478922 1.2261864279796741
0.573009400874978 1.4152805396489456
0.6379025297409152 1.484091008363903
0.7088510589173462 1.4986983143308346
0.6420519253832334 1.602608707495858
0.6363640626278284 1.3688840905728847
0.6954665983423497 1.4673806518424213
0.6473278150421823 5.21909298334357
0.6095389534925371 1.258600102771398
0.6667428286064521 1.4600290384936627
0.6716143161814648 1.4108659280775944
0.6856859596359743 1.5169548933286376
0.6513281314090599 1.3926237139463482
0.5910978650866208 1.3145852955691004
0.766168638633814 1.5392064054010155
0.6870504780066939 1.5867209589678855
0.5870242079011853 1.4145521463915416
0.668690570560379 1.4494196306931497
0.6558753007869961 1.4147253988176614
0.6961931137475328 1.4562641854688987
0.7204644077160602 1.5548006431988357
0.7620598116690083 1.5886223138970972
0.7068558658320042 1.5514940331990763
0.6749133293082995 1.5425894619638623
0.6193577247147073 1.4370722351665683
0.6777767602456619 1.5610338905097667
0.6833310990315377 1.4570623686811488
0.6349754476886404 1.4133116121770202
0.7431757898454321 1.70209860452178
0.5818890985070736 1.2179442207708968
0.7053603510667167 1.8897064065440723
0.6761943170963857 1.4749093090423462
0.7220398301399756 1.6141774144870193
0.7363259821618605 1.7341885344871284
0.7028429638491176 1.41208061531465
0.625453736301769 1.3579988600109898
0.7390905136766035 1.4743768529086785
0.6801687822890021 1.8068140782344728
0.6781603436843411 2.8938043374475946
0.620183073423186 1.3498866638510918
0.7198566740393856 1.648231232780692
0.6575467815204455 1.4953875299918602
0.6333879789060501 2.777061660248126
0.7821195142996615 2.247507820286052
0.6895175248043881 1.4921746303455155
0.6774549151995626 1.4829584225032177
0.6518916813723633 1.415470692779535
0.7181444816284509 1.4492042660228917
0.7232447805621323 1.5292440188701857
0.6641869150866381 1.4150024586494567
0.6705102039494094 1.4833378111451199
0.6765108124927223 1.4217692175752807
0.7363336611310961 1.85400611457746
0.6314064252097761 1.4341571383767346
0.6790179832513255 1.6602693818958003
0.6461022206706476 1.3886381857249583
0.6571266278922329 1.358941702324757
0.6210896967946317 1.3460773589602697
0.6260599689088391 1.3806361280502566
0.7103685133525345 1.4429138782172046
0.625074703057335 1.555579840804387
0.6784378522136417 1.4327520314282758
0.5982732647090767 1.4695058967996122
0.6839022602798451 1.5725024104918282
0.6214609383522149 1.4512742593444128
0.5914054657770041 1.267803333575506
0.6800749892953346 1.6482203405641858
0.7006476601134055 1.6357483156647734
0.6807257611200224 1.4596212399189008
0.7033666931242615 1.5350365346853359
0.567666984608074 1.2071785691666106
0.6892312271948575 1.8304581450914088
0.6977934773707605 1.4680327244875715
0.7793588977107064 1.6777031161983258
0.6604973237325984 1.4991766557208506
0.6840095153126762 1.6821303509749972
0.7123665858676868 1.5697251041390357
0.5944628406214157 1.3308709834358967
0.686127398863133 1.4523231714356761
0.7236311773497577 1.6323971175759522
0.5861743280763789 1.2336728304761135
0.7688395402607265 1.788635862289813
0.7557955433484991 1.571155136029165
0.5689228777128482 1.2740674209457283
0.8634751390800651 1.7908934322479815
0.7033209359717774 1.4921313089439736
0.6513444525404078 1.3502942869704633
0.6946740567568765 1.5741660272863747
0.6335439028233927 1.362237531531088
0.6768591668655203 1.4668471163581318
0.6762144641692882 1.492085756199282
0.5574038891116166 1.4001295284177357
0.575956090996776 5.690766067061896
0.5837475721476704 1.2209019929342482
0.5608133130476022 1.2997091503988163
0.7218556926383723 1.5230398047574485
0.6106005506144584 1.26493102011615
0.6113815481419858 1.3851998907307455
0.6991658042083922 1.5036445995198644
0.6801840511617768 1.4360340441842234
0.7377640099177669 1.5845776045515838
0.6167655480472982 1.4019705529372621
0.6570890232479594 1.4009380804365617
0.6395468554565096 1.3903933275665272
0.6591937250605351 1.4356033546547193
0.593570820148252 1.2196419872074395
0.5978034382772488 1.9150379562186997
0.695258717527959 1.701044767639066
0.6427183880418147 1.3392665351552273
0.7328257848577725 1.5394958701094361
0.6262259658425965 1.2874533020241719
0.7391609123744487 1.579719551604938
0.7049802480232917 1.8683416273493125
0.695115917411844 4.779351209648693
0.6475305927560162 1.576097866575179
0.6864512033750227 1.5677932679608477
0.6552465296524044 1.6665730410924713
0.7150958136203088 1.5157895166314088
0.6822233062076886 1.4790119364290715
0.6757155195545528 1.525339663390524
0.6911978830753842 1.5792941044375783
0.5824901694977932 1.365640618733388
0.5915336337465835 1.2163527496565143
0.5713450683971466 1.3113291484007357
0.7186575631276709 1.533012825391605
0.7204518832256176 1.6368209353455523
0.6025766417995072 1.457051763502275
0.5554202934858835 1.3097363878347996
0.6136116650814938 1.5144452207245767
0.7572205853665623 1.7945589601938845
0.7441605382827734 1.6977536086939966
0.6701925125860033 1.7389988273341297
0.6940905763469839 1.5136201683232808
0.5865126350840527 1.23926029766029
0.6633591678996174 1.6565600070222515
0.6545157713065828 1.538941394487198
0.6324108783337443 1.3630620770365787
0.7356387621658267 1.5078008960381954
0.610930805458659 1.6351660912623278
0.6162268258917752 1.3573059596933135
0.6355730341914265 1.4283484607387014
0.608558070624591 1.5195020698400763
0.6814037692742428 1.3846655415877147
0.6354752879945126 1.377317181917868
0.6594222110339131 1.5522715548172634
0.6391291974102207 1.6900806886504842
0.6963157717056094 1.4622509963662755
0.6160349488004393 1.3877235090573556
0.5870106499301945 1.2846795118183403
0.603538838125849 1.2470407102944134
0.6714412329941147 1.7366191107503637
0.7125125486329572 1.5242800854427445
0.6218290071202722 1.4249352949824519
0.6772969406162157 1.601267155814935
0.5683114234558873 1.1576834985189768
0.7945493810862769 4.129333541319008
0.6929800174567037 1.4673519978575866
0.8186013035895601 1.81630990134247
0.6590182810356698 1.5643793296324007
0.6135336626673035 1.3671707452910966
0.7139365743928109 1.5893242153896052
0.7526219177248243 1.5752867267923718
0.6943902989037052 5.587258567494367
0.7053299685692717 1.7226039935611837
0.6277366688154973 1.3165999738454353
0.6483205074459922 1.4131742842065562
0.633787613595806 1.3887982544908737
0.6175288840754128 1.5089979519003678
0.6734831067552296 1.492799584205902
0.653959047407094 1.3897617961169284
0.7283254748259609 1.5105476162018945
0.5654017533647918 1.2145930066412496
0.6711998069167739 1.465801030137083
0.6121102279580289 1.4431953667328734
0.7338048430167294 1.6272537824428444
0.7922272910331225 1.9564622410372512
0.7173761149137448 1.5358851808631102
0.6695463828367124 2.0757616546280917
0.6750235373482278 1.3709943570782634
0.764911123364542 1.7709871204284675
0.6174366572098556 1.3450605466645948
0.6797708555052977 6.0943506918739985
0.6772329064083352 1.6567212174588521
0.6916587805026602 1.5031918579477987
0.6840891805193527 5.015714086902872
0.7063167517895357 1.446566865522646
0.6959600668832957 1.5364598253855828
0.633469858937767 1.6069691338607421
0.6432191848366432 1.3467435418180216
0.7600762095792195 3.919387010902441
0.6608267578164089 1.3471412206313267
0.6449393123892915 1.5637476461683724
0.6721824769908347 1.6300859424205276
0.7378917779479607 1.5946497942033804
0.6054862417798464 1.2887835624597548
0.7428204006441107 1.6914784037103543
0.6234468153218836 1.3384982796428126
0.7545566444161061 1.6610295595148994
0.6689474955276992 1.398073901410489
0.6375710156570903 1.5213665947264619
0.7374050891199859 1.9454513226886847
0.6941880954855246 1.51263089299252
0.6359916505670438 1.540606708406961
0.6634862355897438 1.6604265976029269
0.803098278801933 1.8474213634059578
0.6986762270463425 1.497518646743893
0.5960351027037102 1.415445186300929
0.6096956042891135 1.2661266121506998
0.5896101660258526 1.223755804319267
0.6437552866051315 1.5573658128081913
0.6352258326714122 1.2925094569537257
0.6100986419698331 1.5386804068202504
0.6379544548221415 1.48483486735004
0.5914464936274013 1.5263755434633364
0.6817461254983719 1.4872816965446543
0.6512688252162094 1.4912837256485953
0.68437238869284 1.4637771736387235
0.635365936504646 1.6839911675684918
0.6009434998710439 1.2709547379483546
0.6394815420924871 1.5495329754336242
0.787967197123611 1.6969641575921903
0.6394223390924705 1.3940080860581447
0.6302795579187157 1.297290470941493
0.6216347990469928 1.3348041001316484
0.5911701923004874 1.3808180899227003
0.6404152808045678 1.3715648239922675
0.685917515172383 1.5270813167208543
0.6577040423221208 1.5001502146023507
0.5728177571751084 1.2989543525414196
0.7869402172200217 2.0912281852522936
0.7215054352877729 1.4554928249037367
0.7040065958045489 1.574355017652933
0.673969607136557 1.5521509512473584
0.7225935462281423 1.504541418815296
0.645744020758563 1.29145494087801
0.708445841250751 1.5608165381963075
0.6824140325558591 1.4279484805314044
0.6901231960286784 1.412008621989135
0.6552879900423453 1.454588953251254
0.6996828671170952 1.5031909279676468
0.6399871948015003 3.2976529210103522
0.692147993359214 1.4771360646675546
0.5977455731623776 1.300855961874134
0.7191710246221061 1.6633514744017173
0.5689150193545145 2.0188895266991924
0.6877884815743817 1.5407081035314374
0.7331919934045297 1.8851817716603265
0.7497465447811739 1.607654143611896
0.62936104369253 1.321548063447584
0.613030398940569 1.5031320867439926
0.7899996430750855 1.765923191813991
0.614571841192862 2.273848653857695
0.6328915191206722 1.3652765008092627
0.7421214560388735 1.6276555781652846
0.614575241150406 1.3494199869200938
0.6053144177913006 1.4553970769965612
0.5890311909497092 1.2818242508154005
0.6526844664927276 1.6316109285620208
0.6108431020734351 1.6765611460440457
0.5816150603555347 1.2670991376025929
0.5927153259957321 1.5705931337397683
0.7670011194091482 2.018980811156289
0.6684414136144124 1.8097539690767999
0.6560018734230145 1.4749997711016938
0.6530112605983 1.5306987727563879
0.667680640161502 1.4334482731040006
0.6197731835239253 1.2921494450420714
0.7957208265466577 1.917855697198017
0.7139671398759381 1.552665938435165
0.8123253384810354 1.7128862371124394
0.6487774993809502 1.4415322786229448
0.6841941354954122 1.419703608492862
0.7818561045230128 1.6204571695412557
0.6428966438462491 1.7526316586927502
0.6676815391081136 1.9814792768346638
0.6399205565400614 1.492048026447546
0.6196722294079368 1.3114361236562793
0.6483564846343174 2.3278253777702433
0.6300012357343207 1.4504454410099201
0.6073678579992247 1.5100741862421816
0.6047678276495695 1.5361483169441055
0.6299239293935575 1.5374207212677893
0.70262857391697 2.2689288577751965
0.6233857988234627 1.3680469270210585
0.6606966183456744 1.4468541166560474
0.6083856769678839 1.2880638518768814
0.6158842818252944 1.3590633623951538
0.6811232761458434 1.4563129010914406
0.6939824566748113 1.5739950394510704
0.6828982376009971 1.4506898729743782
0.58982974755712 1.3041483859806662
0.6999737521993897 1.654189535064886
0.6205570051731946 1.2981258589363673
0.688465896330942 1.512985364266636
0.6481421225003632 1.3683267002061639
0.8089223868536362 1.62466480600258
0.6067808811142813 1.4674830008474764
0.8270081992160477 2.0286246150816494
0.6869827876045983 1.4375405648470148
0.5800149472543814 1.4951373333895188
0.6801371539779326 1.4665467020359786
0.6196101650111657 1.3231776435700295
0.7907964788805109 1.726744740260295
0.6385007687485955 1.4582527968648384
0.6330099265976304 1.373913407022379
0.61013491166655 1.357245541193105
0.6919717673880028 2.141170433847348
0.7045502394272648 1.4538911330656947
0.6773662877083079 1.5215992151416506
0.7263931003977722 1.7697131360932974
0.6650636827574232 1.5332057081129475
0.6490374684997088 1.4923059571920714
0.7300097326063852 1.4926337784415316
0.6156808303957434 1.3775941288261728
0.5980873282976613 1.357345175052919
0.6874046568181609 1.557233568819738
0.6116804609217398 1.3072093721102396
0.6836364895307852 5.549295706123319
0.651808734805925 1.7041644585853422
0.6532338246513775 1.4298116568647234
0.7077060739005482 1.4529996978348505
0.6519179550640678 1.4209865031749283
0.6675353898658906 2.4736714798018262
0.6985720247995283 1.7625471795017915
0.6841881688486717 1.4273927240621906
0.6428877154836956 1.5771826099379407
0.626590015492429 1.5510070700217702
0.7116705350478552 1.5385037699662374
0.67039672544081 1.5405157920822619
0.7020302026852181 1.4853839265658115
0.7236263095947604 1.595069746692546
0.6713207505424718 1.8590398321509025
0.661223391125852 1.3871818132694558
0.7121404105886986 1.4986581043662872
0.6920630855042763 1.3663704718505945
0.6847162658671511 1.572172088204946
0.6650189980189491 1.5237268581792727
0.561456869319733 1.202168838489731
0.6465528998121858 1.410734656349907
0.730525024592661 1.7045245468237498
0.5964854910135806 1.213115675997515
0.6604630084348974 1.452973077530385
0.7670253658530888 1.9809671878697186
0.6398274059741877 1.3253914195402943
0.614295787819578 1.3094480704513094
0.6983151535920911 1.6184450460341209
0.7216046379373577 1.5591990523371488
0.7292793035742486 1.5130228716658185
0.6620773956742773 1.5519383127088844
0.6614431168053705 1.428176415454593
0.6715896110541855 1.3808031405815078
0.6282881847403915 1.4343936661280934
0.6189250410230075 1.3576241309014196
0.6768022867591988 1.4906692685169114
0.6241234315302493 1.3951110468194416
0.7275781203227923 1.7392905927495912
0.6279840815629986 1.3936165541034073
0.6777452390169509 1.9304818954592546
0.6990028948460351 1.467558176461433
0.6811337107037829 1.7690215623469325
0.5806880489043768 1.2177234780571122
0.6102950023100294 1.2981183812354444
0.6605791317763552 1.5260931806164968
0.5672464153276879 2.2140662103621125
0.5771696476362924 1.2275634200193384
0.5654717300231284 1.219934184839781
0.6410641109600821 1.600747811060164
0.6166376167961868 2.266929360058792
0.6122373608509317 3.0488005137105345
0.7856928892416007 1.6516109842065574
0.6575992335170537 1.3399946586239455
0.7230470348845285 1.667399353364917
0.6090427521721907 1.3098564139787294
0.670924746108605 1.693657389242394
0.6696877267162105 1.6054538488432994
0.7229329429735951 1.7294197281668666
0.6008322305445761 1.236330632179699
0.6229659569080191 1.4379650186228161
0.8665406241781777 1.8790650214457973
0.728827678345311 1.5720861427730561
0.648356277683132 1.357530634811466
0.7041428145528646 1.8867095642416145
0.6045217421951743 1.3992421029876592
0.6463076396026838 1.5560075976693786
0.5978694853604457 2.355332232972227
0.5930416679322341 1.2874939008382538
0.916726763812091 2.148044232925079
0.5943870164905746 1.293326122381762
0.5913225440133494 1.3052003251510345
0.677235086920229 1.4598929395813371
0.6682464685515813 1.3838482385190665
0.6319309552869394 1.4074175938463476
0.6370167480113575 1.3360849324198676
0.80782192990661 2.624501065680346
0.7309785156818709 1.6195342006208104
0.6687743610836605 1.3696980359220365
0.5668904087439336 1.2546189102591656
0.6786019911523786 1.3714155787282538
0.6250422503174164 1.4732480534056438
0.6825157390651742 1.481991652146836
0.5971265357968446 1.3629770882479262
0.6888190039913116 1.4457425023272572
0.5880590680879104 1.2059808353590826
0.6299017066663075 2.3131031212791284
0.6514104209282389 1.5077935456429867
0.6315947435744975 1.512479447662884
0.7364244836979006 1.6122340610569292
0.5807021966147248 1.2998680477027194
0.646588156939207 1.5163385894782393
0.6182617365931853 1.4177114851233796
0.6598686782528126 1.5422876780936237
0.5883700884940778 1.34119427065896
0.6788896398021453 1.4830000554736558
0.6625678595587579 1.483096199648433
0.6780614738416296 1.6277055551140536
0.6927494811238112 1.4906825351656734
0.6712618840187431 1.491200244761918
0.667850685748439 1.4461532562310446
0.6844652908018171 1.5389525216778956
0.741319934940545 1.8783050995612447
0.6807490016594618 1.413023060516647
0.6701211982617883 1.4323046130308066
0.6445543800170638 1.451458725182751
0.6092760746894073 1.3214492441046808
0.5986326535375628 1.331098640487997
0.6713741021722678 1.4699144928078731
0.6379533143420736 1.352649252224292
0.6850892634737824 1.626961704705725
0.6489857942898193 1.4244331744556162
0.6091136684456128 1.3050347535545903
0.7400154607190641 1.6036297302244276
0.7101108847490555 1.6315712733053955
0.7606145376969901 1.6982393702395198
0.7608850751669003 2.133819689788118
0.6933679752590001 1.4560148644463944
0.6895956447178401 3.871780007437993
0.6838681394164996 1.4354598338087672
0.6928986521021128 1.5669526709757184
0.6372085179029929 1.4149074973225835
0.7510323234899612 1.8512769904047475
0.6123386248102889 1.3753395211246298
0.7065975241675203 1.4048872581828376
0.6177210696751143 1.4486944733248261
0.5641843997240669 1.3620486182844744
0.7211244996126305 1.9344101214866951
0.5743796322012681 1.3212154346619651
0.6758560314176535 1.512453447402163
0.7392302630227698 2.1279670061029368
0.7050340039954053 1.4793727763739113
0.6934850110975361 1.7849815432184837
0.6198467400522025 1.5271777532518873
0.5936669481613942 1.390702329483382
0.6017480708345234 1.3834749008250888
0.5432819544110375 1.2665474061320663
0.7071578152687671 1.573804497015359
0.6779775805511461 1.918995122345697
0.6310452603251688 1.3705388658136193
0.6700500869307432 1.535740254893902
0.6447206608123665 1.3603667703452456
0.6649765112981365 1.5810030749522035
0.6411807331530137 1.3658428873765356
0.6827286345998784 1.5149860620076439
0.6777777637131246 1.3794912013995373
0.6355869811523932 1.314772003331631
0.6481966433091131 1.4146626030259488
0.7579660595348745 1.6764872119513063
0.6195551545836184 1.3674228689310197
0.7038785112273449 1.4066850297016829
0.5745044515649154 1.3686611616306132
0.6717675516662753 1.4881243071920294
0.6417154156014423 1.3723467015087636
0.7135646255173003 1.5136707060929566
0.6114260265105664 1.3381816331827783
0.653879512096768 1.5552278802780413
0.6421244475657851 1.3480463420348774
0.5964829665567428 1.5509932904634431
0.5726955866847033 1.2098588759215199
0.6485441135655458 1.415312293209817
0.7442371031953651 2.0143049798289416
0.6961419736396631 5.011783924181967
0.7529111333285773 1.8171573815847135
0.6361117773177938 1.4067652679009734
0.6033540775328596 1.3542138513765785
0.7301063373795634 1.4872948218971525
0.6379249890099212 1.331591115495397
0.6997260183600833 1.7534668272061003
0.6821914303911398 1.5577441287255458
0.6549319804018465 1.3080492330744296
0.7246983583713884 1.5550063246172268
0.6527988371095762 1.4407972298594331
0.5740739336812433 1.1879085104211764
0.6552721419970644 1.7338615098055885
0.7286907077702147 1.6527572627232794
0.7116091685803652 1.4807532336601197
0.6079503894970292 1.2352383257296293
0.759289074076888 1.5166358008582588
0.6589224411012775 1.5169198616628292
0.793864949824039 5.51360919348013
0.7885488653630085 1.6978539821048741
0.6770536379510428 1.4298525733560958
0.7348909697753153 1.785553133130005
0.6763102271114049 1.448097204946606
0.7036961523408187 1.5224190926775825
0.7025875080955856 1.5492806634426661
0.7202027357152517 1.5108395001747934
0.6059385298222356 1.4527790805102225
0.648628425676224 1.4663014474893006
0.6802702670590397 1.4291042822926716
0.6082090529284585 1.3646402880059076
0.6466149151978079 2.438271908022273
0.7081817369069662 1.4789437584140912
0.6512207357301675 1.3790896579008805
0.6623973537284417 1.3011070684818833
0.6545948047914061 1.420961545153478
0.7169888675175218 1.4788923335719204
0.7530420878267242 1.5448420607487625
