0.3303030303030303 0.47969696969696973
0.43727272727272726 0.6218181818181818
0.472020202020202 0.6066666666666667
0.3242424242424242 0.5410101010101009
0.3371717171717172 0.5158585858585858
0.4678787878787879 0.6436363636363637
0.3882828282828283 0.5367676767676768
0.462020202020202 0.5966666666666667
0.13434343434343435 0.38181818181818183
0.12707070707070706 0.38121212121212117
0.3484848484848485 0.5886868686868688
0.4357575757575758 0.6173737373737374
0.40666666666666673 0.5707070707070707
0.5194949494949495 0.692020202020202
0.543939393939394 0.7136363636363637
0.46484848484848484 0.6103030303030303
0.4509090909090909 0.6090909090909091
0.4296969696969697 0.5703030303030303
0.4666666666666667 0.621919191919192
0.4766666666666667 0.6281818181818182
0.49262626262626263 0.632020202020202
0.3451515151515151 0.545959595959596
0.3861616161616162 0.5285858585858586
0.45474747474747473 0.6275757575757576
0.3466666666666667 0.5474747474747476
0.42747474747474745 0.5973737373737373
0.5145454545454546 0.6727272727272728
0.3136363636363636 0.5596969696969697
0.43767676767676766 0.5766666666666667
0.4266666666666667 0.5781818181818182
0.46515151515151515 0.6145454545454545
0.38949494949494945 0.6046464646464647
0.5149494949494949 0.6433333333333333
0.3616161616161616 0.5315151515151515
0.2727272727272727 0.48363636363636364
0.29202020202020207 0.457979797979798
0.3009090909090909 0.48545454545454547
0.4054545454545455 0.5636363636363637
0.30484848484848487 0.46
0.3385858585858586 0.5524242424242424
0.36393939393939395 0.5396969696969697
0.3138383838383838 0.4714141414141414
0.4348484848484849 0.5893939393939394
0.44000000000000006 0.6012121212121213
0.4866666666666667 0.6745454545454546
0.3220202020202021 0.4826262626262627
0.36333333333333334 0.5261616161616162
0.41363636363636364 0.6045454545454545
0.4313131313131313 0.5865656565656566
0.3597979797979798 0.5472727272727274
0.33333333333333337 0.5014141414141414
0.40666666666666673 0.5763636363636364
0.5045454545454546 0.6572727272727272
0.38070707070707077 0.5475757575757576
0.42000000000000004 0.5836363636363637
0.37262626262626264 0.512020202020202
0.4520202020202021 0.6126262626262626
0.45000000000000007 0.616969696969697
0.3166666666666667 0.4826262626262627
0.4590909090909091 0.5954545454545455
0.49303030303030304 0.7829292929292929
0.42686868686868684 0.6078787878787879
0.3991919191919192 0.5808080808080809
0.41181818181818186 0.5875757575757576
0.42000000000000004 0.586969696969697
0.42000000000000004 0.5812121212121213
0.38 0.5133333333333334
0.5156565656565657 0.658080808080808
0.3112121212121212 0.5176767676767677
0.2429292929292929 0.4352525252525252
0.4255555555555556 0.5633333333333332
0.24000000000000002 0.39272727272727276
0.29000000000000004 0.47454545454545455
0.41333333333333333 0.5832323232323232
0.34717171717171713 0.5196969696969697
0.5384848484848486 0.6657575757575758
0.4091919191919192 0.584949494949495
0.3704040404040404 0.5578787878787879
0.3877777777777778 0.56
0.35090909090909095 0.5145454545454545
0.3390909090909091 0.4966666666666667
0.36 0.5381818181818182
0.5681818181818181 0.7067676767676767
0.37424242424242427 0.5527272727272727
0.3066666666666667 0.5
0.44565656565656564 0.6243434343434343
0.14343434343434341 0.38010101010101005
0.5444444444444445 0.6733333333333333
0.48424242424242425 0.6454545454545455
0.39545454545454545 0.55
0.5033333333333334 0.6556565656565656
0.5813131313131313 0.741919191919192
0.5233333333333333 0.7166666666666666
0.5519191919191919 0.6943434343434343
0.20505050505050507 0.4171717171717172
0.29000000000000004 0.47454545454545455
0.049494949494949494 0.2425252525252525
0.2891919191919192 0.464949494949495
0.3814141414141414 0.5238383838383839
0.4136363636363637 0.55
0.4603030303030303 0.6752525252525252
0.5568686868686868 0.7443434343434343
0.42000000000000004 0.5836363636363637
0.196969696969697 0.393939393939394
0.4668686868686869 0.6543434343434343
0.3273737373737373 0.5847474747474746
0.4107070707070707 0.541010101010101
0.48000000000000004 0.6557575757575758
0.45171717171717174 0.5981818181818183
0.4217171717171717 0.5732323232323233
0.4036363636363637 0.54
0.3861616161616162 0.5333333333333334
0.481010101010101 0.6563636363636365
0.5207070707070708 0.6935353535353537
0.333030303030303 0.5225252525252526
0.44555555555555554 0.5877777777777777
0.3674747474747475 0.5315151515151515
0.351010101010101 0.515050505050505
0.352929292929293 0.5521212121212122
0.4666666666666667 0.637979797979798
0.5448484848484849 0.6806060606060607
0.38515151515151513 0.5396969696969697
0.32212121212121214 0.5266666666666667
0.3935353535353535 0.5773737373737373
0.4401010101010101 0.623939393939394
0.4211111111111111 0.5633333333333332
0.46232323232323236 0.6263636363636365
0.47515151515151516 0.6912121212121212
0.286969696969697 0.47737373737373745
0.257979797979798 0.4220202020202021
0.4817171717171717 0.6835353535353534
0.3791919191919192 0.5490909090909091
0.33636363636363636 0.5627272727272727
0.5266666666666667 0.6765656565656566
0.406060606060606 0.6052525252525252
0.34090909090909094 0.519090909090909
0.4220202020202021 0.587979797979798
0.39636363636363636 0.5266666666666666
0.4951515151515152 0.6496969696969697
0.4761616161616162 0.6233333333333333
0.5012121212121212 0.6284848484848484
0.4009090909090909 0.5590909090909091
0.42363636363636364 0.56
0.46454545454545454 0.6227272727272728
0.3207070707070707 0.4935353535353535
0.3113131313131313 0.47191919191919196
0.5648484848484849 0.7006060606060607
0.30939393939393944 0.5408080808080808
0.38 0.5133333333333334
0.42000000000000004 0.586969696969697
0.3073737373737374 0.46262626262626266
0.37333333333333335 0.5267676767676768
0.47545454545454546 0.6336363636363637
0.3966666666666666 0.588989898989899
0.4790909090909091 0.62
0.45858585858585865 0.610909090909091
0.44919191919191925 0.6471717171717172
0.30828282828282827 0.5865656565656565
0.22333333333333333 0.39909090909090905
0.45232323232323235 0.6220202020202021
0.38323232323232326 0.5317171717171717
0.30717171717171715 0.4858585858585858
0.6348484848484849 0.7706060606060606
0.5790909090909091 0.7318181818181819
0.42141414141414146 0.6448484848484849
0.40666666666666673 0.5820202020202021
0.43393939393939396 0.6036363636363636
0.3057575757575758 0.4727272727272728
0.3307070707070707 0.5035353535353535
0.5177777777777778 0.6788888888888889
0.2301010101010101 0.413939393939394
0.44333333333333336 0.5868686868686869
0.48454545454545456 0.6754545454545455
0.4957575757575758 0.6656565656565656
0.3976767676767677 0.5323232323232323
0.44999999999999996 0.5857575757575757
0.43727272727272726 0.5813131313131312
0.4771717171717172 0.6496969696969697
0.4582828282828283 0.6067676767676768
0.30979797979797985 0.5158585858585859
0.508888888888889 0.67
0.33 0.5145454545454545
0.4127272727272727 0.54
0.49323232323232324 0.6216161616161616
0.5042424242424243 0.6654545454545455
0.3866666666666667 0.5507070707070707
0.40010101010101007 0.5905050505050504
0.4307070707070707 0.5975757575757576
0.4666666666666667 0.6335353535353535
0.42444444444444446 0.5855555555555556
0.40909090909090906 0.5727272727272728
0.3990909090909091 0.54
0.4407070707070707 0.6135353535353535
0.31797979797979803 0.5331313131313132
0.44717171717171716 0.6258585858585859
0.3888888888888889 0.55
0.4714141414141414 0.6090909090909091
0.27484848484848484 0.4251515151515151
0.46454545454545454 0.61
0.567979797979798 0.6980808080808081
0.5148484848484849 0.6642424242424243
0.33090909090909093 0.4733333333333333
0.5001010101010102 0.6773737373737374
0.40222222222222226 0.5633333333333334
0.4784848484848485 0.6142424242424243
0.34363636363636363 0.5281818181818182
0.30747474747474746 0.48323232323232324
0.4326262626262627 0.6114141414141415
0.4409090909090909 0.6045454545454545
0.25393939393939396 0.44787878787878793
0.41393939393939394 0.5957575757575758
0.4072727272727273 0.5466666666666666
0.26141414141414143 0.48484848484848486
0.21383838383838383 0.4203030303030303
0.4614141414141414 0.6085858585858586
0.5666666666666667 0.7454545454545454
0.5378787878787878 0.66
0.5033333333333334 0.686060606060606
0.53 0.76
0.32313131313131316 0.4765656565656566
0.40979797979797983 0.606060606060606
0.4062626262626262 0.6113131313131313
0.5648484848484848 0.7373737373737373
0.38383838383838387 0.5414141414141413
0.4085858585858586 0.5609090909090909
0.3091919191919192 0.48494949494949496
0.4856565656565657 0.628080808080808
0.3041414141414141 0.598080808080808
0.4185858585858586 0.5814141414141414
0.41545454545454547 0.6263636363636363
0.4255555555555556 0.6588888888888889
0.41000000000000003 0.5593939393939393
0.40515151515151515 0.6059595959595959
0.48414141414141415 0.6594949494949496
0.3703030303030303 0.5248484848484849
0.4414141414141414 0.5790909090909091
0.32000000000000006 0.49848484848484853
0.37636363636363634 0.5454545454545454
0.45040404040404036 0.6320202020202019
0.44333333333333336 0.600909090909091
0.41202020202020206 0.5466666666666666
0.3151515151515152 0.47484848484848485
0.43040404040404046 0.6114141414141414
0.4201010101010101 0.603939393939394
0.4215151515151515 0.5884848484848485
0.5766666666666667 0.752020202020202
0.5426262626262626 0.6773737373737374
0.4636363636363636 0.6045454545454545
0.4514141414141414 0.5766666666666667
0.35090909090909095 0.5090909090909091
0.4688888888888889 0.6300000000000001
0.40888888888888886 0.5811111111111111
0.45535353535353534 0.6193939393939394
0.4708080808080808 0.6033333333333333
0.4490909090909091 0.59
0.5139393939393939 0.694949494949495
0.3160606060606061 0.5152525252525253
0.4290909090909091 0.5700000000000001
0.46212121212121215 0.6503030303030304
0.41000000000000003 0.5645454545454546
0.5249494949494949 0.6491919191919193
0.34 0.5218181818181818
0.25555555555555554 0.48111111111111104
0.32131313131313133 0.48191919191919197
0.45616161616161616 0.5985858585858586
0.4501010101010101 0.6470707070707071
0.20727272727272728 0.4298989898989899
0.3684848484848485 0.5
0.38 0.5845454545454546
0.3294949494949495 0.5143434343434343
0.2814141414141414 0.5367676767676768
0.32666666666666666 0.5170707070707071
0.43333333333333335 0.6032323232323232
0.29303030303030303 0.48929292929292934
0.3933333333333333 0.5418181818181819
0.4454545454545455 0.6036363636363637
0.48000000000000004 0.6618181818181819
0.6463636363636364 0.8372727272727274
0.38 0.5733333333333333
0.5561616161616162 0.6938383838383838
0.4465656565656566 0.6360606060606061
0.400909090909091 0.5433333333333334
0.40080808080808084 0.5333333333333334
0.5116161616161616 0.7732323232323232
0.41575757575757577 0.576969696969697
0.4601010101010101 0.643939393939394
0.5761616161616162 0.7090909090909091
0.22383838383838384 0.38141414141414137
0.2406060606060606 0.46121212121212124
0.5266666666666666 0.6595959595959595
0.43272727272727274 0.56
0.2971717171717172 0.47585858585858587
0.4194949494949495 0.592020202020202
0.45797979797979793 0.6659595959595959
0.2926262626262627 0.46545454545454557
0.40484848484848485 0.56
0.44353535353535356 0.633939393939394
0.3378787878787879 0.5136363636363637
0.4044444444444445 0.5377777777777778
0.2824242424242424 0.49454545454545457
0.38515151515151513 0.5396969696969697
0.5216161616161616 0.6856565656565656
0.31424242424242427 0.48121212121212126
0.4129292929292929 0.6052525252525252
0.45444444444444443 0.5922222222222222
0.3748484848484849 0.5658585858585858
0.5148484848484849 0.6603030303030304
0.38494949494949493 0.6152525252525253
0.432020202020202 0.571010101010101
0.14393939393939395 0.38636363636363635
0.43747474747474746 0.6015151515151516
0.42363636363636364 0.56
0.5642424242424242 0.7312121212121212
0.3954545454545455 0.620909090909091
0.4396969696969697 0.5851515151515152
0.42444444444444446 0.5855555555555556
0.5733333333333334 0.7455555555555555
0.4974747474747475 0.6673737373737374
0.054949494949494956 0.28161616161616165
0.20202020202020202 0.45252525252525255
0.41000000000000003 0.5736363636363637
0.3666666666666667 0.5131313131313131
0.4365656565656566 0.6260606060606061
0.3868686868686869 0.5743434343434344
0.5490909090909091 0.69
0.36131313131313136 0.5272727272727273
0.5045454545454546 0.65
0.4196969696969697 0.6545454545454545
0.47696969696969693 0.6042424242424242
0.48444444444444446 0.6222222222222222
0.5354545454545455 0.6881818181818182
0.4763636363636364 0.611010101010101
0.3880808080808081 0.5456565656565656
0.4954545454545455 0.7063636363636363
0.4666666666666667 0.6533333333333333
0.35797979797979795 0.5587878787878787
0.4516161616161616 0.6031313131313132
0.47777777777777775 0.6388888888888888
0.39535353535353535 0.5650505050505051
0.3590909090909091 0.5
0.593939393939394 0.7038383838383839
0.32666666666666666 0.4935353535353535
0.5245454545454545 0.6404040404040404
0.5 0.6493939393939394
0.47919191919191917 0.6771717171717171
0.41474747474747475 0.5935353535353536
0.4015151515151515 0.6781818181818182
0.43727272727272726 0.585959595959596
0.4733333333333334 0.6218181818181818
0.38333333333333336 0.5532323232323233
0.4950505050505051 0.6253535353535353
0.4254545454545455 0.5890909090909091
0.22323232323232323 0.4808080808080808
0.4348484848484849 0.5851515151515152
0.45 0.6433333333333333
0.4880808080808081 0.6404040404040404
0.3388888888888889 0.5055555555555555
0.3433333333333333 0.5044444444444444
0.1909090909090909 0.3756565656565656
0.45494949494949494 0.5833333333333333
0.35171717171717176 0.5082828282828282
0.36777777777777776 0.5344444444444445
0.49454545454545457 0.6472727272727272
0.3090909090909091 0.5112121212121212
0.31333333333333335 0.48323232323232324
0.40636363636363637 0.5366666666666666
0.4267676767676768 0.6360606060606061
0.35363636363636364 0.49
0.3507070707070707 0.5235353535353535
0.42161616161616167 0.5781818181818182
0.42000000000000004 0.5745454545454546
0.37575757575757573 0.5427272727272727
0.3107070707070707 0.4835353535353535
0.43353535353535355 0.623939393939394
0.4588888888888889 0.6255555555555556
0.39636363636363636 0.5266666666666666
0.38383838383838387 0.5414141414141413
0.34 0.5096969696969698
0.3833333333333333 0.5409090909090909
0.40949494949494947 0.6246464646464647
0.31424242424242427 0.48121212121212126
0.47535353535353536 0.6563636363636365
0.6566666666666667 0.7766666666666667
0.5385858585858586 0.6909090909090909
0.29727272727272724 0.4945454545454545
0.46818181818181814 0.6718181818181819
0.33272727272727276 0.4933333333333334
0.5408080808080808 0.6650505050505051
0.5594949494949495 0.6807070707070708
0.46515151515151515 0.6196969696969696
0.39030303030303026 0.5448484848484848
0.2621212121212121 0.46424242424242423
0.45272727272727276 0.5890909090909091
0.39636363636363636 0.5266666666666666
0.6018181818181818 0.8113131313131313
0.4503030303030303 0.6048484848484849
0.37909090909090915 0.52
0.4666666666666667 0.6307070707070707
0.40434343434343434 0.6629292929292929
0.3412121212121212 0.5845454545454545
0.5777777777777778 0.7388888888888889
0.4790909090909091 0.62
0.4553535353535354 0.7107070707070708
0.4584848484848485 0.59
0.4478787878787879 0.6296969696969696
0.3974747474747475 0.5673737373737374
0.5097979797979798 0.706060606060606
0.51 0.7281818181818183
0.4482828282828283 0.5918181818181818
0.25606060606060604 0.4512121212121212
0.3566666666666667 0.5294949494949495
0.54 0.6733333333333333
0.5096969696969698 0.6642424242424243
0.34888888888888886 0.5155555555555555
0.4401010101010101 0.6305050505050506
0.20515151515151517 0.36484848484848487
0.5045454545454546 0.6627272727272728
0.3067676767676768 0.4582828282828283
0.37797979797979797 0.5420202020202021
0.5323232323232323 0.6907070707070708
0.47515151515151516 0.6254545454545455
0.5548484848484849 0.6906060606060607
0.5483838383838384 0.6919191919191919
0.36878787878787883 0.5416161616161617
0.30666666666666664 0.4945454545454545
0.5081818181818183 0.6517171717171717
0.32333333333333336 0.5195959595959596
0.18787878787878787 0.37575757575757573
0.45999999999999996 0.5977777777777777
0.2733333333333334 0.46727272727272734
0.39 0.5745454545454546
0.3472727272727273 0.5318181818181819
0.35717171717171714 0.5358585858585858
0.2994949494949495 0.47818181818181826
0.4578787878787879 0.6394949494949496
0.5884848484848485 0.7157575757575758
0.3484848484848485 0.5927272727272728
0.3756565656565657 0.5543434343434344
0.5073737373737374 0.6366666666666667
0.41474747474747475 0.5994949494949495
0.442020202020202 0.5766666666666667
0.4765656565656566 0.666060606060606
0.35363636363636364 0.5381818181818182
0.3974747474747475 0.5615151515151515
0.4766666666666667 0.6494949494949495
0.35333333333333333 0.532020202020202
0.5438383838383838 0.7014141414141414
0.32333333333333336 0.4932323232323232
0.3681818181818182 0.5166666666666667
0.4366666666666667 0.6233333333333334
0.3635353535353536 0.5473737373737374
0.2296969696969697 0.4645454545454546
0.4438383838383838 0.6503030303030303
0.2503030303030303 0.4729292929292929
0.40181818181818185 0.5533333333333333
0.4865656565656566 0.676060606060606
0.44333333333333336 0.600909090909091
0.40535353535353535 0.6367676767676769
0.4317171717171717 0.5832323232323233
0.5160606060606061 0.7321212121212122
0.4690909090909091 0.6712121212121213
0.41414141414141414 0.5894949494949495
0.3451515151515152 0.49969696969696975
0.5842424242424242 0.7157575757575758
0.36303030303030304 0.5581818181818182
0.47858585858585856 0.6309090909090909
0.387979797979798 0.5520202020202021
0.2529292929292929 0.4658585858585858
0.4284848484848485 0.56
0.52 0.6727272727272728
0.4341414141414141 0.6220202020202019
0.6048484848484849 0.7542424242424243
0.27 0.44818181818181824
0.23727272727272727 0.4829292929292929
0.3165656565656566 0.5128282828282829
0.3201010101010101 0.503939393939394
0.41666666666666674 0.5835353535353536
0.4 0.5757575757575758
0.46212121212121215 0.6906060606060607
0.5520202020202021 0.6823232323232323
0.4303030303030303 0.6529292929292929
0.3304040404040404 0.5114141414141414
0.16414141414141414 0.37424242424242427
0.38202020202020204 0.5372727272727273
0.40545454545454546 0.6090909090909091
0.37323232323232325 0.5217171717171718
0.55 0.6909090909090909
0.44333333333333336 0.6132323232323232
0.45000000000000007 0.5993939393939394
0.5233333333333334 0.6809090909090909
0.5104040404040404 0.6857575757575758
0.3196969696969697 0.47
0.5545454545454546 0.7072727272727273
0.37717171717171716 0.5558585858585858
0.3791919191919192 0.5771717171717171
0.5085858585858586 0.6609090909090909
0.47858585858585856 0.6414141414141414
0.40202020202020206 0.5366666666666666
0.48040404040404044 0.667878787878788
0.4154545454545455 0.5736363636363637
0.48424242424242425 0.6512121212121212
0.5126262626262627 0.652020202020202
0.37575757575757573 0.5427272727272727
0.5366666666666667 0.6744444444444445
0.3667676767676768 0.5182828282828282
0.3997979797979798 0.5892929292929292
0.3767676767676768 0.5282828282828282
0.44656565656565655 0.5906060606060606
0.24333333333333335 0.44999999999999996
0.3336363636363637 0.4976767676767677
0.36484848484848487 0.5103030303030303
0.35424242424242425 0.5212121212121212
0.36484848484848487 0.5496969696969698
0.44 0.6157575757575757
0.4827272727272727 0.6142424242424243
0.3291919191919192 0.5201010101010102
0.44424242424242427 0.6112121212121213
0.4790909090909091 0.6154545454545455
0.4833333333333334 0.6223232323232324
0.44818181818181824 0.6736363636363637
0.5 0.6333333333333333
0.46 0.626969696969697
0.41454545454545455 0.5727272727272728
0.3966666666666667 0.5754545454545456
0.4393939393939394 0.5848484848484848
0.32616161616161615 0.4733333333333333
0.3367676767676768 0.4933333333333334
0.296060606060606 0.5684848484848485
0.3888888888888889 0.55
0.40616161616161617 0.558080808080808
0.553939393939394 0.7236363636363636
0.30262626262626263 0.5175757575757576
0.4287878787878788 0.6194949494949494
0.5745454545454546 0.7272727272727273
0.22909090909090912 0.45818181818181825
0.43363636363636365 0.5700000000000001
0.4410101010101011 0.6163636363636364
0.4271717171717172 0.6058585858585859
0.33818181818181814 0.5490909090909091
0.30393939393939395 0.4796969696969697
0.4708080808080808 0.5866666666666667
0.5057575757575759 0.6815151515151516
0.33626262626262626 0.5413131313131313
0.30333333333333334 0.4908080808080808
0.33919191919191916 0.509090909090909
0.3897979797979798 0.582121212121212
0.32919191919191915 0.4932323232323232
0.46626262626262627 0.6571717171717172
0.3790909090909091 0.5366666666666666
0.297979797979798 0.505959595959596
0.3729292929292929 0.5789898989898989
0.52 0.6984848484848485
0.5178787878787878 0.6478787878787879
0.3 0.4933333333333334
0.46232323232323236 0.6631313131313132
0.47858585858585856 0.6924242424242424
0.4667676767676768 0.6182828282828283
0.33303030303030307 0.5351515151515152
0.4671717171717172 0.6643434343434343
0.33171717171717174 0.4882828282828283
0.26676767676767676 0.41828282828282826
0.3954545454545455 0.5536363636363637
0.4031313131313131 0.6378787878787879
0.35858585858585856 0.5314141414141413
0.49333333333333335 0.6544444444444444
0.510909090909091 0.6485858585858586
0.3368686868686869 0.5243434343434343
0.36424242424242426 0.5254545454545455
0.3781818181818182 0.5890909090909091
0.46606060606060606 0.6681818181818182
0.42292929292929293 0.6152525252525253
0.5374747474747474 0.7184848484848485
0.42828282828282827 0.704949494949495
0.04525252525252525 0.2585858585858586
0.4633333333333334 0.65
0.41686868686868683 0.6043434343434343
0.5599999999999999 0.6872727272727273
0.3751515151515152 0.5245454545454546
0.3521212121212121 0.5612121212121212
0.40414141414141413 0.6045454545454546
0.22545454545454546 0.4290909090909091
0.4545454545454546 0.6127272727272728
0.3804040404040404 0.5620202020202021
0.5135353535353535 0.6973737373737373
0.3372727272727273 0.5493939393939394
0.181010101010101 0.3749494949494949
0.376969696969697 0.5673737373737375
0.4 0.566969696969697
0.42909090909090913 0.5574747474747476
0.276969696969697 0.46737373737373744
0.21727272727272728 0.44757575757575757
0.44727272727272727 0.6254545454545455
0.33666666666666667 0.5094949494949494
0.263939393939394 0.4457575757575758
0.40606060606060607 0.5942424242424242
0.3939393939393939 0.5814141414141414
0.53 0.739090909090909
0.35363636363636364 0.5381818181818182
0.44000000000000006 0.5927272727272728
0.3990909090909091 0.5354545454545454
0.41666666666666663 0.608989898989899
0.4226262626262627 0.5894949494949495
0.16 0.54
0.2971717171717172 0.47585858585858587
0.3881818181818182 0.5918181818181818
0.5266666666666666 0.7266666666666666
0.47 0.6106060606060606
0.4786868686868687 0.6180808080808081
0.4635353535353536 0.6473737373737374
0.2666666666666667 0.4388888888888889
0.40535353535353535 0.5693939393939395
0.3933333333333333 0.5866666666666667
0.45636363636363636 0.5866666666666667
0.37333333333333335 0.5373737373737374
0.40515151515151515 0.5700000000000001
0.35232323232323226 0.5163636363636364
0.39191919191919194 0.5266666666666667
0.2842424242424243 0.456969696969697
0.38 0.5436363636363637
0.3401010101010101 0.5239393939393939
0.4366666666666667 0.6094949494949495
0.3766666666666667 0.5463636363636364
0.40979797979797983 0.6128282828282827
0.4904040404040404 0.6714141414141415
0.4569696969696969 0.5884848484848484
0.44393939393939397 0.6136363636363636
0.46424242424242423 0.681010101010101
0.4790909090909091 0.6536363636363637
0.4903030303030303 0.6396969696969697
0.41353535353535353 0.603939393939394
0.41727272727272724 0.6145454545454545
0.4684848484848485 0.6354545454545455
0.36484848484848487 0.5151515151515151
0.4863636363636364 0.621010101010101
0.4244444444444445 0.5577777777777778
0.3888888888888889 0.55
0.44424242424242427 0.6054545454545455
0.43858585858585863 0.6450505050505051
0.2891919191919192 0.464949494949495
0.3723232323232323 0.5946464646464646
0.40454545454545454 0.5548484848484848
0.4951515151515151 0.6959595959595959
0.48515151515151517 0.6345454545454545
0.40515151515151515 0.5545454545454546
0.3990909090909091 0.5354545454545454
0.49717171717171715 0.6758585858585859
0.4254545454545455 0.6790909090909092
0.351010101010101 0.5296969696969697
0.2026262626262626 0.38141414141414137
0.43000000000000005 0.5845454545454546
0.4068686868686868 0.5878787878787879
0.4507070707070707 0.6235353535353535
0.3220202020202021 0.4826262626262627
0.4181818181818182 0.5545454545454546
0.35797979797979795 0.5220202020202019
0.27101010101010103 0.4558585858585859
0.34545454545454546 0.5
0.5217171717171718 0.6681818181818182
0.4033333333333333 0.5644444444444444
0.45555555555555555 0.5888888888888888
0.40636363636363637 0.590909090909091
0.29333333333333333 0.4933333333333334
0.49333333333333335 0.6544444444444444
0.37 0.5312121212121212
0.4032323232323233 0.5517171717171717
0.48333333333333334 0.6444444444444444
0.4865656565656566 0.6380808080808081
0.37090909090909097 0.5133333333333334
0.4520202020202021 0.601919191919192
0.4285858585858586 0.6497979797979798
0.4904040404040404 0.6657575757575758
0.29474747474747476 0.47949494949494953
0.4436363636363636 0.6154545454545455
0.22818181818181818 0.4318181818181818
0.33666666666666667 0.53
0.4812121212121212 0.6876767676767677
0.2122222222222222 0.38444444444444437
0.26636363636363636 0.43000000000000005
0.4309090909090909 0.578080808080808
0.48858585858585857 0.7024242424242424
0.42484848484848486 0.5793939393939394
0.47494949494949495 0.6074747474747475
0.3933333333333333 0.56
0.4403030303030303 0.5896969696969697
0.247979797979798 0.47060606060606064
0.2633333333333333 0.4443434343434343
0.4357575757575758 0.6084848484848485
0.44 0.6157575757575757
0.3829292929292929 0.5752525252525252
0.4220202020202021 0.5772727272727274
0.5307070707070707 0.661010101010101
0.5172727272727273 0.6954545454545455
0.42333333333333334 0.5809090909090909
0.4860606060606061 0.6812121212121212
0.3897979797979798 0.586060606060606
0.2963636363636364 0.5227272727272727
0.07272727272727272 0.35555555555555557
0.33999999999999997 0.506969696969697
0.45858585858585865 0.610909090909091
0.38626262626262625 0.5913131313131312
0.4888888888888889 0.65
0.4361616161616162 0.5785858585858585
0.4209090909090909 0.5633333333333332
0.26 0.42909090909090913
0.3566666666666667 0.532020202020202
0.35545454545454547 0.5663636363636364
0.3880808080808081 0.5509090909090909
0.39676767676767677 0.5533333333333333
0.3329292929292929 0.5145454545454545
0.362020202020202 0.5333333333333334
0.33696969696969703 0.5273737373737375
0.4678787878787879 0.6436363636363637
0.3635353535353536 0.5473737373737374
0.24666666666666667 0.4282828282828282
0.4760606060606061 0.6457575757575758
0.3226262626262626 0.4666666666666667
0.18272727272727274 0.38575757575757574
0.4633333333333334 0.6481818181818182
0.37222222222222223 0.5444444444444445
0.4582828282828283 0.6067676767676768
0.16989898989898988 0.3515151515151515
0.2166666666666667 0.4033333333333334
0.4113131313131313 0.5665656565656566
0.42000000000000004 0.586969696969697
0.4922222222222222 0.6533333333333333
0.45494949494949494 0.5833333333333333
0.29070707070707075 0.4635353535353536
0.5433333333333333 0.6988888888888889
0.46232323232323236 0.6320202020202021
0.4232323232323232 0.6136363636363635
0.38272727272727275 0.5486868686868687
0.3397979797979798 0.5292929292929294
0.43686868686868685 0.6178787878787879
0.42919191919191924 0.6271717171717172
0.4436363636363636 0.6281818181818182
0.33040404040404037 0.5308080808080808
0.38262626262626265 0.522020202020202
0.4263636363636364 0.5900000000000001
0.4161616161616162 0.5585858585858585
0.3933333333333333 0.58
0.2778787878787879 0.4657575757575758
0.40828282828282825 0.5567676767676768
0.4882828282828283 0.6367676767676769
0.513030303030303 0.7012121212121212
0.38333333333333336 0.5444444444444445
0.42000000000000004 0.6066666666666667
0.5051515151515151 0.6545454545454545
0.251010101010101 0.42969696969696974
0.47333333333333333 0.6344444444444444
0.4254545454545455 0.5836363636363637
0.47333333333333333 0.6256565656565656
0.37363636363636366 0.51
0.501010101010101 0.6796969696969697
0.342929292929293 0.5352525252525253
0.3842424242424243 0.556969696969697
0.3504040404040404 0.532020202020202
0.49 0.6427272727272728
0.39181818181818184 0.5433333333333333
0.43333333333333335 0.6058585858585859
0.4566666666666667 0.6263636363636365
0.3371717171717172 0.5096969696969698
0.40454545454545454 0.5681818181818182
0.35888888888888887 0.52
0.2736363636363637 0.4645454545454546
0.5207070707070708 0.6875757575757577
0.528080808080808 0.6804040404040403
0.4496969696969697 0.5951515151515152
0.32333333333333336 0.49585858585858583
0.3672727272727273 0.5793939393939394
0.27202020202020205 0.437979797979798
0.5326262626262627 0.6766666666666667
0.510909090909091 0.6236363636363637
0.3524242424242424 0.5786868686868687
0.3653535353535354 0.5350505050505051
0.20929292929292928 0.44101010101010096
0.53 0.739090909090909
0.41000000000000003 0.5918181818181819
0.3904040404040404 0.5720202020202021
0.3466666666666667 0.501919191919192
0.30666666666666664 0.482020202020202
0.33424242424242423 0.4954545454545455
0.44 0.5733333333333333
0.4616161616161616 0.6315151515151516
0.4666666666666667 0.6363636363636364
0.38323232323232326 0.5317171717171717
0.33 0.5118181818181818
0.435050505050505 0.6835353535353536
0.4484848484848485 0.626969696969697
0.47454545454545455 0.6272727272727272
0.22666666666666663 0.39262626262626255
0.4542424242424242 0.6635353535353535
0.35545454545454547 0.5136363636363637
0.4074747474747475 0.5715151515151515
0.4166666666666667 0.5732323232323233
0.3666666666666667 0.5666666666666667
0.4993939393939394 0.64
0.3921212121212121 0.59010101010101
0.3774747474747475 0.5473737373737374
0.3609090909090909 0.519090909090909
0.3326262626262626 0.4766666666666667
0.3190909090909091 0.5142424242424243
0.34202020202020206 0.4972727272727273
0.48818181818181816 0.7354545454545455
0.4444444444444444 0.6055555555555556
0.41666666666666674 0.5750505050505051
0.30484848484848487 0.516969696969697
0.5117171717171718 0.6581818181818182
0.5382828282828283 0.6818181818181819
0.4966666666666667 0.6833333333333333
0.523030303030303 0.7057575757575758
0.38575757575757574 0.5584848484848486
0.4409090909090909 0.6045454545454545
0.38 0.5412121212121213
0.4966666666666667 0.6481818181818182
0.3666666666666667 0.5307070707070707
0.434949494949495 0.5633333333333334
0.5148484848484849 0.6554545454545455
0.30858585858585863 0.5150505050505051
0.2596969696969697 0.5021212121212122
0.3194949494949495 0.5043434343434343
0.17888888888888888 0.42
0.48333333333333334 0.6766666666666667
0.4504040404040404 0.6378787878787879
0.3938383838383838 0.6018181818181818
0.3997979797979798 0.5808080808080809
0.49232323232323233 0.6507070707070708
0.35333333333333333 0.5144444444444444
0.45333333333333337 0.6088888888888889
0.5126262626262627 0.652020202020202
0.35030303030303034 0.5048484848484849
0.43424242424242426 0.5954545454545455
0.4313131313131313 0.5865656565656566
0.42333333333333334 0.6233333333333334
0.3236363636363636 0.5081818181818182
0.3336363636363636 0.47
0.37797979797979797 0.522020202020202
0.3802020202020202 0.6286868686868687
0.4603030303030303 0.6148484848484849
0.35 0.5257575757575758
0.21535353535353532 0.3907070707070706
0.4636363636363636 0.6218181818181818
0.30363636363636365 0.48818181818181816
0.3684848484848485 0.6086868686868687
0.49727272727272726 0.61
0.4632323232323232 0.6117171717171717
0.3833333333333333 0.5708080808080809
0.473030303030303 0.6612121212121213
0.35333333333333333 0.5255555555555556
0.37272727272727274 0.527979797979798
0.41848484848484846 0.6548484848484849
0.443030303030303 0.6595959595959596
0.51 0.6966666666666667
0.34383838383838383 0.565050505050505
0.46555555555555556 0.6033333333333333
0.56 0.7042424242424243
0.3260606060606061 0.5281818181818182
0.5441414141414141 0.7132323232323232
0.519090909090909 0.6554545454545455
0.5566666666666666 0.7150505050505052
0.48484848484848486 0.6303030303030304
0.2596969696969697 0.4793939393939394
0.2604040404040404 0.44787878787878793
0.4616161616161616 0.6315151515151516
0.3290909090909091 0.5451515151515152
0.37363636363636366 0.51
0.4136363636363637 0.6318181818181818
0.42333333333333334 0.5990909090909091
0.3433333333333333 0.5437373737373737
0.48090909090909095 0.6233333333333333
0.4766666666666667 0.67
0.3404040404040404 0.5157575757575757
0.5183838383838384 0.656969696969697
0.3557575757575757 0.5284848484848484
0.4307070707070707 0.6035353535353536
0.3335353535353536 0.5239393939393939
0.42454545454545456 0.5700000000000001
0.3107070707070707 0.4835353535353535
0.2754545454545455 0.4390909090909091
0.5016161616161616 0.6715151515151516
0.42363636363636364 0.6145454545454545
0.39888888888888885 0.56
0.5282828282828282 0.6718181818181819
0.4290909090909091 0.5866666666666667
0.32 0.5266666666666666
0.1711111111111111 0.42777777777777776
0.41727272727272724 0.6018181818181818
0.4732323232323232 0.6217171717171717
0.4762626262626263 0.6883838383838384
0.31686868686868686 0.49787878787878787
0.5033333333333334 0.6661616161616162
0.42333333333333334 0.5932323232323232
0.4721212121212121 0.6771717171717171
0.3506060606060606 0.5938383838383838
0.43333333333333335 0.6181818181818182
0.41353535353535353 0.603939393939394
0.4066666666666667 0.5933333333333333
0.5183838383838384 0.6668686868686868
0.28262626262626267 0.45545454545454556
0.4285858585858586 0.5914141414141414
0.3451515151515152 0.49969696969696975
0.3866666666666667 0.5507070707070707
0.39515151515151514 0.5445454545454546
0.4 0.5493939393939394
0.3891919191919192 0.5871717171717171
0.33666666666666667 0.528989898989899
0.5333333333333334 0.6888888888888889
0.4384848484848485 0.57
0.277979797979798 0.5006060606060606
0.5145454545454545 0.6341414141414141
0.36909090909090914 0.4974747474747475
0.41828282828282826 0.5717171717171716
0.507979797979798 0.6566666666666667
0.6085858585858586 0.7873737373737373
0.44 0.6096969696969696
0.34040404040404043 0.5278787878787878
0.25606060606060604 0.5109090909090909
0.49131313131313137 0.6465656565656566
0.36737373737373735 0.527979797979798
0.37717171717171716 0.5558585858585858
0.43979797979797985 0.6321212121212122
0.3303030303030303 0.48484848484848486
0.5178787878787879 0.6875757575757576
0.4654545454545455 0.6236363636363638
0.34545454545454546 0.49818181818181817
0.3966666666666667 0.5519191919191919
0.4 0.5377777777777778
0.22343434343434346 0.4548484848484849
0.4951515151515151 0.6959595959595959
0.5604040404040403 0.7357575757575757
0.5048484848484849 0.6503030303030304
0.19414141414141411 0.382020202020202
0.31333333333333335 0.48323232323232324
0.3373737373737374 0.49262626262626263
0.4473737373737374 0.6026262626262626
0.463939393939394 0.6336363636363637
0.33818181818181814 0.4866666666666667
0.26575757575757575 0.4327272727272728
0.3966666666666667 0.5694949494949495
0.37090909090909097 0.5180808080808081
0.4778787878787879 0.6594949494949496
0.37626262626262624 0.5742424242424242
0.30797979797979796 0.45666666666666667
0.27030303030303027 0.43000000000000005
0.4042424242424243 0.5654545454545455
0.4528282828282828 0.6104040404040404
0.44000000000000006 0.5854545454545454
0.3611111111111111 0.5788888888888889
0.4851515151515151 0.6859595959595959
0.45999999999999996 0.5977777777777777
0.30717171717171715 0.49202020202020197
0.41434343434343435 0.6486868686868688
0.32676767676767676 0.565959595959596
0.3396969696969697 0.49
0.43686868686868685 0.6178787878787879
0.380909090909091 0.5233333333333334
0.21818181818181817 0.4290909090909091
0.452020202020202 0.5866666666666667
0.39 0.5393939393939394
0.390909090909091 0.5333333333333334
0.4 0.5612121212121213
0.32686868686868686 0.5143434343434343
0.42333333333333334 0.5955555555555556
0.3978787878787879 0.5736363636363637
0.30979797979797985 0.49929292929292934
0.3961616161616162 0.5385858585858586
0.5327272727272727 0.6642424242424243
0.37848484848484854 0.5057575757575759
0.3566666666666667 0.5132323232323233
0.2957575757575758 0.4684848484848485
0.36393939393939395 0.5396969696969697
0.5183838383838384 0.6668686868686868
0.3474747474747475 0.5232323232323232
0.34545454545454546 0.5036363636363637
0.43040404040404046 0.6178787878787879
0.37363636363636366 0.5145454545454545
0.41000000000000003 0.5857575757575758
0.3351515151515152 0.5431313131313131
0.42303030303030303 0.6125252525252526
0.28727272727272724 0.5163636363636364
0.54 0.6806060606060607
0.5126262626262627 0.6794949494949496
0.517979797979798 0.6573737373737374
0.37202020202020203 0.537979797979798
0.45545454545454545 0.5807070707070707
0.263939393939394 0.4457575757575758
0.347979797979798 0.562929292929293
0.41787878787878785 0.5994949494949495
0.3881818181818182 0.5366666666666667
0.4601010101010101 0.6373737373737374
0.371010101010101 0.5350505050505051
0.4114141414141414 0.5538383838383838
0.5233333333333333 0.7425252525252525
0.2323232323232323 0.3963636363636363
0.43000000000000005 0.5827272727272728
0.4209090909090909 0.5633333333333332
0.41333333333333333 0.5773737373737374
0.34383838383838383 0.5066666666666667
0.32333333333333336 0.5166666666666667
0.4184848484848485 0.5542424242424243
0.4666666666666667 0.6307070707070707
0.4132323232323232 0.5970707070707071
0.36 0.5181818181818182
0.3157575757575758 0.4827272727272728
0.42454545454545456 0.5654545454545454
0.44333333333333336 0.5956565656565657
0.45484848484848484 0.5954545454545455
0.45666666666666667 0.6031313131313132
0.46424242424242423 0.6254545454545455
0.4068686868686868 0.5943434343434343
0.49484848484848487 0.6493939393939394
0.3622222222222222 0.528888888888889
0.3894949494949495 0.5743434343434344
0.5296969696969697 0.6703030303030303
0.2160606060606061 0.4152525252525253
0.5366666666666667 0.7035353535353537
0.3991919191919192 0.5690909090909091
0.53 0.6633333333333333
0.54 0.6893939393939394
0.38636363636363635 0.5166666666666667
0.33 0.49363636363636365
0.4572727272727273 0.5736363636363637
0.4904040404040404 0.6714141414141415
0.5900000000000001 0.7596969696969698
0.236969696969697 0.4405050505050505
0.5073737373737374 0.6626262626262627
0.4071717171717172 0.5858585858585859
0.49595959595959593 0.7024242424242424
0.5647474747474748 0.7256565656565657
0.5149494949494949 0.6474747474747475
0.44323232323232326 0.5917171717171716
0.4396969696969697 0.5851515151515152
0.4381818181818182 0.5533333333333333
0.48696969696969694 0.6184848484848484
0.4193939393939394 0.5648484848484848
0.41666666666666674 0.5807070707070707
0.38171717171717173 0.5332323232323233
0.4872727272727273 0.6654545454545455
0.38393939393939397 0.564949494949495
0.45666666666666667 0.6433333333333333
0.4117171717171717 0.5632323232323233
0.4090909090909091 0.5454545454545454
0.3141414141414141 0.49575757575757573
0.3674747474747475 0.5315151515151515
0.4090909090909091 0.5374747474747475
0.4441414141414141 0.6382828282828282
0.3981818181818182 0.5466666666666666
0.3821212121212121 0.5871717171717171
0.45737373737373743 0.6126262626262626
0.3385858585858586 0.5524242424242424
0.28888888888888886 0.46111111111111114
0.4966666666666667 0.6694949494949496
0.5251515151515151 0.6796969696969697
0.44727272727272727 0.5913131313131312
0.4320202020202021 0.5872727272727274
0.21212121212121213 0.4313131313131313
0.5274747474747475 0.6973737373737374
0.45555555555555555 0.5888888888888888
0.5132323232323233 0.6416161616161616
0.42070707070707075 0.5935353535353536
0.501010101010101 0.6650505050505051
0.4632323232323232 0.6117171717171717
0.34717171717171713 0.532020202020202
0.3833333333333333 0.5318181818181819
0.5082828282828283 0.6567676767676769
0.35323232323232323 0.5066666666666667
0.5366666666666666 0.6780808080808081
0.4690909090909091 0.5974747474747475
0.27545454545454545 0.49363636363636365
0.5772727272727273 0.6868686868686869
0.4348484848484849 0.5754545454545454
0.25393939393939396 0.4284848484848485
0.5033333333333334 0.6556565656565656
0.3004040404040404 0.482020202020202
0.3954545454545455 0.5590909090909091
0.40666666666666673 0.5707070707070707
0.32474747474747473 0.5823232323232324
0.4618181818181818 0.7552525252525253
0.29000000000000004 0.4657575757575758
0.3433333333333333 0.5483838383838384
0.4766666666666667 0.6143434343434344
0.20787878787878786 0.3894949494949495
0.3666666666666667 0.56
0.46616161616161617 0.6085858585858586
0.3833333333333333 0.5409090909090909
0.4726262626262626 0.6073737373737373
0.41000000000000003 0.5796969696969697
0.37 0.536969696969697
0.39 0.5481818181818182
0.41545454545454547 0.5648484848484848
0.18787878787878787 0.37575757575757573
0.46565656565656566 0.6806060606060607
0.471010101010101 0.6496969696969697
0.2904040404040404 0.472020202020202
0.46454545454545454 0.5963636363636364
0.2831313131313131 0.4365656565656566
0.46616161616161617 0.6038383838383838
0.5474747474747474 0.7115151515151515
0.6081818181818182 0.8021212121212121
0.3672727272727273 0.5793939393939394
0.48 0.6381818181818182
0.4966666666666667 0.6720202020202021
0.4444444444444444 0.5777777777777777
0.4726262626262626 0.612020202020202
0.4666666666666667 0.621919191919192
0.48454545454545456 0.6481818181818182
0.3394949494949495 0.5474747474747476
0.3017171717171717 0.4582828282828283
0.21636363636363634 0.45636363636363636
0.45999999999999996 0.6009090909090908
0.4620202020202021 0.6172727272727274
0.3243434343434344 0.5506060606060607
0.3897979797979798 0.5792929292929292
0.413030303030303 0.6228282828282828
0.538080808080808 0.6851515151515151
0.5282828282828282 0.6668686868686868
0.5233333333333334 0.6896969696969697
0.4085858585858586 0.5661616161616162
0.2874747474747475 0.4632323232323232
0.48717171717171714 0.6596969696969697
0.42727272727272725 0.6118181818181818
0.30040404040404045 0.4814141414141414
0.4255555555555556 0.5588888888888888
0.41909090909090907 0.6421212121212122
0.30383838383838385 0.5176767676767677
0.30979797979797985 0.5060606060606061
0.36676767676767674 0.5835353535353535
0.3232323232323232 0.47171717171717165
0.351010101010101 0.5263636363636364
0.39010101010101017 0.5870707070707071
0.49333333333333335 0.6808080808080809
0.39323232323232327 0.5466666666666666
0.3463636363636364 0.5372727272727273
0.31333333333333335 0.5
0.3203030303030303 0.47484848484848485
0.4768686868686869 0.6643434343434343
0.44818181818181824 0.5890909090909091
0.44272727272727275 0.6033333333333334
0.4678787878787879 0.6436363636363637
0.0787878787878788 0.3466666666666667
0.627979797979798 0.7976767676767678
0.4166666666666667 0.5681818181818182
0.5808080808080808 0.705050505050505
0.46606060606060606 0.6357575757575757
0.3433333333333334 0.53
0.4881818181818182 0.6366666666666667
0.4507070707070707 0.5853535353535353
0.5233333333333333 0.7566666666666666
0.49 0.6596969696969697
0.29787878787878785 0.47323232323232317
0.37070707070707076 0.5375757575757576
0.38333333333333336 0.55
0.3723232323232323 0.573131313131313
0.4220202020202021 0.5772727272727274
0.38181818181818183 0.5333333333333334
0.4036363636363637 0.5445454545454546
0.30393939393939395 0.4796969696969697
0.39202020202020205 0.557979797979798
0.42363636363636364 0.6145454545454545
0.45858585858585865 0.6161616161616161
0.6079797979797981 0.7427272727272728
0.4955555555555556 0.6288888888888888
0.4717171717171717 0.681010101010101
0.31666666666666665 0.4638383838383838
0.48 0.6412121212121212
0.30333333333333334 0.4966666666666667
0.564141414141414 0.8114141414141414
0.48393939393939395 0.6596969696969697
0.4163636363636364 0.5745454545454546
0.5633333333333334 0.7702020202020201
0.36262626262626263 0.5066666666666667
0.3933333333333333 0.56
0.3823232323232323 0.5974747474747475
0.3480808080808081 0.5086868686868687
0.6590909090909092 0.8271717171717172
0.27181818181818185 0.4283838383838384
0.4626262626262626 0.6354545454545455
0.45040404040404036 0.6320202020202019
0.49363636363636365 0.63
0.31666666666666665 0.4835353535353535
0.47595959595959597 0.6526262626262627
0.3933333333333333 0.5509090909090909
0.45858585858585865 0.610909090909091
0.34 0.49818181818181817
0.39010101010101017 0.5805050505050506
0.5071717171717172 0.692020202020202
0.39575757575757575 0.5627272727272727
0.40606060606060607 0.6012121212121212
0.4766666666666667 0.6582828282828282
0.5266666666666667 0.681919191919192
0.381010101010101 0.5450505050505051
0.4126262626262627 0.5914141414141415
0.34131313131313135 0.4912121212121212
0.31000000000000005 0.48818181818181816
0.3797979797979798 0.5828282828282828
0.29515151515151516 0.4445454545454546
0.41979797979797984 0.6363636363636364
0.3904040404040404 0.5714141414141415
0.413030303030303 0.6290909090909091
0.4033333333333333 0.5700000000000001
0.3704040404040404 0.5578787878787879
0.3447474747474747 0.5175757575757576
0.4666666666666667 0.6533333333333333
0.2733333333333334 0.44323232323232326
0.41 0.6033333333333333
0.5654545454545454 0.6907070707070708
0.3866666666666667 0.5450505050505051
0.25717171717171716 0.44818181818181824
0.3507070707070707 0.5235353535353535
0.39292929292929296 0.5745454545454547
0.31424242424242427 0.486969696969697
0.472020202020202 0.6272727272727273
0.40787878787878784 0.5957575757575757
0.32626262626262625 0.5242424242424243
0.5645454545454546 0.7336363636363636
0.39202020202020205 0.5223232323232323
0.49333333333333335 0.6456565656565656
0.48333333333333334 0.6444444444444444
0.45636363636363636 0.5866666666666667
0.26171717171717174 0.4132323232323233
0.45858585858585865 0.610909090909091
0.41909090909090907 0.5554545454545454
0.39555555555555555 0.5333333333333334
0.40888888888888886 0.5644444444444444
0.45515151515151514 0.6006060606060606
0.4115151515151515 0.6462626262626263
0.35535353535353537 0.5250505050505051
0.3591919191919192 0.5232323232323232
0.522020202020202 0.671919191919192
0.46111111111111114 0.6866666666666666
0.4466666666666667 0.6050505050505051
0.5216161616161616 0.6915151515151516
0.45484848484848484 0.6003030303030303
0.3385858585858586 0.49616161616161614
0.3559595959595959 0.5697979797979797
0.5414141414141413 0.6790909090909091
0.4572727272727273 0.6921212121212121
0.3301010101010101 0.5205050505050506
0.4620202020202021 0.6172727272727274
0.3766666666666667 0.5407070707070707
0.3617171717171717 0.571010101010101
0.32363636363636367 0.4933333333333334
0.3555555555555555 0.5733333333333333
0.4554545454545455 0.6663636363636364
0.22262626262626262 0.44525252525252523
0.3302020202020203 0.5704040404040405
0.5666666666666667 0.7250505050505052
0.5178787878787879 0.6936363636363637
0.41333333333333333 0.5832323232323232
0.44717171717171716 0.6135353535353536
0.3854545454545455 0.5436363636363637
0.3332323232323232 0.4866666666666667
0.522020202020202 0.6826262626262627
0.4782828282828283 0.6218181818181818
0.5154545454545454 0.6407070707070708
0.387979797979798 0.5576767676767678
0.3961616161616162 0.5433333333333334
0.5143434343434343 0.6371717171717172
0.463030303030303 0.6512121212121212
0.5336363636363637 0.7118181818181818
0.44666666666666666 0.6135353535353535
0.30717171717171715 0.4858585858585858
0.5401010101010101 0.7239393939393939
0.3904040404040404 0.5843434343434344
0.43333333333333335 0.62
0.42303030303030303 0.6181818181818182
0.3506060606060606 0.5712121212121213
0.5472727272727274 0.7254545454545455
0.33656565656565657 0.5260606060606061
0.3966666666666667 0.5663636363636364
0.3274747474747475 0.5032323232323233
0.35000000000000003 0.5345454545454545
0.40171717171717175 0.5481818181818182
0.4588888888888889 0.6144444444444445
0.35545454545454547 0.519090909090909
0.3572727272727273 0.5418181818181819
0.49454545454545457 0.6527272727272728
0.38191919191919194 0.5213131313131313
0.48090909090909095 0.6233333333333333
0.31000000000000005 0.476969696969697
0.500909090909091 0.6136363636363636
0.35383838383838384 0.5603030303030303
0.5734343434343434 0.721919191919192
0.38181818181818183 0.5333333333333334
0.3948484848484849 0.6069696969696969
0.43323232323232325 0.5817171717171716
0.3378787878787879 0.5075757575757576
0.5320202020202021 0.657979797979798
0.4171717171717172 0.5958585858585859
0.36 0.526969696969697
0.33606060606060606 0.5312121212121212
0.5097979797979798 0.6925252525252525
0.4163636363636364 0.5510101010101011
0.36717171717171715 0.5581818181818182
0.5782828282828283 0.7267676767676767
0.49383838383838385 0.6461616161616162
0.39727272727272733 0.5818181818181819
0.4514141414141414 0.5766666666666667
0.393939393939394 0.5696969696969698
0.3260606060606061 0.5281818181818182
0.49323232323232324 0.6466666666666667
0.2791919191919192 0.4842424242424242
0.5568686868686868 0.7802020202020201
0.49363636363636365 0.6781818181818182
0.34989898989898993 0.5373737373737374
0.4527272727272727 0.5842424242424242
0.3704040404040404 0.5582828282828283
0.523030303030303 0.7112121212121212
0.4916161616161616 0.6673737373737374
0.3667676767676768 0.5182828282828282
0.39606060606060606 0.5981818181818181
0.436969696969697 0.6405050505050505
0.4267676767676768 0.5732323232323233
0.41414141414141414 0.5894949494949495
0.40030303030303027 0.5496969696969697
0.519090909090909 0.6554545454545455
0.4666666666666667 0.6666666666666667
0.4469696969696969 0.5742424242424242
0.41515151515151516 0.5696969696969697
0.40393939393939393 0.5260606060606061
0.4457575757575758 0.6184848484848485
0.3977777777777778 0.5755555555555556
0.2697979797979798 0.4572727272727273
0.39202020202020205 0.5526262626262627
0.4723232323232323 0.6363636363636364
0.21040404040404043 0.3978787878787879
0.37333333333333335 0.5458585858585858
0.48010101010101014 0.663939393939394
0.2572727272727273 0.4418181818181819
0.3507070707070707 0.5235353535353535
0.41393939393939394 0.5957575757575758
0.37424242424242427 0.546969696969697
0.36484848484848487 0.5142424242424243
0.380909090909091 0.5718181818181819
0.3854545454545455 0.54
0.3232323232323232 0.4766666666666667
0.42070707070707075 0.6114141414141415
0.3616161616161616 0.5373737373737374
0.4122222222222222 0.5788888888888889
0.30979797979797985 0.508989898989899
0.5233333333333334 0.6809090909090909
0.39 0.5596969696969698
0.4860606060606061 0.6881818181818182
0.4166666666666667 0.5631313131313131
0.48040404040404044 0.6614141414141415
0.2404040404040404 0.42202020202020196
0.307979797979798 0.47202020202020206
0.43222222222222223 0.6044444444444445
0.33020202020202016 0.608989898989899
0.24595959595959596 0.4524242424242424
0.27424242424242423 0.4835353535353535
0.4629292929292929 0.6445454545454545
0.46111111111111114 0.6788888888888889
0.5094949494949494 0.7318181818181818
0.5508080808080809 0.6704040404040404
0.31323232323232325 0.4617171717171717
0.47545454545454546 0.6390909090909092
0.23232323232323232 0.44030303030303025
0.43979797979797985 0.6292929292929293
0.5022222222222222 0.6577777777777778
0.5385858585858586 0.6856565656565656
0.2204040404040404 0.4078787878787879
0.47454545454545455 0.6327272727272728
0.6102020202020202 0.7233333333333333
0.4486868686868687 0.5973737373737373
0.39262626262626266 0.5366666666666667
0.5127272727272727 0.6972727272727273
0.3297979797979798 0.5328282828282829
0.5033333333333334 0.6644444444444444
0.3975757575757576 0.6551515151515152
0.3563636363636364 0.540909090909091
0.5866666666666667 0.72
0.36 0.526969696969697
0.2897979797979798 0.48212121212121206
0.43000000000000005 0.5881818181818181
0.3432323232323232 0.5016161616161616
0.34363636363636363 0.5281818181818182
0.3266666666666667 0.49070707070707076
0.6006060606060606 0.7558585858585859
0.5061616161616163 0.6485858585858586
0.3396969696969697 0.4851515151515151
0.292929292929293 0.4921212121212122
0.362020202020202 0.4966666666666667
0.3326262626262626 0.5552525252525252
0.38535353535353534 0.5493939393939394
0.30080808080808086 0.5087878787878789
0.36969696969696975 0.52
0.2429292929292929 0.4352525252525252
0.41303030303030297 0.6506060606060605
0.34979797979797983 0.5460606060606061
0.48333333333333334 0.6532323232323232
0.4882828282828283 0.6318181818181818
0.2496969696969697 0.46939393939393936
0.4666666666666667 0.6307070707070707
0.3297979797979798 0.5358585858585859
0.42787878787878786 0.5975757575757576
0.3772727272727273 0.5681818181818182
0.3842424242424243 0.5454545454545455
0.37414141414141416 0.5494949494949496
0.43040404040404046 0.6114141414141414
0.37 0.5312121212121212
0.40070707070707073 0.5794949494949495
0.43686868686868685 0.5883838383838385
0.41000000000000003 0.5736363636363637
0.5648484848484849 0.7090909090909091
0.3654545454545455 0.510909090909091
0.38202020202020204 0.5372727272727273
0.3936363636363637 0.5718181818181819
0.29787878787878785 0.49202020202020197
0.3566666666666667 0.5366666666666667
0.4381818181818182 0.5866666666666667
0.41727272727272724 0.5613131313131312
0.47575757575757577 0.6427272727272728
0.3604040404040404 0.5357575757575758
0.26787878787878794 0.45575757575757586
0.4338383838383838 0.5861616161616161
0.51 0.6645454545454546
0.55 0.678888888888889
0.6033333333333333 0.7504040404040404
0.4476767676767677 0.5823232323232324
0.5433333333333333 0.7433333333333334
0.4790909090909091 0.6074747474747475
0.4917171717171718 0.6381818181818182
0.44272727272727275 0.6033333333333334
0.5306060606060606 0.685858585858586
0.31303030303030305 0.5025252525252526
0.30262626262626263 0.442020202020202
0.3804040404040404 0.5743434343434344
0.32333333333333336 0.5566666666666666
0.473030303030303 0.6625252525252525
0.2602020202020202 0.5004040404040404
0.44333333333333336 0.6044444444444445
0.5204040404040404 0.7078787878787878
0.41727272727272724 0.5613131313131312
0.51 0.6857575757575758
0.36818181818181817 0.5863636363636363
0.3729292929292929 0.572121212121212
0.353030303030303 0.5690909090909091
0.23474747474747476 0.5197979797979798
0.4633333333333333 0.6156565656565656
0.4860606060606061 0.6742424242424243
0.37232323232323233 0.5420202020202021
0.43454545454545457 0.6036363636363637
0.36333333333333334 0.5261616161616162
0.47070707070707074 0.6375757575757576
0.3603030303030303 0.52
0.387979797979798 0.5576767676767678
0.31323232323232325 0.4617171717171717
0.24424242424242426 0.416969696969697
0.42515151515151517 0.5745454545454546
0.5 0.6454545454545455
0.27787878787878784 0.4782828282828282
0.3966666666666667 0.5250505050505051
0.4033333333333333 0.59
0.46777777777777774 0.6288888888888888
0.37202020202020203 0.5326262626262627
0.41515151515151516 0.5748484848484848
0.35090909090909095 0.5290909090909091
0.40606060606060607 0.6012121212121212
0.33 0.4912121212121212
0.30363636363636365 0.5604040404040405
0.24818181818181817 0.4663636363636363
0.36424242424242426 0.5312121212121212
0.5806060606060606 0.7251515151515151
0.5700000000000001 0.760909090909091
0.5682828282828283 0.7068686868686869
0.3397979797979798 0.5360606060606061
0.3090909090909091 0.5112121212121212
0.4284848484848485 0.56
0.32545454545454544 0.48000000000000004
0.4878787878787879 0.6636363636363637
0.4391919191919192 0.6090909090909091
0.27262626262626266 0.4166666666666667
0.4766666666666667 0.6238383838383839
0.37 0.5457575757575758
0.22686868686868686 0.41434343434343435
0.48010101010101014 0.6705050505050505
0.4633333333333333 0.6314141414141414
0.5018181818181818 0.623939393939394
0.28171717171717175 0.4382828282828283
0.43787878787878787 0.56
0.4171717171717172 0.5896969696969697
0.6354545454545455 0.8045454545454546
0.4582828282828283 0.6018181818181818
0.3983838383838384 0.5518181818181818
0.5833333333333334 0.721919191919192
0.39 0.5481818181818182
0.44858585858585864 0.600909090909091
0.4466666666666667 0.601919191919192
0.44636363636363635 0.581010101010101
0.3933333333333333 0.5828282828282828
0.38353535353535356 0.5673737373737375
0.4290909090909091 0.5700000000000001
0.4033333333333333 0.5732323232323232
0.444949494949495 0.6675757575757576
0.45454545454545453 0.5954545454545455
0.3473737373737374 0.507979797979798
0.22484848484848485 0.3703030303030303
0.40666666666666673 0.5650505050505051
0.4494949494949495 0.5707070707070707
0.4484848484848485 0.58
