0.59 0.8300000000000001
0.47888888888888886 0.8227272727272728
0.39 0.81
0.6655555555555556 0.872020202020202
0.6421212121212121 0.8491919191919192
0.6821212121212122 0.8554545454545456
0.46 0.81
0.5581818181818182 0.8268686868686869
0.5444444444444444 0.8216161616161616
0.6944444444444444 0.8655555555555555
0.5681818181818181 0.8493939393939394
0.6711111111111111 0.8811111111111111
0.5742424242424242 0.8316161616161616
0.5817171717171716 0.838080808080808
0.41000000000000003 0.81
0.5773737373737373 0.8460606060606061
0.5904040404040403 0.8598989898989899
0.35000000000000003 0.79
0.5912121212121212 0.8457575757575757
0.45 0.81
0.5811111111111111 0.8320202020202019
0.7134343434343434 0.8778787878787878
0.46959595959595957 0.8227272727272728
0.609090909090909 0.8353535353535353
0.54 0.84
0.39 0.81
0.55 0.8300000000000001
0.6255555555555555 0.8574747474747475
0.6386868686868686 0.838080808080808
0.6124242424242424 0.8371717171717172
0.6947474747474749 0.8782828282828283
0.4 0.8
0.6927272727272727 0.8518181818181819
0.53 0.88
0.5 0.8300000000000001
0.6363636363636364 0.8545454545454545
0.6051515151515152 0.836969696969697
0.45 0.81
0.39 0.78
0.5127272727272727 0.8313131313131312
0.5763636363636364 0.8429292929292929
0.6368686868686869 0.8748484848484849
0.46 0.81
0.49 0.8200000000000001
0.58 0.8300000000000001
0.47000000000000003 0.81
0.6372727272727272 0.8528282828282827
0.7152525252525253 0.8849494949494949
0.56 0.84
0.5342424242424242 0.8285858585858585
0.6954545454545455 0.8590909090909091
0.6498989898989899 0.8410101010101011
0.46 0.8200000000000001
0.714949494949495 0.8634343434343434
0.5247474747474747 0.8217171717171717
0.5633333333333334 0.8251515151515152
0.6324242424242426 0.8345454545454547
0.6845454545454545 0.8796969696969696
0.6039393939393939 0.8429292929292929
0.6637373737373737 0.8697979797979798
0.495050505050505 0.8613131313131313
0.5294949494949495 0.8332323232323232
0.6566666666666667 0.8402020202020203
0.48 0.8200000000000001
0.7021212121212121 0.8915151515151515
0.46 0.81
0.557979797979798 0.8337373737373737
0.5 0.8200000000000001
0.44555555555555554 0.792020202020202
0.53 0.8300000000000001
0.6336363636363636 0.8542424242424241
0.61 0.8200000000000001
0.6465656565656566 0.844040404040404
0.5588888888888889 0.8332323232323232
0.6918181818181818 0.8740404040404041
0.28 0.78
0.6393939393939394 0.8461616161616162
0.5403030303030303 0.8203030303030302
0.56 0.8300000000000001
0.5405050505050505 0.8371717171717172
0.5294949494949495 0.8332323232323232
0.6182828282828283 0.8413131313131312
0.5869696969696969 0.8364646464646465
0.6336363636363636 0.8542424242424241
0.5809090909090909 0.8445454545454545
0.42 0.8
0.6034343434343434 0.8551515151515152
0.6548484848484849 0.8623232323232324
0.5722222222222222 0.838080808080808
0.43 0.84
0.6421212121212121 0.8712121212121212
0.45 0.81
0.6223232323232323 0.898080808080808
0.48 0.81
0.586060606060606 0.8490909090909091
0.5841414141414141 0.8514141414141414
0.47000000000000003 0.81
0.6675757575757576 0.8542424242424241
0.55 0.8300000000000001
0.6293939393939394 0.8612121212121212
0.5296969696969697 0.8396969696969696
0.38 0.81
0.5098989898989899 0.8234343434343434
0.7096969696969697 0.8763636363636363
0.52 0.8300000000000001
0.6648484848484848 0.8581818181818182
0.6081818181818182 0.8457575757575757
0.56 0.8200000000000001
0.5809090909090909 0.8445454545454545
0.48 0.8200000000000001
0.47000000000000003 0.8200000000000001
0.6845454545454545 0.8627272727272727
0.59 0.8300000000000001
0.5593939393939393 0.8493939393939394
0.38 0.8200000000000001
0.6166666666666667 0.8577777777777778
0.46 0.8200000000000001
0.56 0.8300000000000001
0.47000000000000003 0.8200000000000001
0.7142424242424241 0.898080808080808
0.38 0.81
0.5543434343434344 0.8216161616161616
0.6263636363636363 0.8607070707070708
0.5490909090909091 0.8332323232323232
0.5584848484848485 0.8371717171717172
0.5924242424242424 0.8445454545454546
0.6790909090909092 0.8672727272727274
0.6176767676767676 0.8528282828282827
0.6039393939393939 0.8429292929292929
0.43 0.79
0.6338383838383839 0.8683838383838384
0.6214141414141414 0.8371717171717172
0.7248484848484849 0.8839393939393939
0.12 0.75
0.44 0.81
0.6504040404040404 0.8409090909090909
0.6007070707070706 0.8475757575757575
0.6214141414141414 0.8371717171717172
0.5049494949494949 0.8316161616161616
0.5245454545454545 0.8251515151515152
0.52 0.8300000000000001
0.5 0.8300000000000001
0.6630303030303031 0.8558585858585859
0.760909090909091 0.87989898989899
0.15 0.89
0.6918181818181819 0.8954545454545455
0.576060606060606 0.8296969696969697
0.6667676767676768 0.8607070707070708
0.5947474747474747 0.8429292929292929
0.52 0.8300000000000001
0.44 0.81
0.6214141414141414 0.8461616161616162
0.42 0.8
0.4 0.8
0.6223232323232323 0.8337373737373737
0.5657575757575757 0.8542424242424241
0.53 0.8300000000000001
0.6944444444444444 0.8655555555555555
0.6223232323232323 0.8429292929292929
0.55 0.8200000000000001
0.4 0.76
0.5484848484848485 0.8396969696969696
0.6536363636363637 0.8455555555555556
0.55 0.84
0.5722222222222222 0.8566666666666667
0.6551515151515152 0.8526262626262626
0.5945454545454545 0.8493939393939394
0.6714141414141415 0.8726262626262626
0.6748484848484848 0.8849494949494949
0.5098989898989899 0.8234343434343434
0.62 0.85
0.4760606060606061 0.8057575757575758
0.5247474747474747 0.8285858585858585
0.6166666666666666 0.8542424242424241
0.5331313131313131 0.8443434343434344
0.46535353535353535 0.8217171717171717
0.58 0.84
0.6296969696969696 0.8581818181818182
0.5261616161616162 0.7994949494949495
0.5196969696969697 0.8234343434343434
0.6336363636363636 0.8627272727272727
0.49 0.8200000000000001
0.6336363636363636 0.8336363636363635
0.6737373737373737 0.8353535353535353
0.5827272727272726 0.8457575757575757
0.55 0.8200000000000001
0.3 0.8
0.5532323232323232 0.8413131313131312
0.54 0.84
0.38 0.81
0.5912121212121212 0.8475757575757575
0.6182828282828283 0.8413131313131312
0.5854545454545454 0.8371717171717172
0.54 0.8300000000000001
0.6039393939393939 0.8429292929292929
0.5811111111111111 0.8506060606060606
0.5875757575757576 0.8642424242424243
0.42 0.8
0.5912121212121212 0.8512121212121213
0.6767676767676769 0.8523232323232324
0.56 0.8300000000000001
0.6747474747474749 0.8582828282828283
0.5912121212121212 0.838080808080808
0.7283838383838384 0.8778787878787878
0.6463636363636364 0.8433333333333334
0.5718181818181818 0.8320202020202019
0.56 0.8300000000000001
0.6462626262626263 0.8642424242424243
0.4 0.81
0.6081818181818182 0.8536363636363635
0.59 0.85
0.6877777777777777 0.8566666666666667
0.6461616161616162 0.8320202020202019
0.55 0.8200000000000001
0.53 0.8200000000000001
0.5607070707070707 0.844040404040404
0.44 0.8200000000000001
0.4954545454545455 0.8251515151515152
0.4417171717171717 0.7669696969696969
0.51 0.8200000000000001
0.6748484848484848 0.8607070707070708
0.6209090909090909 0.8581818181818182
0.43 0.81
0.6223232323232323 0.8521212121212121
0.46 0.81
0.54 0.8200000000000001
0.51 0.83
0.49 0.8200000000000001
0.42 0.81
0.5484848484848485 0.8396969696969696
0.6122222222222222 0.8612121212121212
0.5395959595959596 0.8337373737373737
0.5944444444444444 0.8461616161616162
0.47000000000000003 0.8200000000000001
0.6498989898989899 0.8337373737373737
0.5912121212121212 0.8475757575757575
0.54 0.8300000000000001
0.56 0.8300000000000001
0.47000000000000003 0.8200000000000001
0.42 0.79
0.53 0.84
0.5686868686868687 0.8430303030303029
0.5532323232323232 0.8877777777777778
0.7219191919191918 0.8693939393939394
0.46 0.8
0.5 0.81
0.6393939393939394 0.8371717171717172
0.56 0.84
0.5418181818181818 0.8318181818181818
0.6121212121212121 0.8581818181818182
0.6172727272727272 0.8354545454545453
0.6667676767676768 0.8526262626262626
0.5315151515151515 0.8371717171717172
0.46 0.88
0.6304040404040404 0.8551515151515152
0.6835353535353536 0.8823232323232323
0.6081818181818182 0.8536363636363635
0.6393939393939394 0.8551515151515152
0.6336363636363637 0.8613131313131313
0.6845454545454545 0.8627272727272727
0.5700000000000001 0.8200000000000001
0.6176767676767676 0.8430303030303029
0.6122222222222222 0.8612121212121212
0.62 0.85
0.5006060606060606 0.8268686868686869
0.495050505050505 0.8316161616161616
0.5544444444444444 0.8316161616161616
0.5395959595959596 0.8337373737373737
0.7209090909090909 0.880909090909091
0.48 0.8200000000000001
0.6166666666666667 0.8388888888888889
0.6338383838383839 0.8683838383838384
0.676060606060606 0.8712121212121212
0.5674747474747475 0.8371717171717172
0.6142424242424243 0.8490909090909091
0.53 0.8300000000000001
0.34 0.79
0.5855555555555555 0.8337373737373737
0.58 0.8300000000000001
0.5773737373737373 0.8364646464646465
0.5811111111111111 0.8413131313131312
0.36 0.76
0.5 0.8200000000000001
0.6088888888888889 0.8577777777777778
0.5643434343434344 0.8415151515151514
0.5098989898989899 0.8332323232323232
0.46222222222222215 0.8172727272727273
0.5521212121212121 0.844040404040404
0.43 0.8200000000000001
0.49 0.8200000000000001
0.6166666666666667 0.8655555555555555
0.48 0.8200000000000001
0.4 0.81
0.6980808080808081 0.886969696969697
0.6628282828282829 0.8623232323232324
0.36 0.79
0.48505050505050507 0.8361616161616162
0.47000000000000003 0.81
0.6637373737373737 0.844040404040404
0.6965656565656566 0.8893939393939394
0.6066666666666667 0.84
0.6236363636363635 0.8490909090909091
0.5247474747474747 0.8285858585858585
0.49 0.8200000000000001
0.5643434343434344 0.8415151515151514
0.7133333333333334 0.881010101010101
0.52 0.8200000000000001
0.6260606060606061 0.8466666666666667
0.6121212121212121 0.8493939393939394
0.5773737373737373 0.8268686868686869
0.5263636363636364 0.8354545454545453
0.6078787878787878 0.8430303030303029
0.5588888888888889 0.8332323232323232
0.5490909090909091 0.8332323232323232
0.49 0.8200000000000001
0.47000000000000003 0.8200000000000001
0.47000000000000003 0.8200000000000001
0.5081818181818182 0.8354545454545453
0.63 0.84
0.48 0.8200000000000001
0.6333333333333333 0.8353535353535353
0.6293939393939394 0.8526262626262626
0.7118181818181819 0.8754545454545455
0.48 0.91
0.5203030303030303 0.8303030303030303
0.25 0.73
0.43 0.8
0.5817171717171716 0.838080808080808
0.5773737373737373 0.8364646464646465
0.5838383838383838 0.8357575757575758
0.5532323232323232 0.838080808080808
0.44515151515151513 0.7927272727272727
0.5148484848484849 0.8251515151515152
0.6790909090909092 0.8672727272727274
0.5627272727272727 0.838080808080808
0.6291919191919192 0.857070707070707
0.5148484848484849 0.8415151515151514
0.5996969696969696 0.8506060606060606
0.56 0.84
0.45828282828282824 0.819090909090909
0.6007070707070707 0.8574747474747475
0.6752525252525252 0.8748484848484849
0.6293939393939394 0.8612121212121212
0.46606060606060606 0.796969696969697
0.5763636363636364 0.8429292929292929
0.5057575757575757 0.8285858585858585
0.5346464646464646 0.8320202020202019
0.6627272727272727 0.8718181818181817
0.6586868686868688 0.8687878787878789
0.48 0.81
0.7103030303030302 0.8895959595959596
0.48 0.8200000000000001
0.6214141414141414 0.8461616161616162
0.446969696969697 0.8154545454545454
0.6573737373737374 0.8461616161616162
0.5049494949494949 0.8217171717171717
0.51 0.8200000000000001
0.5342424242424242 0.838080808080808
0.5 0.8200000000000001
0.48444444444444446 0.8245454545454545
0.5532323232323232 0.838080808080808
0.5944444444444444 0.8461616161616162
0.5869696969696969 0.8364646464646465
0.5122222222222222 0.8336363636363636
0.43 0.81
0.53 0.8200000000000001
0.5578787878787879 0.8396969696969696
0.7177777777777777 0.8811111111111111
0.53 0.8300000000000001
0.633030303030303 0.8396969696969696
0.7266666666666668 0.8782828282828283
0.5809090909090909 0.8445454545454545
0.32 0.8
0.3 0.78
0.592121212121212 0.8381818181818181
0.6912121212121212 0.8845454545454545
0.586060606060606 0.8396969696969696
0.6462626262626263 0.8642424242424243
0.7831313131313131 0.9059595959595959
0.47000000000000003 0.8200000000000001
0.5296969696969697 0.8303030303030303
0.5588888888888889 0.8332323232323232
0.6609090909090909 0.8572727272727272
0.53 0.86
0.46 0.8200000000000001
0.24 0.77
0.6445454545454545 0.8445454545454545
0.45828282828282824 0.8095959595959595
0.6872727272727273 0.8754545454545455
0.5904040404040403 0.8413131313131312
0.5857575757575757 0.8493939393939394
0.52 0.8200000000000001
0.633030303030303 0.8396969696969696
0.5544444444444444 0.8415151515151514
0.54 0.8300000000000001
0.53 0.85
0.55 0.8200000000000001
0.5148484848484849 0.8316161616161616
0.6124242424242424 0.8461616161616162
0.5102020202020202 0.8364646464646465
0.5492929292929293 0.8412121212121212
0.5487878787878788 0.8429292929292929
0.52 0.8200000000000001
0.5277777777777778 0.8388888888888889
0.557979797979798 0.8337373737373737
0.6315151515151515 0.8613131313131313
0.49 0.8200000000000001
0.41000000000000003 0.8
0.5346464646464646 0.8316161616161616
0.52 0.8200000000000001
0.45 0.81
0.5154545454545454 0.8318181818181818
0.6946464646464646 0.8596969696969697
0.666969696969697 0.8718181818181818
0.34 0.8
0.6142424242424243 0.8396969696969696
0.33 0.78
0.34 0.79
0.6984848484848485 0.8778787878787878
0.5536363636363637 0.8348484848484848
0.7024242424242424 0.872020202020202
0.55 0.8300000000000001
0.5233333333333333 0.8203030303030302
0.45828282828282824 0.8001010101010101
0.19 0.77
0.6007070707070707 0.8574747474747475
0.6061616161616161 0.8460606060606061
0.573030303030303 0.8348484848484848
0.6354545454545454 0.8536363636363635
0.51 0.84
0.5686868686868687 0.8332323232323232
0.693030303030303 0.8796969696969696
0.53 0.8200000000000001
0.6304040404040404 0.8551515151515152
0.6675757575757576 0.8671717171717171
0.59 0.86
0.7118181818181819 0.8672727272727274
0.6131313131313131 0.8613131313131313
0.6461616161616162 0.8506060606060606
0.6675757575757576 0.8542424242424241
0.46030303030303027 0.8227272727272728
0.49 0.8200000000000001
0.6573737373737374 0.8641414141414142
0.42 0.81
0.5157575757575759 0.8381818181818183
0.5633333333333334 0.8477777777777777
0.5841414141414141 0.8316161616161616
0.5766666666666667 0.8303030303030303
0.49 0.8200000000000001
0.6752525252525252 0.8740404040404041
0.5485858585858586 0.8364646464646465
0.5203030303030303 0.8396969696969696
0.5445454545454546 0.8316161616161616
0.31 0.79
0.676060606060606 0.8627272727272727
0.42 0.77
0.6338383838383839 0.8574747474747475
0.557979797979798 0.8429292929292929
0.4 0.81
0.6586868686868687 0.8657575757575757
0.6244444444444445 0.8655555555555555
0.5392929292929293 0.8332323232323232
0.608989898989899 0.8413131313131312
0.52 0.8200000000000001
0.5 0.8200000000000001
0.5854545454545454 0.8461616161616162
0.6296969696969696 0.8581818181818182
0.54 0.8200000000000001
0.4663636363636363 0.8251515151515152
0.5766666666666667 0.8490909090909091
0.7354545454545454 0.8768686868686868
0.6425252525252526 0.8510101010101011
0.6215151515151516 0.8445454545454546
0.41000000000000003 0.8200000000000001
0.7118181818181819 0.8836363636363638
0.47000000000000003 0.81
0.35000000000000003 0.79
0.5212121212121212 0.8337373737373737
0.39 0.81
0.6338383838383839 0.8510101010101011
0.6255555555555555 0.8477777777777777
0.45 0.8200000000000001
0.6166666666666667 0.8566666666666667
0.6054545454545455 0.8590909090909091
0.6590909090909091 0.8521212121212121
0.42 0.79
0.495050505050505 0.8217171717171717
0.5769696969696969 0.8406060606060606
0.5354545454545454 0.8354545454545453
0.5346464646464646 0.8320202020202019
0.6090909090909091 0.8381818181818183
0.595959595959596 0.8558585858585859
0.7181818181818181 0.8924242424242423
0.5700000000000001 0.84
0.63 0.8590909090909091
0.44 0.81
0.5954545454545455 0.8396969696969696
0.43 0.8200000000000001
0.5277777777777778 0.8388888888888889
0.6797979797979798 0.8642424242424243
0.7022222222222222 0.8733333333333333
0.6034343434343434 0.8551515151515152
0.5536363636363637 0.8348484848484848
0.6251515151515152 0.8510101010101011
0.7566666666666666 0.9122222222222223
0.6744444444444444 0.8752525252525252
0.5392929292929293 0.8430303030303029
0.6209090909090909 0.8581818181818182
0.5057575757575757 0.8285858585858585
0.53 0.84
0.543939393939394 0.8251515151515152
0.63 0.8590909090909091
0.42 0.81
0.7221212121212122 0.8875757575757576
0.5485858585858586 0.8364646464646465
0.54 0.81
0.6172727272727272 0.8445454545454545
0.5342424242424242 0.838080808080808
0.608989898989899 0.8598989898989899
0.5296969696969697 0.8303030303030303
0.48 0.81
0.56 0.8300000000000001
0.5817171717171717 0.8510101010101011
0.55 0.84
0.4561616161616162 0.8296969696969697
0.46 0.8200000000000001
0.6586868686868687 0.8740404040404041
0.49101010101010095 0.8268686868686869
0.5178787878787878 0.8326262626262626
0.7033333333333334 0.8683838383838384
0.6824242424242424 0.866969696969697
0.5990909090909091 0.8510101010101011
0.6829292929292929 0.8768686868686868
0.54 0.85
0.6172727272727273 0.8574747474747475
0.5057575757575757 0.8285858585858585
0.41000000000000003 0.81
0.46 0.81
0.7097979797979799 0.8793939393939394
0.599090909090909 0.8445454545454545
0.55 0.8200000000000001
0.5672727272727272 0.8396969696969696
0.48 0.9500000000000001
0.39 0.8
0.42 0.8200000000000001
0.31 0.79
0.5006060606060606 0.8268686868686869
0.5700000000000001 0.8300000000000001
0.7096969696969697 0.8839393939393939
0.5 0.8300000000000001
0.6498989898989899 0.8521212121212121
0.6736363636363636 0.8581818181818182
0.4 0.81
0.6590909090909091 0.8718181818181818
0.6945454545454546 0.8763636363636363
0.52 0.84
0.46 0.81
0.534949494949495 0.8268686868686869
0.6386868686868686 0.838080808080808
0.44 0.8200000000000001
0.6481818181818182 0.9235353535353534
0.37 0.8
0.6445454545454545 0.8536363636363635
0.61 0.84
0.5624242424242425 0.8474747474747475
0.51 0.8200000000000001
0.6307070707070708 0.8381818181818183
0.6799999999999999 0.8584848484848484
0.5817171717171716 0.8475757575757575
0.39 0.81
0.54 0.8300000000000001
0.5152525252525252 0.8285858585858585
0.58 0.8200000000000001
0.55 0.8200000000000001
0.6797979797979798 0.8726262626262626
0.6472727272727272 0.8493939393939394
0.4 0.81
0.6723232323232323 0.8783838383838384
0.5875757575757576 0.8558585858585859
0.586060606060606 0.8490909090909091
0.5841414141414141 0.8316161616161616
0.6824242424242424 0.8493939393939394
0.39 0.81
0.6172727272727272 0.8536363636363635
0.5344444444444444 0.8243434343434344
0.6876767676767677 0.8793939393939394
0.5811111111111111 0.8477777777777777
0.43 0.81
0.39 0.78
0.6196969696969696 0.838080808080808
0.6251515151515152 0.8596969696969697
0.543939393939394 0.8348484848484848
0.5700000000000001 0.8300000000000001
0.5700000000000001 0.8300000000000001
0.5912121212121212 0.838080808080808
0.6506060606060606 0.8607070707070708
0.6675757575757576 0.8712121212121212
0.47525252525252526 0.8061616161616162
0.5403030303030303 0.8457575757575757
0.6753535353535354 0.8731313131313132
0.7021212121212121 0.8839393939393939
0.5247474747474747 0.8217171717171717
0.5366666666666666 0.83
0.5718181818181818 0.8445454545454545
0.5346464646464646 0.8316161616161616
0.7255555555555555 0.8888888888888888
0.6568686868686868 0.8528282828282827
0.53 0.8200000000000001
0.6982828282828283 0.8978787878787878
0.5263636363636364 0.8354545454545453
0.6384848484848484 0.8493939393939394
0.6081818181818182 0.8445454545454545
0.5700000000000001 0.84
0.52 0.8200000000000001
0.5544444444444444 0.8415151515151514
0.7209090909090909 0.8778787878787878
0.4 0.81
0.670808080808081 0.8862626262626263
0.6590909090909091 0.8542424242424241
0.5172727272727272 0.8263636363636363
0.45545454545454545 0.8118181818181818
0.41000000000000003 0.8200000000000001
0.4 0.81
0.53 0.81
0.61 0.8300000000000001
0.41585858585858587 0.792020202020202
0.638888888888889 0.8623232323232324
0.47333333333333333 0.8209090909090908
0.6151515151515152 0.8297979797979799
0.42 0.8
0.5484848484848485 0.8396969696969696
0.5049494949494949 0.8316161616161616
0.7063636363636364 0.8639393939393939
0.7443434343434343 0.8994949494949493
0.5148484848484848 0.8372727272727273
0.55 0.8300000000000001
0.6894949494949495 0.8526262626262626
0.633030303030303 0.8490909090909091
0.6338383838383839 0.8596969696969697
0.5247474747474747 0.8217171717171717
0.633030303030303 0.8584848484848484
0.5049494949494949 0.8217171717171717
0.49 0.8200000000000001
0.5855555555555555 0.8429292929292929
0.6315151515151515 0.8796969696969696
0.47000000000000003 0.81
0.49 0.8200000000000001
0.58 0.8300000000000001
0.6259595959595959 0.8732323232323231
0.518888888888889 0.8388888888888889
0.5700000000000001 0.8300000000000001
0.5944444444444444 0.8461616161616162
0.728989898989899 0.8748484848484849
0.608989898989899 0.8598989898989899
0.51 0.84
0.52 0.84
0.586060606060606 0.8303030303030303
0.6522222222222223 0.8748484848484849
0.7213131313131314 0.9132323232323232
0.38 0.84
0.6039393939393939 0.8316161616161616
0.6187878787878789 0.8422222222222223
0.54 0.8300000000000001
0.6618181818181819 0.8418181818181819
0.47000000000000003 0.8200000000000001
0.6263636363636363 0.8627272727272727
0.6959595959595959 0.9111111111111111
0.52 0.8300000000000001
0.6236363636363635 0.8327272727272728
0.573030303030303 0.8348484848484848
0.41000000000000003 0.81
0.5245454545454545 0.8251515151515152
0.6255555555555555 0.8388888888888889
0.5294949494949495 0.8332323232323232
0.48 0.8200000000000001
0.7495959595959596 0.8955555555555555
0.5490909090909091 0.8430303030303029
0.52 0.8300000000000001
0.6209090909090909 0.8493939393939394
0.5904040404040403 0.8506060606060606
0.46 0.81
0.6127272727272728 0.8558585858585859
0.6223232323232324 0.836969696969697
0.5965656565656565 0.8364646464646465
0.55 0.84
0.24 0.76
0.594040404040404 0.8415151515151514
0.5593939393939393 0.8406060606060606
0.56 0.8200000000000001
0.6984848484848485 0.8778787878787878
0.6043434343434344 0.8558585858585859
0.5390909090909091 0.8396969696969696
0.510909090909091 0.8303030303030303
0.6787878787878789 0.8703030303030304
0.6483838383838384 0.8551515151515152
0.45 0.81
0.510909090909091 0.8303030303030303
0.4 0.8
0.6752525252525252 0.8574747474747475
0.6121212121212121 0.8493939393939394
0.47000000000000003 0.8200000000000001
0.674040404040404 0.8598989898989899
0.6251515151515152 0.8510101010101011
0.595050505050505 0.8526262626262626
0.6984848484848485 0.8778787878787878
0.5067676767676768 0.8227272727272728
0.50010101010101 0.8234343434343434
0.52 0.8200000000000001
0.63 0.8754545454545455
0.59 0.8566666666666667
0.5857575757575757 0.8581818181818182
0.6354545454545454 0.8536363636363635
0.6121212121212121 0.8493939393939394
0.54 0.8300000000000001
0.6545454545454545 0.8590909090909091
0.46 0.8200000000000001
0.6237373737373737 0.8415151515151514
0.5 0.8200000000000001
0.6835353535353536 0.8906060606060606
0.5945454545454545 0.8581818181818182
0.6667676767676768 0.8768686868686868
0.6709090909090909 0.8509090909090911
0.6255555555555555 0.8566666666666667
0.608989898989899 0.8506060606060606
0.43 0.81
0.5342424242424243 0.8348484848484848
0.5418181818181818 0.8318181818181818
0.45 0.81
0.5904040404040405 0.8596969696969697
0.6354545454545454 0.8627272727272727
0.5366666666666666 0.8388888888888889
0.6445454545454545 0.8445454545454545
0.5293939393939394 0.8268686868686869
0.49 0.8200000000000001
0.7354545454545455 0.8881818181818182
0.6512121212121212 0.8718181818181818
0.5342424242424242 0.838080808080808
0.6910101010101011 0.8687878787878789
0.7021212121212121 0.8839393939393939
0.6251515151515152 0.8770707070707071
0.6772727272727272 0.8590909090909091
0.5700000000000001 0.8300000000000001
0.5081818181818182 0.8081818181818181
0.4827272727272727 0.8115151515151515
0.6816161616161616 0.8895959595959596
0.5996969696969696 0.8320202020202019
0.46 0.81
0.52 0.8200000000000001
0.44 0.81
0.6512121212121212 0.8683838383838384
0.6102020202020202 0.857070707070707
0.64 0.8655555555555555
0.48 0.8200000000000001
0.6866666666666666 0.8733333333333333
0.5296969696969697 0.8303030303030303
0.5196969696969697 0.8332323232323232
0.6275757575757575 0.8784848484848484
0.5588888888888889 0.8234343434343434
0.5784848484848485 0.8332323232323232
0.47000000000000003 0.8200000000000001
0.6603030303030303 0.8542424242424242
0.6275757575757575 0.8413131313131312
0.54 0.8300000000000001
0.39 0.8
0.34 0.79
0.36 0.75
0.7142424242424241 0.898080808080808
0.46606060606060606 0.8153535353535354
0.6790909090909091 0.8568686868686869
0.7097979797979799 0.872020202020202
0.6627272727272728 0.8672727272727274
0.4126262626262627 0.8252525252525253
0.6445454545454545 0.8354545454545453
0.6522222222222223 0.8566666666666667
0.6242424242424243 0.8752525252525252
0.38 0.79
0.37 0.78
0.46 0.8200000000000001
0.54 0.8300000000000001
0.495050505050505 0.8316161616161616
0.54 0.8300000000000001
0.6304040404040404 0.8551515151515152
0.5390909090909091 0.8303030303030303
0.6462626262626263 0.8558585858585859
0.666969696969697 0.8740404040404041
0.6648484848484848 0.8493939393939394
0.5904040404040403 0.8413131313131312
0.51 0.8200000000000001
0.48 0.8300000000000001
0.6393939393939394 0.8731313131313132
0.6344444444444445 0.8566666666666667
0.6675757575757576 0.8671717171717171
0.56 0.8200000000000001
0.5 0.8200000000000001
0.543939393939394 0.8348484848484848
0.43 0.8200000000000001
0.6011111111111112 0.8577777777777778
0.6274747474747474 0.8528282828282827
0.5536363636363637 0.8445454545454546
0.43 0.81
0.5700000000000001 0.8200000000000001
0.495050505050505 0.8316161616161616
0.16 0.76
0.48 0.8200000000000001
0.6829292929292929 0.8607070707070708
0.766969696969697 0.8993939393939394
0.6222222222222222 0.84
0.5066666666666666 0.823030303030303
0.16 0.76
0.45 0.81
0.6 0.8300000000000001
0.5672727272727272 0.8303030303030303
0.5718181818181818 0.8320202020202019
0.6136363636363636 0.8590909090909091
0.7637373737373737 0.9059595959595959
0.5988888888888889 0.8477777777777777
0.6122222222222222 0.8612121212121212
0.7071717171717171 0.891010101010101
0.557979797979798 0.8429292929292929
0.59 0.84
0.5686868686868687 0.8430303030303029
0.49 0.8200000000000001
0.5643434343434344 0.8510101010101011
0.59 0.8445454545454545
0.5382828282828283 0.8423232323232324
0.43727272727272726 0.8154545454545454
0.543939393939394 0.8413131313131312
0.5081818181818182 0.8172727272727273
0.5277777777777778 0.83
0.44 0.81
0.46 0.81
0.5672727272727272 0.8490909090909091
0.48 0.81
0.44 0.8200000000000001
0.45666666666666667 0.8251515151515152
0.47000000000000003 0.8200000000000001
0.34 0.77
0.6263636363636363 0.8607070707070708
0.6291919191919192 0.8475757575757575
0.6877777777777777 0.8566666666666667
0.6102020202020202 0.838080808080808
0.5572727272727273 0.8372727272727273
0.51 0.8211111111111111
0.6371717171717172 0.8563636363636363
0.7036363636363636 0.8672727272727274
0.55 0.81
0.666969696969697 0.8796969696969696
0.6368686868686868 0.8598989898989899
0.6121212121212121 0.8493939393939394
0.7024242424242424 0.8793939393939394
0.6709090909090909 0.8754545454545455
0.7314141414141415 0.8849494949494949
0.5817171717171716 0.8475757575757575
0.5854545454545454 0.8461616161616162
0.48 0.8200000000000001
0.5197979797979798 0.8268686868686869
0.5247474747474747 0.838080808080808
0.6829292929292929 0.8687878787878789
0.6586868686868688 0.8687878787878789
0.5572727272727273 0.8372727272727273
0.585959595959596 0.8526262626262626
0.6463636363636365 0.8590909090909091
0.6048484848484847 0.8303030303030303
0.666969696969697 0.8657575757575757
0.6043434343434344 0.8474747474747475
0.46 0.8200000000000001
0.6748484848484848 0.8687878787878789
0.48 0.8200000000000001
0.6043434343434344 0.8474747474747475
0.62 0.84
0.5148484848484849 0.8316161616161616
0.44 0.8200000000000001
0.45 0.81
0.51 0.8200000000000001
0.5304040404040404 0.8337373737373737
0.5912121212121212 0.838080808080808
0.6714141414141415 0.8558585858585859
0.46 0.81
0.48 0.8200000000000001
0.37 0.8300000000000001
0.43 0.8
0.6372727272727273 0.8500000000000001
0.5588888888888889 0.8332323232323232
0.6034343434343434 0.8551515151515152
0.5418181818181818 0.8406060606060606
0.557979797979798 0.8337373737373737
0.52 0.8200000000000001
0.5988888888888889 0.8388888888888889
0.44 0.8
0.59 0.8388888888888889
0.6043434343434344 0.8726262626262626
0.599090909090909 0.8445454545454545
0.6214141414141414 0.8641414141414142
0.691010101010101 0.8778787878787878
0.6223232323232323 0.8796969696969696
0.38 0.81
0.53 0.8300000000000001
0.5954545454545455 0.8396969696969696
0.56 0.84
0.6627272727272728 0.8590909090909091
0.44 0.8200000000000001
0.6511111111111111 0.8377777777777777
0.5991919191919192 0.872020202020202
0.56 0.8300000000000001
0.39 0.8
0.6182828282828283 0.8607070707070708
0.41000000000000003 0.8
0.43 0.81
0.4511111111111111 0.8038383838383838
0.52 0.84
0.6124242424242424 0.8551515151515152
0.7633333333333333 0.9166666666666667
0.5700000000000001 0.8200000000000001
0.5841414141414141 0.8514141414141414
0.6039393939393939 0.8217171717171717
0.6551515151515152 0.8526262626262626
0.51 0.8300000000000001
0.7059595959595959 0.8853535353535353
0.7136363636363636 0.880909090909091
0.6021212121212121 0.8526262626262626
0.43 0.81
0.47000000000000003 0.81
0.6315151515151515 0.8429292929292929
0.5196969696969697 0.8234343434343434
0.5809090909090909 0.8445454545454545
0.704949494949495 0.8642424242424243
0.5700000000000001 0.84
0.44 0.8200000000000001
0.5277777777777778 0.8252525252525253
0.6142424242424243 0.8490909090909091
0.6711111111111111 0.8655555555555555
0.6723232323232323 0.844040404040404
0.5700000000000001 0.8300000000000001
0.512020202020202 0.8337373737373737
0.6545454545454545 0.8672727272727274
0.6598989898989899 0.8423232323232324
0.34 0.79
0.6214141414141414 0.8641414141414142
0.7324242424242424 0.8839393939393939
0.49 0.8200000000000001
0.666969696969697 0.8718181818181818
0.46 0.81
0.7152525252525253 0.8783838383838384
0.6336363636363636 0.8457575757575757
0.29 0.79
0.47000000000000003 0.8200000000000001
0.6054545454545455 0.8590909090909091
0.51 0.8200000000000001
0.31 0.73
0.51 0.84
0.685959595959596 0.8596969696969697
0.53 0.8200000000000001
0.6142424242424243 0.8490909090909091
0.5245454545454545 0.8251515151515152
0.693030303030303 0.891010101010101
0.6984848484848485 0.8796969696969696
0.5700000000000001 0.8300000000000001
0.5784848484848485 0.8528282828282827
0.56 0.8300000000000001
0.5536363636363636 0.8445454545454545
0.705959595959596 0.8671717171717171
0.53 0.8300000000000001
0.5532323232323232 0.8320202020202019
0.6421212121212121 0.8542424242424241
0.39 0.8
0.6590909090909091 0.8875757575757576
0.44 0.81
0.5677777777777778 0.8364646464646465
0.5700000000000001 0.8200000000000001
0.7152525252525253 0.8849494949494949
0.5588888888888889 0.8234343434343434
0.52 0.8300000000000001
0.6797979797979798 0.8726262626262626
0.5490909090909091 0.8332323232323232
0.6214141414141414 0.8551515151515152
0.5947474747474747 0.8337373737373737
0.4921212121212121 0.8209090909090908
0.52 0.8300000000000001
0.48141414141414135 0.8172727272727273
0.6039393939393939 0.9164646464646464
0.40595959595959596 0.8019191919191919
0.61 0.85
0.6866666666666666 0.8733333333333333
0.44 0.81
0.7266666666666668 0.8782828282828283
0.7460606060606061 0.8793939393939394
0.42 0.81
0.6788888888888889 0.8744444444444445
0.4805050505050505 0.8136363636363636
0.43565656565656563 0.8217171717171717
0.5633333333333334 0.8348484848484848
0.6164646464646465 0.8510101010101011
0.5247474747474747 0.8316161616161616
0.42 0.8200000000000001
0.5057575757575757 0.8285858585858585
0.32 0.78
0.5245454545454545 0.8348484848484848
0.43 0.8200000000000001
0.58 0.8300000000000001
0.5390909090909091 0.8303030303030303
0.41000000000000003 0.8
0.6263636363636363 0.8445454545454545
0.43 0.8200000000000001
0.5643434343434344 0.8510101010101011
0.7184848484848484 0.8881818181818181
0.5051515151515151 0.8251515151515152
0.6675757575757576 0.8671717171717171
0.47000000000000003 0.8200000000000001
0.6384848484848484 0.866969696969697
0.656060606060606 0.8406060606060606
0.6039393939393939 0.8514141414141414
0.614949494949495 0.8543434343434344
0.46 0.81
0.5294949494949495 0.8234343434343434
0.6465656565656566 0.8526262626262626
0.6164646464646465 0.8596969696969697
0.6682828282828283 0.8705050505050504
0.46 0.81
0.41000000000000003 0.8
0.44 0.81
0.48818181818181816 0.8227272727272728
0.53 0.8200000000000001
0.48 0.81
0.6304040404040404 0.8461616161616162
0.7318181818181818 0.8824242424242424
0.6214141414141414 0.8641414141414142
0.4609090909090909 0.8038383838383838
0.6214141414141414 0.8551515151515152
0.6251515151515151 0.8542424242424241
0.61 0.86
0.676060606060606 0.8778787878787878
0.5773737373737373 0.8460606060606061
0.546969696969697 0.8423232323232324
0.6656565656565656 0.8353535353535353
0.4954545454545455 0.8251515151515152
0.6965656565656566 0.8642424242424243
0.4954545454545455 0.8251515151515152
0.6212121212121212 0.8248484848484848
0.5487878787878788 0.8337373737373737
0.5627272727272727 0.8445454545454545
0.7333333333333333 0.8733333333333333
0.6906060606060607 0.8671717171717171
0.71 0.8655555555555555
0.41000000000000003 0.78
0.6244444444444445 0.8655555555555555
0.5996969696969696 0.8506060606060606
0.594040404040404 0.8526262626262626
0.55 0.8300000000000001
0.5263636363636364 0.844040404040404
0.6545454545454545 0.8590909090909091
0.6555555555555556 0.8655555555555555
0.6566666666666667 0.8687878787878788
0.51 0.81
0.51 0.8300000000000001
0.6462626262626263 0.8642424242424243
0.56 0.8300000000000001
0.5945454545454545 0.8493939393939394
0.6048484848484847 0.8490909090909091
0.58 0.8200000000000001
0.7283838383838384 0.8839393939393938
0.5245454545454545 0.8348484848484848
0.6772727272727274 0.8770707070707071
0.5764646464646465 0.8371717171717172
0.5390909090909091 0.8396969696969696
0.543939393939394 0.8413131313131312
0.5395959595959596 0.8337373737373737
0.5203030303030303 0.8303030303030303
0.54 0.8300000000000001
0.5 0.8200000000000001
0.714949494949495 0.8634343434343434
0.6007070707070706 0.8475757575757575
0.6293939393939394 0.8697979797979798
0.44 0.81
0.6586868686868687 0.8657575757575757
0.5578787878787879 0.8396969696969696
0.637979797979798 0.8697979797979798
0.5625252525252524 0.8413131313131312
0.6182828282828283 0.8607070707070708
0.46 0.8200000000000001
0.656060606060606 0.8493939393939394
0.6338383838383839 0.8740404040404041
0.5718181818181818 0.8536363636363635
0.41000000000000003 0.8
0.7136363636363636 0.8881818181818182
0.5700000000000001 0.8300000000000001
0.6039393939393939 0.8514141414141414
0.5657575757575757 0.8457575757575757
0.6209090909090909 0.8406060606060606
0.5854545454545454 0.8461616161616162
0.5624242424242425 0.8223232323232323
0.7063636363636364 0.8718181818181818
0.46 0.81
0.6007070707070707 0.8491919191919192
0.557979797979798 0.8521212121212121
0.6338383838383839 0.8770707070707071
0.5196969696969697 0.8234343434343434
0.49 0.81
0.676060606060606 0.8627272727272727
0.7134343434343434 0.9077777777777778
0.6122222222222222 0.8526262626262626
0.5081818181818182 0.8263636363636363
0.6827272727272727 0.8718181818181818
0.5455555555555556 0.83
0.638888888888889 0.8703030303030304
0.74 0.8763636363636363
0.7333333333333333 0.8775757575757576
0.53 0.8300000000000001
0.5882828282828282 0.8430303030303029
0.6048484848484849 0.8472727272727273
0.7174747474747475 0.8967676767676768
0.47000000000000003 0.81
0.6182828282828283 0.8413131313131312
0.5700000000000001 0.84
0.5392929292929293 0.8332323232323232
0.6522222222222223 0.8566666666666667
0.41000000000000003 0.81
0.6682828282828283 0.8521212121212121
0.51 0.85
0.47000000000000003 0.81
0.6833333333333333 0.8554545454545455
0.51 0.8300000000000001
0.557979797979798 0.8429292929292929
0.7637373737373737 0.905151515151515
0.6933333333333334 0.8821212121212122
0.5700000000000001 0.84
0.6251515151515152 0.8423232323232324
0.41000000000000003 0.8
0.5764646464646465 0.8281818181818182
0.58 0.8300000000000001
0.4 0.8
0.6142424242424243 0.8303030303030303
0.6788888888888889 0.8655555555555555
0.7023232323232323 0.9090909090909092
0.54 0.8200000000000001
0.608989898989899 0.8413131313131312
0.5864646464646465 0.844040404040404
0.5947474747474747 0.8521212121212121
0.51 0.8300000000000001
0.5 0.8200000000000001
0.39848484848484844 0.7960606060606061
0.5484848484848485 0.8396969696969696
0.6077777777777778 0.8477777777777777
0.5773737373737373 0.8364646464646465
0.6077777777777778 0.8683838383838384
0.51 0.8300000000000001
0.6910101010101011 0.8930303030303031
0.5225252525252526 0.8191919191919192
0.48 0.8200000000000001
0.47000000000000003 0.8300000000000001
0.5817171717171717 0.8423232323232324
0.4867676767676767 0.838080808080808
0.5817171717171717 0.8596969696969697
0.6081818181818182 0.8542424242424241
0.47000000000000003 0.81
0.5722222222222222 0.838080808080808
0.6124242424242424 0.8551515151515152
0.6709090909090909 0.8590909090909091
0.45 0.81
0.5657575757575757 0.8372727272727273
0.44 0.81
0.5674747474747475 0.8371717171717172
0.5405050505050505 0.8371717171717172
0.44 0.81
0.670808080808081 0.8623232323232324
0.47000000000000003 0.8200000000000001
0.4 0.8
0.5536363636363637 0.8348484848484848
0.7158585858585857 0.8807070707070705
0.6036363636363636 0.8536363636363636
0.5857575757575757 0.8581818181818182
0.5988888888888889 0.8477777777777777
0.705959595959596 0.8825252525252525
0.6274747474747474 0.8528282828282827
0.41000000000000003 0.8200000000000001
0.5435353535353535 0.844040404040404
0.51 0.8200000000000001
0.6871717171717172 0.8487878787878789
0.6827272727272727 0.8718181818181818
0.5722222222222222 0.838080808080808
0.38 0.79
0.6425252525252526 0.8510101010101011
0.6338383838383839 0.8313131313131313
0.38 0.75
0.5809090909090909 0.8445454545454545
0.53 0.8200000000000001
0.7519191919191919 0.8682828282828283
0.5624242424242425 0.8474747474747475
0.4663636363636363 0.8154545454545454
0.42 0.96
0.5 0.8200000000000001
0.6251515151515152 0.8596969696969697
0.6829292929292929 0.8687878787878789
0.7378787878787878 0.8994949494949493
0.5672727272727272 0.8396969696969696
0.637979797979798 0.8526262626262626
0.52 0.8200000000000001
0.6127272727272728 0.8558585858585859
0.6867676767676769 0.8862626262626263
0.6633333333333333 0.8733333333333333
0.6990909090909091 0.8881818181818182
0.46 0.8200000000000001
0.630909090909091 0.8703030303030304
0.5148484848484849 0.8316161616161616
0.56 0.8200000000000001
0.7637373737373737 0.891010101010101
0.5708080808080809 0.8474747474747475
0.38 0.81
0.33 0.77
0.5904040404040403 0.8413131313131312
0.48 0.8200000000000001
0.5766666666666667 0.8396969696969696
0.6033333333333333 0.8581818181818182
0.28 0.78
0.54 0.8200000000000001
0.6187878787878789 0.8422222222222223
0.52 0.8300000000000001
0.56 0.8300000000000001
0.6910101010101011 0.8607070707070708
0.5990909090909091 0.8510101010101011
0.6081818181818182 0.8445454545454545
0.49 0.8200000000000001
0.49030303030303024 0.8234343434343434
0.41000000000000003 0.8
0.5633333333333334 0.8477777777777777
0.5811111111111111 0.8506060606060606
0.685959595959596 0.8683838383838384
0.6630303030303031 0.8642424242424243
0.49030303030303024 0.8234343434343434
0.39 0.8
0.599090909090909 0.8445454545454545
0.4772727272727272 0.8095959595959595
0.5700000000000001 0.8200000000000001
0.55 0.8200000000000001
0.48 0.81
0.5 0.8200000000000001
0.5686868686868687 0.8234343434343434
0.6425252525252526 0.8596969696969697
0.6312121212121212 0.8542424242424242
0.4851515151515151 0.8217171717171717
0.6034343434343434 0.8551515151515152
0.29 0.77
0.5700000000000001 0.84
0.5996969696969696 0.8413131313131312
0.6039393939393939 0.8429292929292929
0.510909090909091 0.8303030303030303
0.46 0.81
0.45 0.8
0.6421212121212121 0.8542424242424241
0.6436363636363637 0.8400000000000001
0.49 0.8200000000000001
0.43 0.81
0.51 0.8200000000000001
0.6984848484848485 0.8853535353535353
0.6637373737373737 0.8697979797979798
0.52 0.8200000000000001
0.42 0.8
0.5692929292929293 0.8526262626262626
0.4 0.8
0.5643434343434344 0.8423232323232324
0.5295959595959596 0.8162626262626264
0.5817171717171717 0.8423232323232324
0.37 0.81
0.51 0.8200000000000001
0.44 0.81
0.5135353535353536 0.8281818181818182
0.6244444444444445 0.8811111111111111
0.4 0.86
0.6034343434343434 0.8461616161616162
0.5148484848484849 0.8217171717171717
0.5445454545454546 0.8354545454545453
0.6551515151515152 0.8526262626262626
0.5578787878787879 0.8396969696969696
0.543939393939394 0.8320202020202019
0.32 0.78
0.6483838383838384 0.8461616161616162
0.4954545454545455 0.8251515151515152
0.6752525252525252 0.8740404040404041
0.5532323232323232 0.838080808080808
0.5 0.8300000000000001
0.36 0.8
0.6472727272727272 0.866969696969697
0.6637373737373737 0.844040404040404
0.5251515151515151 0.8291919191919193
0.4925252525252526 0.8270707070707072
0.666969696969697 0.8796969696969696
0.5674747474747475 0.8461616161616162
0.58 0.8300000000000001
0.5245454545454545 0.8251515151515152
0.5904040404040403 0.8413131313131312
0.6554545454545455 0.8413131313131312
0.6339393939393939 0.8763636363636363
0.5 0.8200000000000001
0.6748484848484848 0.8526262626262626
0.50010101010101 0.8234343434343434
0.5764646464646465 0.8371717171717172
0.5490909090909091 0.8234343434343434
0.53 0.8300000000000001
0.6506060606060606 0.863939393939394
0.56 0.8200000000000001
0.6236363636363635 0.8396969696969696
0.5945454545454545 0.8493939393939394
0.48 0.8200000000000001
0.6244444444444445 0.8655555555555555
0.55 0.84
0.49 0.8200000000000001
0.6433333333333333 0.8566666666666667
0.49 0.8200000000000001
0.622929292929293 0.8543434343434344
0.5572727272727273 0.8287878787878787
0.56 0.8300000000000001
0.48 0.8200000000000001
0.5578787878787879 0.8396969696969696
0.48 0.81
0.5342424242424242 0.8285858585858585
0.49 0.8200000000000001
0.5346464646464646 0.8320202020202019
0.53 0.8300000000000001
0.5382828282828283 0.8336363636363636
0.6611111111111111 0.8655555555555555
0.48 0.8200000000000001
0.48 0.81
0.5 0.8300000000000001
0.5924242424242424 0.8348484848484848
0.45686868686868687 0.8245454545454545
0.5418181818181818 0.8406060606060606
0.56 0.81
0.45 0.8200000000000001
0.5405050505050505 0.8371717171717172
0.49030303030303024 0.8136363636363636
0.6208080808080808 0.8526262626262626
0.6900000000000001 0.8572727272727273
0.6344444444444445 0.8477777777777777
0.61 0.84
0.6946464646464646 0.8770707070707071
0.52 0.8200000000000001
0.7221212121212122 0.8718181818181818
0.55 0.8300000000000001
0.5722222222222222 0.8388888888888889
0.6061616161616161 0.8364646464646465
0.6424242424242423 0.8490909090909091
0.6384848484848484 0.8581818181818182
0.49 0.81
0.5212121212121212 0.8245454545454545
0.6947474747474749 0.8782828282828283
0.6164646464646465 0.8510101010101011
0.6573737373737374 0.8821212121212122
0.39606060606060606 0.7128282828282828
0.738989898989899 0.8895959595959596
0.48 0.8200000000000001
0.5882828282828282 0.8430303030303029
0.6642424242424243 0.8763636363636363
0.6021212121212122 0.8348484848484848
0.5532323232323232 0.8320202020202019
0.6590909090909091 0.8521212121212121
0.6433333333333333 0.8388888888888889
0.77 0.8899999999999999
0.6390909090909092 0.8663636363636363
0.46 0.8200000000000001
0.7802020202020201 0.8952525252525252
0.6182828282828283 0.8687878787878789
0.6545454545454545 0.8590909090909091
0.5372727272727272 0.8390909090909091
0.5485858585858586 0.8364646464646465
0.28 0.79
0.6819191919191919 0.8588888888888889
0.53 0.85
0.4707070707070707 0.8136363636363636
0.6829292929292929 0.8607070707070708
0.5584848484848485 0.8461616161616162
0.46 0.81
0.46606060606060606 0.8153535353535354
0.676060606060606 0.8928282828282827
0.7425252525252525 0.905151515151515
0.7171717171717171 0.8793939393939394
0.71 0.8655555555555555
0.5392929292929293 0.8332323232323232
0.45 0.81
0.5674747474747475 0.8371717171717172
0.45 0.8200000000000001
0.6835353535353536 0.8823232323232323
0.6545454545454545 0.8590909090909091
0.53 0.8300000000000001
0.61 0.8300000000000001
0.6545454545454545 0.8509090909090911
0.54 0.8300000000000001
0.56 0.8300000000000001
0.49747474747474746 0.8134343434343434
0.5954545454545455 0.8396969696969696
0.36 0.8
0.5627272727272727 0.8445454545454545
0.5633333333333334 0.8348484848484848
0.44878787878787874 0.7811111111111111
0.6036363636363636 0.8526262626262626
0.6384848484848484 0.8406060606060606
0.44 0.81
0.5382828282828283 0.8336363636363636
0.6368686868686868 0.8413131313131312
0.7027272727272729 0.8782828282828283
0.46 0.81
0.5148484848484849 0.8251515151515152
0.39 0.81
0.5869696969696969 0.8268686868686869
0.6214141414141414 0.8641414141414142
0.39 0.8
0.32 0.77
0.6541414141414141 0.8364646464646465
0.42 0.81
0.6368686868686868 0.8506060606060606
0.51 0.8200000000000001
0.6344444444444445 0.8477777777777777
0.54 0.8200000000000001
0.5487878787878788 0.8337373737373737
0.4238383838383838 0.8076767676767677
0.603939393939394 0.8560606060606061
0.5773737373737373 0.8460606060606061
0.5506060606060605 0.8406060606060606
0.34 0.8
0.557979797979798 0.8429292929292929
0.5015151515151515 0.8303030303030303
0.6490909090909092 0.8687878787878788
0.49101010101010095 0.8268686868686869
0.5197979797979798 0.8268686868686869
0.5627272727272727 0.838080808080808
0.56 0.8300000000000001
0.44878787878787874 0.8001010101010101
0.6753535353535354 0.8821212121212122
0.7495959595959596 0.9007070707070706
0.45 0.89
0.6244444444444445 0.8733333333333333
0.6590909090909091 0.8457575757575757
0.6972727272727273 0.8784848484848484
0.5578787878787879 0.8396969696969696
0.6082828282828283 0.8313131313131312
0.48 0.81
0.6752525252525252 0.8574747474747475
0.6724242424242424 0.8466666666666667
0.36 0.77
0.6744444444444444 0.8967676767676768
0.5484848484848485 0.8396969696969696
0.39 0.8
0.6142424242424243 0.8303030303030303
0.73 0.8875757575757576
0.7022222222222222 0.8966666666666666
0.59 0.8300000000000001
0.5233333333333333 0.8457575757575757
0.53 0.8200000000000001
0.7172727272727274 0.8627272727272728
0.6039393939393939 0.8337373737373737
0.56 0.8300000000000001
0.5818181818181818 0.8242424242424242
0.443030303030303 0.8172727272727273
0.52 0.8300000000000001
0.5633333333333334 0.8348484848484848
0.5392929292929293 0.8234343434343434
0.5057575757575757 0.8285858585858585
0.56 0.8200000000000001
0.5643434343434344 0.8423232323232324
0.5 0.8200000000000001
0.34 0.76
0.55 0.84
0.5245454545454545 0.8348484848484848
0.6255555555555555 0.8566666666666667
0.7027272727272729 0.8703030303030304
0.7166666666666667 0.8740404040404041
0.4772727272727272 0.819090909090909
0.6381818181818182 0.8590909090909091
0.6866666666666666 0.85
0.5067676767676768 0.8227272727272728
0.6457575757575758 0.868080808080808
0.49 0.8200000000000001
0.36 0.79
0.53 0.8200000000000001
0.6118181818181818 0.8354545454545456
0.6718181818181818 0.8627272727272727
0.38 0.8
0.5945454545454545 0.8406060606060606
0.6827272727272727 0.8560606060606061
0.5809090909090909 0.8233333333333334
0.52 0.8200000000000001
0.43 0.81
0.6007070707070706 0.838080808080808
0.5197979797979798 0.8268686868686869
0.52 0.8200000000000001
0.6263636363636363 0.8445454545454545
0.6275757575757576 0.8560606060606061
0.56 0.8300000000000001
0.5422222222222223 0.8355555555555556
0.6421212121212121 0.8457575757575757
0.53 0.8300000000000001
0.6172727272727272 0.8536363636363635
0.6039393939393939 0.8337373737373737
0.6261616161616161 0.8653535353535353
0.54 0.8200000000000001
0.28 0.78
0.5 0.8200000000000001
0.4663636363636363 0.8251515151515152
0.4851515151515151 0.8217171717171717
0.6809090909090909 0.886969696969697
0.6118181818181818 0.9609090909090909
0.6077777777777778 0.8477777777777777
0.705959595959596 0.8825252525252525
0.6866666666666666 0.8811111111111111
0.5196969696969697 0.8332323232323232
0.4857575757575757 0.8348484848484848
0.5160606060606061 0.8320202020202019
0.45 0.81
0.6627272727272728 0.8672727272727274
0.55 0.8200000000000001
0.59 0.8300000000000001
0.5841414141414141 0.8316161616161616
0.41000000000000003 0.8
0.6077777777777778 0.8423232323232324
0.6293939393939394 0.8526262626262626
0.61 0.84
0.606969696969697 0.8703030303030304
0.5296969696969697 0.8303030303030303
0.42 0.81
0.38 0.8300000000000001
0.53 0.84
0.5 0.8200000000000001
0.6498989898989899 0.8521212121212121
0.6729292929292929 0.8793939393939394
0.5485858585858586 0.8364646464646465
0.6011111111111112 0.8577777777777778
0.6384848484848484 0.8581818181818182
0.53 0.8300000000000001
0.6696969696969697 0.8385858585858585
0.6196969696969697 0.8639393939393939
0.6630303030303031 0.8642424242424243
0.6354545454545454 0.8445454545454545
0.42 0.81
0.5722222222222222 0.8388888888888889
0.6637373737373737 0.8612121212121212
0.58 0.85
0.56 0.8200000000000001
0.3 0.78
0.5066666666666666 0.8318181818181818
0.6344444444444445 0.8477777777777777
0.6906060606060607 0.8875757575757576
0.4 0.81
0.49 0.8200000000000001
0.47525252525252526 0.8217171717171717
0.6304040404040404 0.8371717171717172
0.5773737373737373 0.8268686868686869
0.6867676767676769 0.8782828282828283
0.5677777777777778 0.8268686868686869
0.6218181818181818 0.8672727272727274
0.7238383838383838 0.8955555555555555
0.543939393939394 0.8320202020202019
0.41000000000000003 0.8200000000000001
0.6829292929292929 0.8687878787878789
0.6166666666666666 0.8542424242424241
0.6007070707070707 0.8491919191919192
0.48141414141414135 0.8268686868686869
0.50010101010101 0.8332323232323232
0.446969696969697 0.8057575757575758
0.6142424242424243 0.8490909090909091
0.5700000000000001 0.85
0.5148484848484848 0.7609090909090909
0.36 0.81
0.5706060606060607 0.8372727272727273
0.676060606060606 0.8542424242424241
0.5677777777777778 0.8460606060606061
0.5506060606060605 0.8406060606060606
0.546969696969697 0.8423232323232324
0.6386868686868686 0.8704040404040404
0.6172727272727272 0.8536363636363635
0.6142424242424243 0.8396969696969696
0.53 0.8200000000000001
0.5742424242424242 0.8457575757575757
0.6910101010101011 0.8607070707070708
0.6472727272727272 0.8581818181818182
0.5578787878787879 0.8396969696969696
0.5263636363636364 0.8354545454545454
0.5485858585858586 0.8364646464646465
0.6630303030303031 0.8558585858585859
0.6263636363636365 0.8736363636363637
0.35000000000000003 0.8
0.5811111111111111 0.8413131313131312
0.5263636363636364 0.8354545454545453
0.4 0.8
0.5965656565656565 0.8268686868686869
0.6251515151515152 0.8596969696969697
0.54 0.8300000000000001
0.6633333333333333 0.8733333333333333
0.7433333333333333 0.8853535353535353
0.5817171717171716 0.8285858585858585
0.5742424242424242 0.8457575757575757
0.5965656565656565 0.8364646464646465
0.5382828282828283 0.8336363636363636
0.49 0.8300000000000001
0.27 0.77
0.5445454545454546 0.8316161616161616
0.5945454545454545 0.8493939393939394
0.43 0.81
0.5588888888888889 0.8332323232323232
0.5904040404040403 0.8320202020202019
0.54 0.8300000000000001
0.5242424242424242 0.8406060606060606
0.5960606060606061 0.8612121212121212
0.6433333333333333 0.8477777777777777
0.5203030303030303 0.8303030303030303
0.6675757575757576 0.8671717171717171
0.25 0.66
0.5672727272727272 0.8396969696969696
0.6533333333333333 0.8402020202020202
0.5817171717171716 0.838080808080808
0.6984848484848485 0.8796969696969696
0.5 0.8200000000000001
0.62 0.84
0.5521212121212121 0.844040404040404
0.6077777777777778 0.8596969696969697
0.5295959595959596 0.8423232323232324
0.71 0.8733333333333333
0.5700000000000001 0.8300000000000001
0.52 0.8300000000000001
0.49909090909090903 0.8263636363636363
0.6656565656565656 0.8353535353535353
0.6036363636363636 0.8526262626262626
0.6987878787878787 0.8678787878787879
0.6253535353535353 0.8364646464646465
0.6021212121212121 0.8607070707070708
0.5764646464646465 0.8551515151515152
0.5764646464646465 0.8371717171717172
0.47000000000000003 0.8200000000000001
0.5722222222222222 0.838080808080808
0.5135353535353536 0.8281818181818182
0.5904040404040403 0.8598989898989899
0.5686868686868687 0.8332323232323232
0.6021212121212121 0.8607070707070708
0.5354545454545454 0.8445454545454545
0.5253535353535352 0.8320202020202019
0.6862626262626262 0.9018181818181817
0.47000000000000003 0.81
0.676060606060606 0.8712121212121212
0.6824242424242424 0.866969696969697
0.5890909090909091 0.8509090909090911
0.5853535353535354 0.8252525252525253
0.5536363636363637 0.8348484848484848
0.6498989898989899 0.8521212121212121
0.6736363636363636 0.8581818181818182
0.638888888888889 0.8623232323232324
0.5435353535353535 0.8354545454545454
0.5811111111111111 0.8506060606060606
0.4 0.8
0.5342424242424243 0.8348484848484848
0.6573737373737374 0.8641414141414142
0.55 0.8300000000000001
0.6790909090909092 0.8754545454545455
0.6545454545454545 0.8509090909090911
0.5490909090909091 0.8332323232323232
0.6984848484848485 0.8639393939393939
0.51 0.9400000000000001
0.49 0.81
0.5 0.8200000000000001
0.6685858585858586 0.8683838383838384
0.3 0.79
0.44 0.8200000000000001
0.6187878787878788 0.8612121212121212
0.573030303030303 0.8423232323232324
0.5 0.8200000000000001
0.5811111111111111 0.8598989898989899
0.5197979797979798 0.8268686868686869
0.6637373737373737 0.8526262626262626
0.5809090909090909 0.8445454545454545
0.6275757575757575 0.8320202020202019
0.5 0.8300000000000001
0.666969696969697 0.8718181818181818
0.5445454545454546 0.8415151515151514
0.38 0.8
0.5354545454545454 0.8354545454545453
0.6675757575757576 0.8748484848484849
0.52 0.8300000000000001
0.6166666666666667 0.8655555555555555
0.5627272727272727 0.8536363636363635
0.5784848484848485 0.8430303030303029
0.6933333333333334 0.8731313131313132
0.7213131313131314 0.8902020202020202
0.6468686868686869 0.8703030303030304
0.6034343434343434 0.8551515151515152
0.5996969696969696 0.8542424242424241
0.5727272727272728 0.8427272727272728
0.34 0.8
0.47000000000000003 0.8200000000000001
0.7142424242424242 0.8718181818181818
0.54 0.8300000000000001
0.586060606060606 0.8490909090909091
0.5764646464646465 0.8461616161616162
0.43 0.81
0.2 0.76
0.6835353535353536 0.8657575757575757
0.676060606060606 0.8627272727272727
0.6545454545454545 0.8536363636363635
0.55 0.84
0.38 0.8
0.6809090909090909 0.8612121212121212
0.4707070707070707 0.8234343434343434
0.5294949494949495 0.8332323232323232
0.5487878787878787 0.8372727272727273
0.72 0.8666666666666667
0.705959595959596 0.8748484848484849
0.5947474747474747 0.8337373737373737
0.5098989898989899 0.8332323232323232
0.4 0.8
0.58 0.8300000000000001
0.36 0.81
0.41000000000000003 0.81
0.6021212121212122 0.8251515151515152
0.7184848484848485 0.8930303030303031
0.6138383838383838 0.8316161616161616
0.5417171717171717 0.8265656565656566
0.37 0.81
0.52 0.85
0.6184848484848484 0.8306060606060606
0.6586868686868688 0.8526262626262626
0.6627272727272727 0.8809090909090909
0.44 0.81
0.6586868686868688 0.8687878787878789
0.6039393939393939 0.8415151515151514
0.52 0.8200000000000001
0.43 0.81
0.49484848484848487 0.8075757575757576
0.47000000000000003 0.8200000000000001
0.6463636363636365 0.8754545454545455
0.6127272727272728 0.8558585858585859
0.5057575757575757 0.8285858585858585
0.45 0.81
0.5700000000000001 0.8200000000000001
0.41000000000000003 0.8
0.55 0.84
0.5196969696969697 0.8332323232323232
0.5366666666666666 0.8388888888888889
0.51 0.8200000000000001
0.6223232323232323 0.8337373737373737
0.54 0.8300000000000001
0.35000000000000003 0.8
0.53 0.85
0.36 0.79
0.56 0.8200000000000001
0.599090909090909 0.8536363636363635
0.5990909090909091 0.8510101010101011
0.55 0.8200000000000001
0.39 0.79
0.6881818181818182 0.881010101010101
0.5315151515151515 0.8371717171717172
0.5827272727272726 0.8457575757575757
0.5521212121212121 0.844040404040404
0.49 0.8200000000000001
0.36 0.79
0.6077777777777778 0.8510101010101011
0.5904040404040403 0.8506060606060606
0.5945454545454545 0.8581818181818182
0.6215151515151516 0.8348484848484848
0.47888888888888886 0.8227272727272728
0.61 0.84
0.71 0.8811111111111111
0.47000000000000003 0.8200000000000001
0.48 0.8200000000000001
0.5445454545454546 0.8316161616161616
0.5809090909090909 0.8509090909090911
0.6077777777777778 0.8566666666666667
0.50010101010101 0.8234343434343434
0.5081818181818182 0.8354545454545453
0.49555555555555564 0.8371717171717172
0.7255555555555555 0.8811111111111111
0.5857575757575757 0.8493939393939394
0.52 0.8200000000000001
0.5766666666666667 0.8396969696969696
0.55 0.84
0.5294949494949495 0.8234343434343434
0.7582828282828282 0.8928282828282827
0.42 0.8200000000000001
0.5 0.8200000000000001
0.53 0.8300000000000001
0.5898989898989899 0.8331313131313132
0.51 0.8200000000000001
0.573030303030303 0.8423232323232324
0.5841414141414141 0.8415151515151514
0.27 0.77
0.695050505050505 0.872020202020202
0.534949494949495 0.7925252525252525
0.594040404040404 0.8316161616161616
0.5700000000000001 0.8300000000000001
0.58 0.8200000000000001
0.6736363636363636 0.8581818181818182
0.5882828282828282 0.8332323232323232
0.6433333333333333 0.8560606060606061
0.6425252525252526 0.8510101010101011
0.6477777777777778 0.8655555555555555
0.46 0.81
0.6736363636363636 0.8581818181818182
0.45 0.81
0.49 0.81
0.5811111111111111 0.8477777777777777
0.5392929292929293 0.8332323232323232
0.6551515151515152 0.8526262626262626
0.5294949494949495 0.8332323232323232
0.5212121212121212 0.8337373737373737
0.58 0.8200000000000001
0.6036363636363636 0.8612121212121212
0.53 0.8300000000000001
0.5827272727272728 0.8348484848484848
0.47000000000000003 0.81
0.43 0.8
0.637979797979798 0.8612121212121212
0.5939393939393939 0.8315151515151514
0.5 0.8200000000000001
0.5293939393939394 0.8364646464646465
0.6545454545454545 0.8672727272727274
0.5784848484848485 0.8332323232323232
0.5205050505050505 0.8390909090909091
0.5784848484848485 0.8430303030303029
0.46393939393939393 0.8115151515151515
0.543939393939394 0.8445454545454546
0.67 0.8744444444444445
0.4417171717171717 0.8134343434343434
0.5817171717171717 0.8423232323232324
0.51 0.8300000000000001
0.6164646464646465 0.8596969696969697
0.6255555555555555 0.8566666666666667
0.48141414141414135 0.8172727272727273
0.7392929292929293 0.9015151515151515
0.41000000000000003 0.8
0.54 0.8427272727272728
0.6504040404040404 0.8574747474747475
0.6630303030303031 0.8642424242424243
0.6827272727272727 0.8639393939393939
0.6176767676767676 0.8332323232323232
0.58 0.8300000000000001
0.6196969696969696 0.8475757575757575
0.5960606060606061 0.8612121212121212
0.5875757575757576 0.8474747474747475
0.6522222222222223 0.8833333333333333
0.5869696969696969 0.8364646464646465
0.5607070707070707 0.844040404040404
0.6294949494949496 0.8642424242424243
0.48 0.8200000000000001
0.5 0.89
0.538989898989899 0.8268686868686869
0.588080808080808 0.8330303030303029
0.6036363636363636 0.8526262626262626
0.6021212121212122 0.8542424242424242
0.6445454545454545 0.8627272727272727
0.6867676767676769 0.8623232323232324
0.55 0.86
0.6675757575757576 0.8627272727272727
0.54 0.8300000000000001
0.7702020202020201 0.8994949494949493
0.49 0.8200000000000001
0.54 0.8300000000000001
0.48 0.81
0.6824242424242424 0.866969696969697
0.5148484848484849 0.8316161616161616
0.699090909090909 0.8607070707070708
0.43 0.8200000000000001
0.5247474747474747 0.8316161616161616
0.5437373737373737 0.838080808080808
0.5607070707070707 0.844040404040404
0.45 0.8200000000000001
0.47000000000000003 0.81
0.5490909090909091 0.8332323232323232
0.49 0.98
0.5731313131313132 0.8305050505050505
0.5 0.8200000000000001
0.5263636363636364 0.8268686868686869
0.49363636363636365 0.8245454545454545
0.59 0.8388888888888889
0.5960606060606061 0.8481818181818181
0.6843434343434344 0.8641414141414142
0.55 0.86
0.6744444444444444 0.8895959595959596
0.5 0.8200000000000001
0.5700000000000001 0.8300000000000001
0.53 0.8200000000000001
0.38 0.8
0.4 0.8
0.43 0.81
0.6845454545454546 0.8445454545454545
0.5293939393939394 0.8364646464646465
0.6866666666666666 0.8888888888888888
0.6393939393939394 0.8551515151515152
0.6208080808080808 0.8526262626262626
0.5 0.8200000000000001
0.6372727272727272 0.8626262626262625
0.518888888888889 0.8388888888888889
0.45959595959595967 0.8191919191919192
0.61 0.8200000000000001
0.6498989898989899 0.8705050505050504
0.7172727272727273 0.8687878787878788
0.5947474747474747 0.8613131313131313
0.6462626262626263 0.8558585858585859
0.59 0.8477777777777777
0.5944444444444444 0.8461616161616162
0.6498989898989899 0.8521212121212121
0.7208080808080808 0.8650505050505051
0.5152525252525252 0.8285858585858585
0.48 0.8200000000000001
0.54 0.8300000000000001
0.6835353535353534 0.8778787878787878
0.533030303030303 0.8318181818181818
0.5912121212121212 0.8475757575757575
0.5588888888888889 0.8234343434343434
0.52 0.84
0.640909090909091 0.8445454545454546
0.26 0.78
0.54 0.8300000000000001
0.6138383838383838 0.8671717171717171
0.5872727272727272 0.8327272727272728
0.7566666666666666 0.891010101010101
0.38 0.8
0.4954545454545455 0.8251515151515152
0.4609090909090909 0.8136363636363636
0.6102020202020202 0.8475757575757575
0.5773737373737373 0.8364646464646465
0.5346464646464646 0.8320202020202019
0.6039393939393939 0.8521212121212121
0.63 0.8672727272727274
0.6336363636363636 0.8627272727272727
0.5643434343434344 0.8415151515151514
0.6752525252525252 0.8574747474747475
0.5405050505050505 0.8371717171717172
0.6675757575757576 0.8627272727272727
0.43 0.81
0.47000000000000003 0.8200000000000001
0.7213131313131314 0.8671717171717171
0.5521212121212121 0.844040404040404
0.6378787878787879 0.8558585858585859
0.5700000000000001 0.8200000000000001
0.49 0.8200000000000001
0.5811111111111111 0.8413131313131312
0.42 0.78
0.6157575757575757 0.8460606060606061
0.47000000000000003 0.8200000000000001
0.5584848484848485 0.8371717171717172
0.6787878787878789 0.8942424242424243
0.5722222222222222 0.8477777777777777
0.61 0.84
0.6211111111111112 0.8558585858585859
0.5625252525252524 0.8413131313131312
0.43 0.81
0.5051515151515151 0.8348484848484848
0.42 0.8
0.6427272727272728 0.8502020202020203
0.45 0.81
0.520909090909091 0.8336363636363636
0.7895959595959596 0.9085858585858585
0.47000000000000003 0.8
0.5081818181818182 0.8263636363636363
0.6425252525252525 0.8607070707070708
0.5965656565656565 0.8556565656565657
0.6333333333333333 0.8353535353535353
0.6338383838383839 0.8683838383838384
0.5342424242424242 0.8285858585858585
0.53 0.8300000000000001
0.5718181818181818 0.8445454545454545
0.5263636363636364 0.8182828282828283
0.6910101010101011 0.8607070707070708
0.5556565656565657 0.8423232323232324
0.512020202020202 0.8337373737373737
0.47000000000000003 0.81
0.34 0.78
0.5418181818181819 0.8363636363636364
0.5924242424242424 0.8348484848484848
0.44 0.81
0.6723232323232323 0.844040404040404
0.59 0.8200000000000001
0.6424242424242423 0.8584848484848484
0.5722222222222222 0.857070707070707
0.46 0.8200000000000001
0.5588888888888889 0.8332323232323232
0.5 0.8200000000000001
0.5484848484848485 0.8396969696969696
0.50010101010101 0.8234343434343434
0.5203030303030303 0.8303030303030303
0.6182828282828283 0.8413131313131312
0.5983838383838385 0.8321212121212123
0.49 0.8200000000000001
0.55 0.8300000000000001
0.6675757575757576 0.8671717171717171
0.5727272727272728 0.8345454545454546
0.5947474747474747 0.8429292929292929
0.6663636363636364 0.8731313131313132
0.5342424242424243 0.8251515151515152
0.586060606060606 0.8490909090909091
0.5882828282828282 0.8430303030303029
0.5294949494949495 0.8234343434343434
0.6627272727272728 0.8542424242424244
0.7066666666666667 0.8697979797979798
0.75 0.8899999999999999
0.7171717171717171 0.872020202020202
0.44 0.81
0.7134343434343434 0.8778787878787878
0.4718181818181818 0.8172727272727273
0.6472727272727272 0.866969696969697
0.5445454545454546 0.8415151515151514
0.6548484848484849 0.8703030303030304
0.5742424242424242 0.8415151515151514
0.6546464646464647 0.8642424242424243
0.6506060606060605 0.8627272727272727
0.50010101010101 0.8332323232323232
0.47000000000000003 0.8200000000000001
0.51 0.8300000000000001
0.6548484848484849 0.8623232323232324
0.5197979797979798 0.8268686868686869
0.47000000000000003 0.8200000000000001
0.7281818181818183 0.880909090909091
0.6077777777777778 0.8566666666666667
0.5627272727272727 0.8475757575757575
0.36 0.8
0.35000000000000003 0.79
0.48 0.8300000000000001
0.43 0.81
0.6223232323232323 0.8705050505050504
0.7566666666666666 0.898080808080808
0.6214141414141414 0.8461616161616162
0.6566666666666667 0.8763636363636363
0.6906060606060607 0.8718181818181818
0.53 0.8300000000000001
0.6736363636363636 0.8757575757575757
0.4805050505050505 0.8234343434343434
0.53 0.8200000000000001
0.7033333333333334 0.8596969696969697
0.48 0.8200000000000001
0.55 0.8300000000000001
0.6081818181818182 0.8627272727272727
0.495050505050505 0.8316161616161616
0.6723232323232323 0.8612121212121212
0.45 0.81
0.6445454545454545 0.8748484848484849
0.5532323232323232 0.838080808080808
0.6384848484848484 0.8581818181818182
0.41585858585858587 0.8019191919191919
0.6263636363636363 0.8536363636363635
0.595050505050505 0.8526262626262626
0.55 0.8200000000000001
0.5947474747474747 0.8521212121212121
0.53 0.86
0.4 0.81
0.6512121212121212 0.8639393939393939
0.49 0.8200000000000001
0.56 0.84
0.6590909090909091 0.8639393939393939
0.5742424242424242 0.8316161616161616
0.5 0.8200000000000001
0.512020202020202 0.8337373737373737
0.47000000000000003 0.8200000000000001
0.7033333333333334 0.8596969696969697
0.6503030303030304 0.8733333333333334
0.6294949494949496 0.8558585858585859
0.5154545454545454 0.8318181818181818
0.41909090909090907 0.8190909090909091
0.6142424242424243 0.8490909090909091
0.495050505050505 0.8217171717171717
0.5148484848484849 0.8251515151515152
0.6434343434343435 0.872020202020202
0.6338383838383839 0.8596969696969697
0.45 0.81
0.5965656565656565 0.8460606060606061
0.5382828282828283 0.8336363636363636
0.6138383838383838 0.8316161616161616
0.6627272727272728 0.8509090909090911
0.43 0.8
0.55 0.8300000000000001
0.45 0.81
0.26 0.79
0.5203030303030303 0.8303030303030303
0.53 0.8300000000000001
0.5766666666666667 0.8303030303030303
0.5700000000000001 0.8300000000000001
0.6546464646464647 0.8558585858585859
0.5700000000000001 0.84
0.6685858585858586 0.8770707070707071
0.5253535353535352 0.8320202020202019
0.38 0.79
0.6462626262626263 0.8558585858585859
0.6637373737373737 0.8526262626262626
0.6166666666666667 0.8733333333333333
0.5869696969696969 0.8460606060606061
0.58 0.84
0.64 0.8655555555555555
0.49 0.8200000000000001
0.6445454545454545 0.8460606060606061
0.5197979797979798 0.8268686868686869
0.5418181818181818 0.8318181818181818
0.5481818181818182 0.8263636363636364
0.6630303030303031 0.8726262626262626
0.47000000000000003 0.8200000000000001
0.5 0.8200000000000001
0.29 0.78
0.5763636363636364 0.8429292929292929
0.6612121212121211 0.8584848484848484
0.6354545454545455 0.8400000000000001
0.49 0.8300000000000001
0.5390909090909091 0.8396969696969696
0.6102020202020202 0.8475757575757575
0.5247474747474747 0.8316161616161616
0.7178787878787879 0.8572727272727273
0.39 0.81
0.44 0.8200000000000001
0.6215151515151516 0.8445454545454546
0.7024242424242424 0.8941414141414141
0.47000000000000003 0.81
0.47000000000000003 0.81
0.5671717171717172 0.8337373737373737
0.44 0.81
0.5909090909090909 0.8363636363636364
0.55 0.8300000000000001
0.5827272727272728 0.8348484848484848
0.47000000000000003 0.8200000000000001
0.5990909090909091 0.9031313131313131
0.52 0.8300000000000001
0.573030303030303 0.8251515151515152
0.5708080808080809 0.8390909090909091
0.6554545454545455 0.8413131313131312
0.6611111111111111 0.8704040404040404
0.33 0.79
0.6182828282828283 0.8506060606060606
0.6496969696969697 0.8466666666666667
0.53 0.8200000000000001
0.42 0.81
0.34 0.79
0.6384848484848484 0.8581818181818182
0.6481818181818182 0.8285858585858585
0.5437373737373737 0.838080808080808
0.6142424242424243 0.8490909090909091
0.56 0.8300000000000001
0.5904040404040405 0.8510101010101011
0.54 0.8200000000000001
0.59 0.84
0.5233333333333333 0.7722222222222221
0.5346464646464646 0.8320202020202019
0.6918181818181819 0.8518181818181818
0.6434343434343435 0.8452525252525251
0.63 0.8590909090909091
0.6007070707070706 0.8475757575757575
0.41000000000000003 0.8
0.6910101010101011 0.8768686868686868
0.6718181818181819 0.8839393939393939
0.42 0.81
0.4707070707070707 0.8234343434343434
0.5643434343434344 0.8510101010101011
0.5827272727272728 0.8445454545454546
0.7027272727272729 0.8782828282828283
0.6196969696969696 0.857070707070707
0.6522222222222223 0.8477777777777777
0.55 0.8300000000000001
0.52 0.8300000000000001
0.5295959595959596 0.8336363636363636
0.5627272727272727 0.8445454545454545
0.5924242424242424 0.8348484848484848
0.6881818181818182 0.8726262626262626
0.6675757575757576 0.8712121212121212
0.4 0.8
0.54 0.8300000000000001
0.5784848484848485 0.8234343434343434
0.6628282828282829 0.8623232323232324
0.728989898989899 0.8825252525252525
0.5197979797979798 0.8268686868686869
0.44 0.8200000000000001
0.7186868686868688 0.8862626262626263
0.5263636363636364 0.8263636363636363
0.49 0.8200000000000001
0.53 0.8200000000000001
0.44 0.81
0.5 0.8200000000000001
0.54 0.8200000000000001
0.6829292929292929 0.8825252525252525
0.42 0.8
0.44 0.81
0.7096969696969697 0.8763636363636363
0.36 0.8
0.5924242424242424 0.8491919191919192
0.6829292929292929 0.8607070707070708
0.6034343434343434 0.8461616161616162
0.6465656565656566 0.8612121212121212
0.6590909090909091 0.8627272727272727
0.62 0.85
0.5996969696969696 0.8413131313131312
0.6157575757575757 0.8364646464646465
0.7427272727272727 0.886969696969697
0.51 0.8300000000000001
0.42 0.8200000000000001
0.46 0.8200000000000001
0.5098989898989899 0.8234343434343434
0.6291919191919192 0.8475757575757575
0.6893939393939394 0.8736363636363637
0.6253535353535353 0.9612121212121212
0.5196969696969697 0.8234343434343434
0.46 0.81
0.61 0.8300000000000001
0.608989898989899 0.8657575757575757
0.5677777777777778 0.8460606060606061
0.6393939393939394 0.8551515151515152
0.56 0.8300000000000001
0.48 0.8200000000000001
0.49363636363636365 0.8245454545454545
0.633030303030303 0.8490909090909091
0.7358585858585858 0.8778787878787878
0.6078787878787878 0.8234343434343434
0.6039393939393939 0.8429292929292929
0.5521212121212121 0.8526262626262626
0.44 0.8200000000000001
0.32 0.79
0.5304040404040404 0.8429292929292929
0.5485858585858586 0.8268686868686869
0.5494949494949495 0.8371717171717172
0.6748484848484848 0.8768686868686868
0.5392929292929293 0.8332323232323232
0.7134343434343435 0.8623232323232324
0.676060606060606 0.8542424242424241
0.6984848484848485 0.8718181818181818
0.35000000000000003 0.79
0.6906060606060607 0.8748484848484849
0.5532323232323232 0.8506060606060606
0.6214141414141414 0.8371717171717172
0.5643434343434344 0.8423232323232324
0.5700000000000001 0.85
0.685959595959596 0.8683838383838384
0.43 0.8200000000000001
0.5225252525252526 0.8371717171717172
0.6445454545454545 0.8748484848484849
0.6598989898989899 0.8683838383838384
0.608989898989899 0.8598989898989899
0.5015151515151515 0.8303030303030303
0.5773737373737373 0.8268686868686869
0.38 0.81
0.53 0.8300000000000001
0.7005050505050506 0.8582828282828283
0.6 0.8300000000000001
0.52 0.8200000000000001
0.48 0.8200000000000001
0.5304040404040404 0.8337373737373737
0.5346464646464646 0.8506060606060606
0.6965656565656566 0.881010101010101
0.5633333333333334 0.8348484848484848
0.5445454545454546 0.8316161616161616
0.4663636363636363 0.8251515151515152
0.5924242424242424 0.8542424242424242
0.44 0.8
0.6809090909090908 0.8627272727272727
0.46 0.81
0.7021212121212121 0.8763636363636363
0.6196969696969697 0.8560606060606061
0.6176767676767676 0.8332323232323232
0.7508080808080808 0.8853535353535353
0.46 0.81
0.603939393939394 0.8560606060606061
0.5536363636363637 0.8348484848484848
0.6338383838383839 0.8596969696969697
0.48 0.8200000000000001
0.7125252525252526 0.8884848484848484
0.41000000000000003 0.76
0.73 0.8681818181818182
0.6675757575757576 0.8748484848484849
0.608989898989899 0.8574747474747475
0.6039393939393939 0.8521212121212121
0.55 0.8200000000000001
0.573030303030303 0.8348484848484848
0.5487878787878787 0.8457575757575757
0.6831313131313131 0.891010101010101
0.6752525252525252 0.8740404040404041
0.6425252525252526 0.8423232323232324
0.6612121212121211 0.8772727272727272
0.6583838383838383 0.8681818181818182
0.5784848484848485 0.8430303030303029
0.6044444444444445 0.8355555555555555
0.5657575757575757 0.8457575757575757
0.38 0.77
0.5578787878787879 0.8584848484848484
0.55 0.8300000000000001
0.5924242424242424 0.8574747474747475
0.6906060606060607 0.8671717171717171
0.48090909090909084 0.8263636363636363
0.7096969696969697 0.8536363636363636
0.6007070707070706 0.838080808080808
0.5049494949494949 0.8217171717171717
0.6121212121212121 0.8493939393939394
0.6586868686868688 0.8687878787878789
0.5778787878787879 0.8607070707070708
0.6736363636363636 0.8757575757575757
0.6131313131313131 0.8429292929292929
0.5346464646464646 0.8217171717171717
0.7269696969696969 0.9085858585858585
0.4857575757575757 0.8251515151515152
0.5633333333333334 0.8388888888888889
0.7015151515151515 0.8796969696969696
0.6530303030303031 0.8722222222222222
0.6338383838383839 0.8657575757575757
0.693030303030303 0.8796969696969696
0.61 0.8200000000000001
0.53 0.8200000000000001
0.5296969696969697 0.8303030303030303
0.5015151515151515 0.8303030303030303
0.43 0.81
0.7466666666666666 0.8793939393939394
0.6843434343434344 0.8461616161616162
0.6421212121212121 0.8627272727272727
0.6866666666666666 0.8888888888888888
0.7015151515151515 0.8796969696969696
0.5784848484848485 0.8332323232323232
0.6255555555555555 0.8477777777777777
0.533030303030303 0.8406060606060606
0.47000000000000003 0.8200000000000001
0.47000000000000003 0.81
0.42 0.8
0.543939393939394 0.8348484848484848
0.7001010101010101 0.8657575757575757
0.52 0.8200000000000001
0.52 0.8200000000000001
0.6797979797979798 0.8642424242424243
0.59 0.8300000000000001
0.7152525252525253 0.8938383838383837
0.48 0.8200000000000001
0.7152525252525253 0.8768686868686868
0.58 0.8300000000000001
0.5700000000000001 0.84
0.5172727272727272 0.8354545454545453
0.45 0.81
0.5390909090909091 0.8303030303030303
0.4609090909090909 0.8136363636363636
0.46 0.81
0.6611111111111111 0.8388888888888889
0.5382828282828283 0.8423232323232324
0.53 0.8200000000000001
0.53 0.8300000000000001
0.5484848484848485 0.8396969696969696
0.43 0.81
0.47525252525252526 0.8153535353535354
0.5263636363636364 0.8354545454545454
0.6590909090909091 0.8627272727272727
0.4772727272727272 0.8095959595959595
0.6872727272727273 0.8590909090909091
0.6918181818181818 0.8823232323232323
0.41787878787878785 0.8154545454545454
0.5742424242424242 0.8415151515151514
0.6555555555555556 0.8733333333333333
0.705050505050505 0.8705050505050504
0.7508080808080808 0.9003030303030303
0.49787878787878787 0.823030303030303
0.7114141414141414 0.8588888888888889
0.31 0.78
0.6905050505050506 0.8626262626262627
0.5 0.8200000000000001
0.752020202020202 0.8902020202020202
0.5904040404040403 0.8506060606060606
0.6065656565656565 0.8413131313131312
0.6007070707070706 0.8285858585858585
0.47000000000000003 0.8200000000000001
0.6717171717171717 0.8393939393939394
0.6182828282828283 0.8413131313131312
0.47000000000000003 0.8200000000000001
0.6835353535353536 0.8491919191919192
0.7281818181818183 0.8663636363636363
0.67 0.8833333333333333
0.5764646464646465 0.8461616161616162
0.33 0.79
0.54 0.81
0.47000000000000003 0.81
0.47000000000000003 0.8200000000000001
0.5 0.8200000000000001
0.5588888888888889 0.8332323232323232
0.5049494949494949 0.8217171717171717
0.4921212121212121 0.8209090909090908
0.5672727272727272 0.8396969696969696
0.43 0.81
0.5593939393939393 0.8406060606060606
0.6039393939393939 0.8337373737373737
0.48 0.81
0.599090909090909 0.8445454545454545
0.42 0.81
0.55 0.8300000000000001
0.44 0.81
0.6344444444444445 0.8477777777777777
0.6675757575757576 0.8671717171717171
0.6036363636363636 0.8612121212121212
0.5643434343434344 0.8316161616161616
0.5196969696969697 0.8332323232323232
0.54 0.8200000000000001
0.4707070707070707 0.8234343434343434
0.538989898989899 0.8364646464646465
0.6209090909090909 0.8581818181818182
0.45666666666666667 0.75
0.6384848484848484 0.8406060606060606
0.5588888888888889 0.8430303030303029
0.7354545454545455 0.8954545454545455
0.6 0.8200000000000001
0.6393939393939394 0.8461616161616162
0.5148484848484849 0.8348484848484848
0.5718181818181818 0.8445454545454545
0.5990909090909091 0.8596969696969697
0.6976767676767678 0.8554545454545455
0.6182828282828283 0.8413131313131312
0.6504040404040404 0.8574747474747475
0.5718181818181818 0.8536363636363635
0.54 0.8200000000000001
0.6263636363636363 0.8687878787878789
0.51 0.8300000000000001
0.6344444444444445 0.8477777777777777
0.5827272727272728 0.8363636363636364
0.42282828282828283 0.8180808080808081
0.55 0.8200000000000001
0.47000000000000003 0.8200000000000001
0.42979797979797973 0.8095959595959595
0.5152525252525252 0.8285858585858585
0.7246464646464646 0.8824242424242424
0.3 0.77
0.6121212121212121 0.8406060606060606
0.5 0.8200000000000001
0.7851515151515152 0.9190909090909091
0.6671717171717171 0.8665656565656565
0.5988888888888889 0.8833333333333333
0.44 0.8
0.6586868686868688 0.8687878787878789
0.6036363636363636 0.8526262626262626
0.5778787878787879 0.844040404040404
0.7063636363636364 0.8718181818181818
0.5588888888888889 0.8332323232323232
0.52 0.8200000000000001
0.693030303030303 0.8627272727272727
0.4764646464646465 0.724949494949495
0.38 0.8
0.6867676767676769 0.8543434343434344
0.495050505050505 0.8217171717171717
0.58 0.8200000000000001
0.584040404040404 0.8216161616161616
0.46 0.8200000000000001
0.7172727272727273 0.8839393939393939
0.43 0.81
0.5485858585858586 0.8460606060606061
0.5435353535353535 0.844040404040404
0.53 0.8200000000000001
0.6 0.8300000000000001
0.6034343434343434 0.8461616161616162
0.49 0.8300000000000001
0.7136363636363636 0.8881818181818182
0.5700000000000001 0.84
0.6685858585858586 0.8853535353535353
0.5989898989898991 0.8623232323232324
0.35000000000000003 0.79
0.6102020202020202 0.8607070707070708
0.6790909090909092 0.8590909090909091
0.6036363636363636 0.8526262626262626
0.79 0.9172727272727272
0.54 0.8200000000000001
0.6984848484848485 0.8639393939393939
0.49 0.8200000000000001
0.7506060606060607 0.9181818181818182
0.7136363636363636 0.880909090909091
0.6421212121212121 0.8712121212121212
0.5671717171717172 0.8337373737373737
0.52 0.8300000000000001
0.6251515151515151 0.8627272727272727
0.43 0.8
0.5671717171717172 0.8429292929292929
0.46 0.81
0.6483838383838384 0.8641414141414142
0.4851515151515151 0.8217171717171717
0.47000000000000003 0.8200000000000001
0.5869696969696969 0.8556565656565657
0.6033333333333333 0.8581818181818182
0.42 0.8
0.5722222222222222 0.8477777777777777
0.573030303030303 0.8542424242424242
0.5742424242424242 0.8217171717171717
0.5581818181818182 0.8268686868686869
0.46 0.8200000000000001
0.6463636363636365 0.8672727272727274
0.54 0.86
0.52 0.8200000000000001
0.5 0.8200000000000001
0.46 0.81
0.5247474747474747 0.8217171717171717
0.7466666666666666 0.8941414141414141
0.45 0.81
0.55 0.8300000000000001
0.5769696969696969 0.8493939393939394
0.48 0.8200000000000001
0.51 0.81
0.5672727272727272 0.8678787878787879
0.4 0.8
0.6590909090909091 0.8718181818181818
0.46858585858585866 0.8191919191919192
0.6275757575757576 0.8639393939393939
0.34 0.78
0.573030303030303 0.8348484848484848
0.608989898989899 0.8413131313131312
0.599090909090909 0.8445454545454545
0.4609090909090909 0.8136363636363636
0.6522222222222223 0.8477777777777777
0.56 0.85
0.6034343434343434 0.8551515151515152
0.6627272727272728 0.8754545454545455
0.41000000000000003 0.81
0.47000000000000003 0.8200000000000001
0.5764646464646465 0.8461616161616162
0.6790909090909092 0.8590909090909091
0.6675757575757576 0.8457575757575757
0.44 0.81
0.52 0.8200000000000001
0.44 0.8200000000000001
0.37 0.79
0.6461616161616162 0.8691919191919191
0.6157575757575757 0.9612121212121212
0.5875757575757576 0.8558585858585859
0.43 0.81
0.5145454545454545 0.8418181818181818
0.47454545454545455 0.7281818181818183
0.47888888888888886 0.8320202020202019
0.6366666666666667 0.8354545454545456
0.32 0.78
0.543939393939394 0.8348484848484848
0.45545454545454545 0.8019191919191919
0.4 0.89
0.6947474747474749 0.8782828282828283
0.7002020202020203 0.8650505050505051
0.66 0.8418181818181819
0.5588888888888889 0.8430303030303029
0.5445454545454546 0.8445454545454545
0.6586868686868687 0.8906060606060606
0.40595959595959596 0.7821212121212121
0.49 0.8200000000000001
0.5 0.81
0.5996969696969696 0.8413131313131312
0.5390909090909091 0.8303030303030303
0.6211111111111112 0.8474747474747475
0.5506060606060605 0.8406060606060606
0.35000000000000003 0.8
0.6590909090909091 0.8705050505050504
0.6918181818181818 0.8823232323232323
0.5700000000000001 0.8200000000000001
0.666969696969697 0.8639393939393939
0.51 0.8300000000000001
0.6667676767676768 0.8687878787878789
0.5809090909090909 0.8445454545454545
0.6772727272727274 0.8596969696969697
0.5624242424242425 0.8474747474747475
0.4 0.8200000000000001
0.622929292929293 0.8703030303030304
0.5742424242424242 0.8316161616161616
0.46 0.8200000000000001
0.44 0.81
0.5152525252525252 0.8285858585858585
0.42 0.81
0.5742424242424242 0.8415151515151514
0.4953535353535353 0.813939393939394
0.59 0.84
0.6766666666666666 0.8477777777777777
0.7027272727272729 0.8623232323232324
0.51 0.8200000000000001
0.6787878787878789 0.8623232323232324
0.5633333333333334 0.8251515151515152
0.6688888888888889 0.8477777777777777
0.6675757575757576 0.8748484848484849
0.42 0.81
0.6772727272727274 0.8683838383838384
0.44555555555555554 0.8118181818181818
0.47888888888888886 0.8134343434343434
0.6483838383838384 0.8641414141414142
0.47000000000000003 0.8200000000000001
0.48 0.8200000000000001
0.5487878787878788 0.8337373737373737
0.6598989898989899 0.8510101010101011
0.7097979797979799 0.872020202020202
0.63 0.8300000000000001
0.46 0.8200000000000001
0.6275757575757575 0.8413131313131312
0.6506060606060605 0.8627272727272727
0.5247474747474747 0.8316161616161616
0.5954545454545455 0.8396969696969696
0.6282828282828283 0.850909090909091
0.704040404040404 0.8588888888888889
0.5742424242424242 0.8316161616161616
0.7748484848484849 0.9182828282828283
0.608989898989899 0.8413131313131312
0.45 0.8200000000000001
0.53 0.85
0.48333333333333334 0.83
0.6377777777777778 0.84
0.6384848484848484 0.8493939393939394
0.595959595959596 0.8558585858585859
0.6182828282828283 0.8506060606060606
0.52 0.8300000000000001
0.5102020202020202 0.8364646464646465
0.7324242424242424 0.8763636363636363
0.6033333333333333 0.8493939393939394
0.5 0.8200000000000001
0.48 0.8200000000000001
0.6007070707070707 0.8491919191919192
0.6522222222222223 0.8477777777777777
0.5418181818181818 0.8318181818181818
0.5066666666666666 0.8318181818181818
0.6468686868686869 0.8623232323232324
0.6772727272727274 0.8596969696969697
0.6312121212121212 0.8445454545454546
0.36 0.8
0.6061616161616161 0.8460606060606061
0.5148484848484849 0.8348484848484848
0.5544444444444444 0.8388888888888889
0.63 0.88
0.56 0.8300000000000001
0.5944444444444444 0.8461616161616162
0.5708080808080809 0.881010101010101
0.7395959595959596 0.8884848484848484
0.67 0.8566666666666667
0.45 0.81
0.6445454545454545 0.8671717171717171
0.50010101010101 0.8234343434343434
0.5763636363636364 0.8429292929292929
0.477979797979798 0.8272727272727273
0.42 0.81
0.6611111111111111 0.8744444444444445
0.44 0.81
0.4954545454545455 0.8251515151515152
0.4760606060606061 0.8154545454545454
0.41000000000000003 0.81
0.47000000000000003 0.8200000000000001
0.6294949494949496 0.8474747474747475
0.52 0.8200000000000001
0.693030303030303 0.8627272727272727
0.6136363636363636 0.8509090909090911
0.49 0.81
0.6472727272727272 0.8493939393939394
0.7426262626262627 0.8782828282828283
0.6209090909090909 0.8581818181818182
0.37 0.8
0.43151515151515146 0.7548484848484848
0.5625252525252524 0.8506060606060606
0.47000000000000003 0.8200000000000001
0.5954545454545455 0.8396969696969696
0.35000000000000003 0.79
0.5674747474747475 0.8371717171717172
0.59 0.8300000000000001
0.5 0.8200000000000001
0.546969696969697 0.8162626262626264
0.666969696969697 0.8657575757575757
0.6048484848484847 0.8490909090909091
0.51 0.8300000000000001
0.5318181818181817 0.8033333333333333
0.557979797979798 0.8429292929292929
0.47000000000000003 0.81
0.6 0.8200000000000001
0.7536363636363637 0.8707070707070708
0.557979797979798 0.8521212121212121
0.6266666666666667 0.8337373737373738
0.5809090909090909 0.8445454545454545
0.38 0.8
0.44 0.8200000000000001
0.6164646464646465 0.8596969696969697
0.6752525252525252 0.8825252525252525
0.55 0.84
0.37 0.79
0.54 0.8300000000000001
0.5881818181818181 0.8560606060606061
0.5247474747474747 0.8415151515151514
0.6445454545454545 0.8627272727272727
0.6714141414141415 0.8893939393939394
0.6718181818181818 0.8627272727272727
0.5536363636363636 0.8445454545454545
0.5392929292929293 0.8234343434343434
0.7255555555555555 0.8811111111111111
0.6338383838383839 0.8510101010101011
0.6304040404040404 0.8461616161616162
0.543939393939394 0.8348484848484848
0.5 0.8200000000000001
0.56 0.84
0.45 0.81
0.5354545454545454 0.8354545454545453
0.6049494949494949 0.8313131313131312
0.6176767676767676 0.8430303030303029
0.5671717171717172 0.8429292929292929
0.7475757575757576 0.9142424242424243
0.6566666666666667 0.8687878787878788
0.6172727272727272 0.8354545454545453
0.5869696969696969 0.8556565656565657
0.6857575757575758 0.8427272727272728
0.61 0.8300000000000001
0.49 0.8200000000000001
0.6748484848484849 0.8639393939393939
0.7328282828282828 0.9087878787878787
0.7022222222222222 0.8811111111111111
0.52 0.8200000000000001
0.6643434343434343 0.8409090909090909
0.51 0.8300000000000001
0.54 0.8200000000000001
0.6175757575757576 0.8284848484848485
0.713939393939394 0.8650505050505051
0.5773737373737373 0.8364646464646465
0.6200000000000001 0.8333333333333335
0.55 0.8200000000000001
0.54 0.8200000000000001
0.5700000000000001 0.8300000000000001
0.31 0.78
0.54 0.8300000000000001
0.5536363636363636 0.8354545454545453
0.5947474747474747 0.8521212121212121
0.7027272727272729 0.8862626262626263
0.46222222222222215 0.8268686868686869
0.38 0.8
0.573030303030303 0.8445454545454546
0.36 0.8
0.49 0.81
0.39 0.76
0.6065656565656566 0.8383838383838385
0.4 0.8
0.595050505050505 0.844040404040404
0.51 0.8300000000000001
0.47000000000000003 0.8200000000000001
0.443030303030303 0.8172727272727273
0.51 0.8300000000000001
0.6498989898989899 0.8521212121212121
0.7281818181818183 0.880909090909091
0.27 0.76
0.53 0.8200000000000001
0.49 0.8200000000000001
0.6 0.8300000000000001
0.7392929292929293 0.8793939393939394
0.6274747474747474 0.8332323232323232
0.6667676767676768 0.8768686868686868
0.46030303030303027 0.8227272727272728
0.6522222222222223 0.8388888888888889
0.5924242424242424 0.8445454545454546
0.33 0.8
0.6166666666666667 0.8477777777777777
0.5532323232323232 0.8413131313131312
0.5196969696969697 0.8234343434343434
0.5 0.8200000000000001
0.68 0.9
0.43929292929292924 0.7906060606060605
0.6421212121212121 0.8457575757575757
0.53 0.8300000000000001
0.6007070707070706 0.857070707070707
0.37 0.8
0.510909090909091 0.8303030303030303
0.43 0.8
0.5247474747474747 0.8285858585858585
0.47181818181818175 0.8172727272727273
0.6088888888888889 0.8655555555555555
0.55 0.8300000000000001
0.63 0.84
0.6421212121212121 0.8627272727272727
0.647070707070707 0.8528282828282827
0.46 0.81
0.5405050505050505 0.8461616161616162
0.5718181818181818 0.9354545454545454
0.6654545454545454 0.8536363636363635
0.37 0.8
0.52 0.8200000000000001
0.36 0.81
0.41000000000000003 0.81
0.45 0.8200000000000001
0.5882828282828282 0.8332323232323232
0.35000000000000003 0.8
0.6304040404040404 0.8461616161616162
0.6628282828282829 0.8543434343434344
0.27 0.78
0.6336363636363636 0.8542424242424241
0.55 0.8200000000000001
0.49 0.8200000000000001
0.6 0.84
0.42 0.81
0.39848484848484844 0.7378787878787879
0.51 0.8300000000000001
0.6872727272727273 0.8672727272727274
0.59 0.8477777777777777
0.6813131313131313 0.8792929292929293
0.6039393939393939 0.898080808080808
0.5663636363636364 0.8491919191919192
0.5643434343434344 0.8316161616161616
0.7248484848484849 0.8687878787878788
0.59 0.8300000000000001
0.6866666666666666 0.8562626262626263
0.7097979797979799 0.8867676767676768
0.49 0.81
0.5102020202020202 0.8364646464646465
0.44515151515151513 0.8115151515151515
0.39 0.8
0.46 0.8200000000000001
0.69 0.8718181818181817
0.4257575757575757 0.8217171717171717
0.5904040404040403 0.8320202020202019
0.6215151515151516 0.8542424242424242
0.5245454545454545 0.8251515151515152
0.5742424242424242 0.8415151515151514
0.5912121212121212 0.838080808080808
0.53 0.8300000000000001
0.4921212121212121 0.8303030303030303
0.6223232323232323 0.8429292929292929
0.6435353535353535 0.8415151515151514
0.5135353535353536 0.8191919191919192
0.46858585858585866 0.8191919191919192
0.52 0.81
0.25 0.78
0.48818181818181816 0.8227272727272728
0.62 0.84
0.5293939393939394 0.8364646464646465
0.6748484848484849 0.8875757575757576
0.5633333333333334 0.8348484848484848
0.5722222222222222 0.838080808080808
0.7172727272727273 0.8763636363636363
0.595959595959596 0.8558585858585859
0.5148484848484849 0.8316161616161616
0.5177777777777778 0.8354545454545454
0.44515151515151513 0.7439393939393939
0.6556565656565656 0.8334343434343434
0.58 0.8300000000000001
0.7245454545454546 0.8941414141414141
0.5700000000000001 0.84
0.4851515151515151 0.8217171717171717
0.44 0.8
0.5 0.8200000000000001
0.6845454545454546 0.8518181818181818
0.55 0.8300000000000001
0.5015151515151515 0.7645454545454544
0.551010101010101 0.8409090909090909
0.6102020202020202 0.8607070707070708
0.6845454545454546 0.8881818181818182
0.59 0.8477777777777777
0.5624242424242425 0.8474747474747475
0.6642424242424243 0.8763636363636363
0.5625252525252524 0.8320202020202019
0.5854545454545454 0.9180808080808082
0.53 0.8200000000000001
0.43 0.8200000000000001
0.5 0.8300000000000001
0.5700000000000001 0.8300000000000001
0.6338383838383839 0.8574747474747475
0.39 0.81
0.38 0.8
0.6338383838383839 0.8510101010101011
0.44 0.81
0.6007070707070706 0.876060606060606
0.5078787878787878 0.8391919191919192
0.6611111111111111 0.8566666666666667
0.41000000000000003 0.8
0.5700000000000001 0.8200000000000001
0.7083838383838384 0.8823232323232323
0.54 0.84
0.4324242424242424 0.8134343434343434
0.4417171717171717 0.7762626262626262
0.51 0.8300000000000001
0.5484848484848485 0.8303030303030303
0.4 0.81
0.49 0.8200000000000001
0.5293939393939394 0.8268686868686869
0.5057575757575757 0.8285858585858585
0.4 0.8
0.6598989898989899 0.8748484848484849
0.5247474747474747 0.8316161616161616
0.5057575757575757 0.819090909090909
0.6445454545454545 0.8536363636363635
0.5342424242424243 0.8348484848484848
0.6647474747474746 0.8691919191919191
0.54 0.8200000000000001
0.6555555555555556 0.8577777777777778
0.5924242424242424 0.8251515151515152
0.5295959595959596 0.8423232323232324
0.7118181818181819 0.8590909090909091
0.6054545454545455 0.8590909090909091
0.48 0.81
0.656060606060606 0.8581818181818182
0.39 0.8200000000000001
0.7245454545454546 0.9162626262626262
0.6223232323232323 0.8521212121212121
0.45 0.81
0.5015151515151515 0.8209090909090908
0.6294949494949496 0.8558585858585859
0.5855555555555555 0.8429292929292929
0.5 0.8200000000000001
0.5245454545454545 0.8348484848484848
0.7266666666666667 0.8666666666666667
0.6121212121212121 0.8406060606060606
0.5 0.8200000000000001
0.7063636363636363 0.8881818181818182
0.6667676767676768 0.8768686868686868
0.6138383838383838 0.8316161616161616
0.48 0.8200000000000001
0.5293939393939394 0.8364646464646465
0.54 0.8300000000000001
0.6118181818181818 0.8445454545454546
0.5346464646464646 0.8415151515151514
0.45 0.81
0.510909090909091 0.8303030303030303
0.610909090909091 0.8400000000000001
0.6910101010101011 0.8687878787878789
0.49 0.8200000000000001
0.58 0.8300000000000001
0.666969696969697 0.8657575757575757
0.5827272727272726 0.8542424242424241
0.52 0.8300000000000001
0.5773737373737373 0.8364646464646465
0.5437373737373737 0.838080808080808
0.5945454545454545 0.8406060606060606
0.5947474747474747 0.8521212121212121
0.39 0.8
0.44 0.81
0.6304040404040404 0.8551515151515152
0.5346464646464646 0.8316161616161616
0.5390909090909091 0.8396969696969696
0.54 0.8300000000000001
0.5593939393939393 0.8493939393939394
0.6461616161616162 0.8691919191919191
0.47000000000000003 0.8200000000000001
0.53 0.8300000000000001
0.44 0.8
0.5294949494949495 0.8430303030303029
0.6509090909090909 0.8527272727272728
0.6296969696969696 0.8406060606060606
0.6131313131313131 0.8521212121212121
0.704949494949495 0.8893939393939394
0.6558585858585858 0.8502020202020202
0.7177777777777777 0.8733333333333333
0.47000000000000003 0.81
0.6254545454545455 0.8463636363636364
0.600909090909091 0.8381818181818183
0.47000000000000003 0.8200000000000001
0.5672727272727272 0.8303030303030303
0.6766666666666666 0.8477777777777777
0.6465656565656566 0.8526262626262626
0.5854545454545454 0.8821212121212122
0.5006060606060606 0.8268686868686869
0.4760606060606061 0.8251515151515152
0.6753535353535354 0.8911111111111112
0.55 0.8200000000000001
0.51 0.8200000000000001
0.6548484848484849 0.8623232323232324
0.543939393939394 0.8320202020202019
0.6627272727272727 0.8627272727272727
0.47000000000000003 0.8200000000000001
0.6208080808080808 0.8612121212121212
0.6291919191919192 0.857070707070707
0.5672727272727272 0.8490909090909091
0.51 0.8200000000000001
0.6628282828282829 0.8623232323232324
0.6675757575757576 0.8748484848484849
0.5841414141414141 0.8316161616161616
0.5722222222222222 0.838080808080808
0.6255555555555555 0.8388888888888889
0.5827272727272726 0.8542424242424241
0.5811111111111111 0.8566666666666667
0.586060606060606 0.8396969696969696
0.6336363636363636 0.9051515151515152
0.614949494949495 0.8703030303030304
0.47000000000000003 0.8200000000000001
0.7246464646464646 0.8824242424242424
0.6748484848484849 0.8718181818181818
0.5742424242424242 0.8457575757575757
0.5366666666666666 0.8388888888888889
0.5035353535353535 0.7988888888888889
0.6172727272727273 0.8574747474747475
0.35000000000000003 0.8
0.6296969696969696 0.8406060606060606
0.34 0.79
0.5965656565656565 0.8364646464646465
0.7177777777777777 0.8811111111111111
0.35000000000000003 0.79
0.5688888888888889 0.8355555555555556
0.4857575757575757 0.8154545454545454
0.7118181818181819 0.9000000000000001
0.51 0.81
0.6181818181818182 0.8472727272727272
0.5203030303030303 0.8303030303030303
0.5 0.8300000000000001
0.49 0.8200000000000001
0.7142424242424242 0.8639393939393939
0.6166666666666667 0.8566666666666667
0.47000000000000003 0.8200000000000001
0.6881818181818182 0.8726262626262626
0.4772727272727272 0.819090909090909
0.5643434343434344 0.8415151515151514
0.6926262626262625 0.8877777777777778
0.4506060606060607 0.8012121212121213
0.45 0.8200000000000001
0.34 0.78
0.56 0.8200000000000001
0.55 0.8300000000000001
0.712020202020202 0.8578787878787879
0.5681818181818181 0.8406060606060606
0.49 0.8200000000000001
0.6315151515151515 0.8429292929292929
0.5700000000000001 0.84
0.6142424242424243 0.8490909090909091
0.586060606060606 0.8396969696969696
0.5212121212121212 0.8337373737373737
0.6127272727272728 0.8642424242424243
0.6612121212121211 0.8584848484848484
0.44 0.81
0.5382828282828283 0.8336363636363636
0.6077777777777778 0.8477777777777777
0.45 0.81
0.6 0.84
0.44 0.8
0.67 0.87
0.6906060606060607 0.8671717171717171
0.7302020202020203 0.8723232323232324
0.49 0.8200000000000001
0.48 0.8200000000000001
0.6648484848484848 0.8493939393939394
0.6504040404040404 0.8574747474747475
0.33 0.8
0.6033333333333333 0.8493939393939394
