0.24787878787878787 0.5518181818181819
0.3418181818181818 0.7172727272727273
0.3981818181818182 0.6718181818181819
0.21212121212121213 0.6456565656565656
0.24474747474747477 0.6021212121212121
0.376969696969697 0.7345454545454546
0.3090909090909091 0.611010101010101
0.3925252525252525 0.6574747474747475
0.021212121212121213 0.502020202020202
0.022424242424242423 0.5082828282828282
0.22424242424242427 0.7046464646464647
0.342020202020202 0.7052525252525252
0.3161616161616162 0.64989898989899
0.4209090909090909 0.7782828282828284
0.45303030303030306 0.7984848484848486
0.38727272727272727 0.6781818181818182
0.36363636363636365 0.6854545454545455
0.356969696969697 0.6381818181818182
0.381010101010101 0.6968686868686869
0.4009090909090909 0.703939393939394
0.4182828282828283 0.6970707070707072
0.23757575757575755 0.6463636363636364
0.3054545454545455 0.5997979797979799
0.3653535353535354 0.7169696969696969
0.23191919191919194 0.6407070707070708
0.33959595959595956 0.6793939393939394
0.43272727272727274 0.7490909090909091
0.18181818181818182 0.6827272727272727
0.3594949494949495 0.6461616161616162
0.34585858585858587 0.6488888888888888
0.3827272727272727 0.6866666666666666
0.27474747474747474 0.705050505050505
0.4445454545454546 0.7054545454545456
0.2737373737373737 0.6135353535353536
0.15636363636363637 0.5854545454545454
0.20101010101010103 0.532929292929293
0.1990909090909091 0.5809090909090909
0.3236363636363636 0.64
0.22242424242424244 0.5327272727272727
0.23535353535353537 0.6556565656565656
0.27303030303030307 0.6245454545454545
0.22454545454545455 0.5502020202020201
0.3524242424242424 0.6666666666666667
0.35363636363636364 0.6818181818181819
0.3864646464646465 0.7622222222222221
0.2363636363636364 0.5575757575757576
0.2792929292929293 0.6049494949494949
0.3118181818181818 0.6936363636363636
0.35101010101010105 0.6668686868686869
0.25636363636363635 0.6313131313131313
0.2492929292929293 0.574949494949495
0.3161616161616162 0.6555555555555557
0.42272727272727273 0.7336363636363636
0.2913131313131313 0.631010101010101
0.3381818181818182 0.66
0.29828282828282826 0.5770707070707071
0.3663636363636364 0.6875757575757576
0.36363636363636365 0.6918181818181819
0.23101010101010105 0.5575757575757576
0.38636363636363635 0.6590909090909091
0.33565656565656565 0.9568686868686869
0.3298989898989899 0.6983838383838383
0.29959595959595964 0.656969696969697
0.3209090909090909 0.6784848484848486
0.3336363636363637 0.6675757575757576
0.3278787878787879 0.6618181818181819
0.30444444444444446 0.5711111111111111
0.434949494949495 0.7197979797979799
0.207979797979798 0.620909090909091
0.13989898989898988 0.5314141414141413
0.35444444444444445 0.6299999999999999
0.15272727272727274 0.4690909090909091
0.18818181818181817 0.5636363636363636
0.3195959595959596 0.6652525252525253
0.2547474747474747 0.6121212121212121
0.46636363636363637 0.7251515151515152
0.31545454545454543 0.666969696969697
0.26696969696969697 0.6483838383838384
0.29333333333333333 0.6377777777777778
0.26363636363636367 0.5909090909090909
0.255050505050505 0.5702020202020202
0.26454545454545453 0.620909090909091
0.48404040404040405 0.7711111111111111
0.2821212121212121 0.6390909090909092
0.20666666666666667 0.5866666666666667
0.34090909090909094 0.7044444444444444
0.028686868686868684 0.5020202020202019
0.4688888888888889 0.7311111111111112
0.3978787878787879 0.7260606060606061
0.313030303030303 0.6221212121212121
0.41929292929292933 0.7291919191919192
0.501010101010101 0.8222222222222223
0.41666666666666663 0.8099999999999999
0.47595959595959597 0.7655555555555555
0.07777777777777778 0.5161616161616162
0.18818181818181817 0.5636363636363636
0.004949494949494949 0.32666666666666666
0.19545454545454546 0.546969696969697
0.31020202020202026 0.5903030303030304
0.33636363636363636 0.6136363636363638
0.34515151515151515 0.7904040404040403
0.45343434343434347 0.8413131313131312
0.3381818181818182 0.66
0.0787878787878788 0.4858585858585859
0.36343434343434344 0.7448484848484849
0.19868686868686866 0.7226262626262625
0.3368686868686869 0.6018181818181818
0.3890909090909091 0.7406060606060607
0.375959595959596 0.6688888888888889
0.34595959595959597 0.643939393939394
0.32636363636363636 0.6036363636363637
0.31020202020202026 0.5997979797979799
0.3905050505050505 0.7355555555555556
0.4313131313131313 0.7769696969696971
0.2382828282828283 0.6240404040404041
0.37 0.6499999999999999
0.2795959595959596 0.6193939393939394
0.2605050505050505 0.5942424242424242
0.24989898989898993 0.6482828282828283
0.3703030303030303 0.712929292929293
0.4721212121212121 0.7436363636363637
0.30787878787878786 0.6118181818181818
0.21606060606060606 0.6403030303030303
0.3016161616161616 0.6692929292929293
0.34161616161616165 0.7158585858585859
0.35 0.6299999999999999
0.3718181818181818 0.69989898989899
0.3706060606060606 0.8027272727272727
0.18848484848484848 0.5758585858585858
0.16181818181818183 0.5012121212121212
0.3695959595959596 0.7881818181818181
0.28545454545454546 0.6311111111111112
0.2273737373737374 0.6968686868686869
0.4463636363636364 0.7515151515151516
0.30303030303030304 0.7082828282828282
0.24545454545454545 0.6145454545454545
0.33636363636363636 0.6629292929292929
0.32252525252525255 0.5874747474747475
0.4075757575757576 0.7218181818181819
0.39545454545454545 0.6897979797979799
0.42484848484848486 0.6878787878787879
0.3136363636363636 0.6354545454545455
0.35090909090909095 0.6236363636363637
0.3827272727272727 0.7045454545454546
0.22535353535353536 0.5769696969696969
0.23101010101010105 0.546868686868687
0.4872727272727273 0.7684848484848485
0.1976767676767677 0.6525252525252525
0.3088888888888889 0.5711111111111111
0.3336363636363637 0.6675757575757576
0.22171717171717173 0.5375757575757576
0.29414141414141415 0.6010101010101011
0.3881818181818182 0.71
0.2867676767676768 0.6782828282828283
0.40181818181818185 0.6881818181818182
0.37454545454545457 0.6844444444444444
0.35020202020202024 0.7461616161616161
0.15474747474747474 0.7305050505050504
0.12373737373737373 0.48696969696969694
0.3674747474747475 0.7012121212121213
0.30404040404040406 0.6010101010101011
0.21474747474747474 0.5721212121212121
0.5572727272727274 0.8433333333333334
0.4972727272727273 0.8136363636363637
0.3096969696969697 0.7645454545454546
0.31272727272727274 0.6696969696969698
0.343030303030303 0.6884848484848485
0.21363636363636365 0.5533333333333333
0.23535353535353537 0.5929292929292929
0.44000000000000006 0.7566666666666667
0.1184848484848485 0.5058585858585859
0.36414141414141415 0.6561616161616162
0.3890909090909091 0.770909090909091
0.41373737373737374 0.7535353535353535
0.3281818181818182 0.5931313131313132
0.37787878787878787 0.6536363636363636
0.3582828282828283 0.6463636363636364
0.39090909090909093 0.7359595959595959
0.384040404040404 0.676060606060606
0.19303030303030305 0.612020202020202
0.4255555555555556 0.7422222222222222
0.22818181818181818 0.6036363636363636
0.34484848484848485 0.5951515151515152
0.4186868686868687 0.6795959595959595
0.4121212121212121 0.7460606060606061
0.3018181818181819 0.62989898989899
0.3016161616161616 0.6758585858585857
0.34131313131313135 0.6810101010101011
0.3713131313131313 0.7169696969696969
0.33 0.6633333333333333
0.32727272727272727 0.6490909090909092
0.32636363636363636 0.6036363636363637
0.3513131313131313 0.691010101010101
0.20323232323232326 0.6478787878787879
0.35474747474747476 0.7121212121212122
0.30000000000000004 0.6277777777777778
0.39545454545454545 0.6755555555555556
0.19242424242424244 0.49787878787878787
0.3821212121212121 0.6778787878787879
0.4982828282828283 0.7631313131313131
0.4375757575757576 0.7415151515151516
0.2549494949494949 0.5397979797979797
0.40161616161616165 0.7692929292929294
0.3188888888888889 0.6466666666666667
0.40636363636363637 0.6778787878787879
0.24181818181818182 0.6172727272727273
0.21373737373737373 0.5652525252525253
0.33131313131313134 0.6948484848484849
0.3481818181818182 0.6809090909090909
0.15050505050505053 0.5448484848484849
0.316969696969697 0.6806060606060607
0.33292929292929296 0.6117171717171718
0.14171717171717174 0.6045454545454546
0.08848484848484849 0.5309090909090909
0.38545454545454544 0.6750505050505051
0.45939393939393935 0.8348484848484847
0.47090909090909094 0.7190909090909091
0.3950505050505051 0.7740404040404041
0.4115151515151515 0.8924242424242423
0.238989898989899 0.5409090909090909
0.30828282828282827 0.7008080808080808
0.29313131313131313 0.7103030303030302
0.47858585858585856 0.835959595959596
0.29979797979797984 0.6202020202020202
0.3245454545454546 0.6344444444444445
0.21545454545454545 0.566969696969697
0.40969696969696967 0.6945454545454546
0.14737373737373735 0.745050505050505
0.33454545454545453 0.654949494949495
0.2990909090909091 0.7354545454545454
0.3011111111111111 0.7755555555555556
0.3275757575757576 0.6366666666666667
0.30474747474747477 0.7135353535353535
0.3902020202020202 0.7534343434343436
0.2827272727272727 0.6021212121212121
0.3654545454545455 0.6455555555555555
0.22212121212121214 0.5790909090909091
0.28363636363636363 0.6163636363636364
0.3564646464646465 0.7134343434343434
0.36454545454545456 0.6744444444444444
0.34252525252525257 0.6074747474747475
0.23272727272727273 0.546969696969697
0.3398989898989899 0.7083838383838383
0.32161616161616163 0.6892929292929293
0.3293939393939394 0.6633333333333333
0.4827272727272727 0.8584848484848484
0.4682828282828283 0.7377777777777778
0.38636363636363635 0.6681818181818182
0.3827272727272727 0.6372727272727272
0.26363636363636367 0.5800000000000001
0.38 0.7077777777777778
0.3088888888888889 0.6588888888888889
0.37616161616161614 0.6985858585858585
0.40040404040404043 0.6654545454545455
0.3718181818181818 0.6536363636363636
0.416969696969697 0.7854545454545454
0.21303030303030304 0.6114141414141414
0.3518181818181818 0.6381818181818182
0.36454545454545456 0.7548484848484849
0.3275757575757576 0.6366666666666667
0.4586868686868687 0.7030303030303031
0.24303030303030304 0.6066666666666667
0.1388888888888889 0.5977777777777777
0.241010101010101 0.556868686868687
0.3802020202020202 0.6650505050505051
0.34505050505050505 0.7455555555555556
0.07676767676767676 0.545050505050505
0.2963636363636364 0.5551515151515152
0.2587878787878788 0.6906060606060607
0.2309090909090909 0.6006060606060606
0.13777777777777778 0.6564646464646464
0.22161616161616163 0.6089898989898991
0.34545454545454546 0.6852525252525252
0.19151515151515153 0.5908080808080808
0.31414141414141417 0.6160606060606061
0.3581818181818182 0.6745454545454546
0.376969696969697 0.7466666666666667
0.5536363636363637 0.9518181818181819
0.27999999999999997 0.6666666666666666
0.4802020202020202 0.7603030303030303
0.34505050505050505 0.7308080808080808
0.324949494949495 0.6097979797979799
0.3345454545454546 0.5913131313131313
0.3845454545454545 0.9376767676767677
0.32363636363636367 0.6575757575757576
0.3616161616161616 0.7292929292929293
0.5002020202020202 0.7708080808080808
0.13454545454545455 0.45494949494949494
0.12242424242424244 0.5793939393939395
0.45545454545454545 0.7260606060606061
0.36060606060606065 0.6236363636363638
0.20474747474747473 0.5621212121212121
0.3209090909090909 0.6782828282828284
0.35757575757575755 0.7735353535353535
0.19131313131313132 0.548888888888889
0.3224242424242424 0.6278787878787879
0.3516161616161616 0.7258585858585859
0.24696969696969695 0.5984848484848485
0.3288888888888889 0.6000000000000001
0.16121212121212122 0.5930303030303031
0.30272727272727273 0.6118181818181818
0.43959595959595965 0.7676767676767677
0.2278787878787879 0.5618181818181819
0.3098989898989899 0.7014141414141413
0.3788888888888889 0.6499999999999999
0.28242424242424247 0.6521212121212121
0.4372727272727273 0.7281818181818183
0.2697979797979798 0.7304040404040404
0.3581818181818182 0.6318181818181818
0.022727272727272728 0.5075757575757576
0.34959595959595957 0.6893939393939394
0.3463636363636364 0.6236363636363637
0.47212121212121216 0.8118181818181819
0.2790909090909091 0.7227272727272728
0.3572727272727273 0.657878787878788
0.33 0.6633333333333333
0.48444444444444446 0.8288888888888889
0.4095959595959596 0.7493939393939395
0.0068686868686868695 0.41212121212121217
0.05656565656565657 0.5737373737373738
0.3281818181818182 0.65
0.2909090909090909 0.5888888888888889
0.33505050505050504 0.7208080808080808
0.2898989898989899 0.6648484848484849
0.4718181818181818 0.7581818181818182
0.27565656565656566 0.6075757575757577
0.426969696969697 0.7178787878787879
0.29848484848484846 0.7681818181818183
0.40484848484848485 0.6636363636363636
0.4088888888888889 0.6844444444444444
0.44818181818181824 0.7645454545454546
0.4025252525252525 0.6718181818181819
0.3092929292929293 0.6191919191919192
0.38636363636363635 0.8154545454545454
0.3666666666666667 0.7466666666666667
0.25757575757575757 0.6591919191919192
0.3708080808080808 0.6788888888888889
0.39444444444444443 0.7166666666666667
0.3105050505050505 0.64989898989899
0.28181818181818186 0.5636363636363637
0.5321212121212121 0.7484848484848485
0.23727272727272725 0.5769696969696969
0.46101010101010104 0.6964646464646465
0.42272727272727273 0.7215151515151516
0.37313131313131315 0.7761616161616162
0.31939393939393945 0.682929292929293
0.258989898989899 0.803939393939394
0.3582828282828283 0.651010101010101
0.3941414141414141 0.696060606060606
0.28959595959595963 0.6352525252525253
0.4255555555555556 0.6818181818181819
0.34363636363636363 0.6654545454545455
0.07727272727272727 0.6095959595959596
0.3572727272727273 0.657878787878788
0.3566666666666667 0.7433333333333334
0.4092929292929293 0.7086868686868687
0.25 0.5777777777777778
0.26 0.5822222222222222
0.09555555555555555 0.46505050505050505
0.3845454545454545 0.6454545454545455
0.2709090909090909 0.5789898989898989
0.28444444444444444 0.6122222222222222
0.4127272727272727 0.7290909090909091
0.19757575757575757 0.6157575757575758
0.2195959595959596 0.5652525252525253
0.33252525252525256 0.5974747474747475
0.32212121212121214 0.7481818181818183
0.27636363636363637 0.5536363636363637
0.2613131313131313 0.6129292929292929
0.34585858585858587 0.6488888888888888
0.3375757575757576 0.6518181818181819
0.28363636363636363 0.6233333333333333
0.2213131313131313 0.5669696969696969
0.33505050505050504 0.7158585858585859
0.37 0.7033333333333334
0.32252525252525255 0.5918181818181818
0.29454545454545455 0.6149494949494949
0.24303030303030304 0.5945454545454545
0.2992929292929293 0.6196969696969696
0.29474747474747476 0.725050505050505
0.2278787878787879 0.5618181818181819
0.3848484848484849 0.7412121212121212
0.5900000000000001 0.838888888888889
0.45454545454545453 0.7644444444444445
0.1890909090909091 0.59
0.36636363636363634 0.7736363636363637
0.2470707070707071 0.5629292929292931
0.4786868686868687 0.7230303030303031
0.4908080808080808 0.7372727272727273
0.3827272727272727 0.6918181818181819
0.30787878787878786 0.616969696969697
0.15757575757575756 0.5687878787878788
0.3754545454545455 0.6527272727272727
0.32686868686868686 0.5874747474747475
0.4909090909090909 0.9468686868686869
0.3678787878787879 0.6718181818181819
0.3063636363636364 0.5836363636363637
0.38181818181818183 0.7098989898989898
0.27505050505050505 0.7760606060606061
0.22323232323232323 0.6951515151515151
0.48888888888888893 0.8166666666666667
0.40181818181818185 0.6927272727272726
0.3196969696969697 0.8463636363636364
0.38636363636363635 0.6536363636363636
0.356969696969697 0.7206060606060607
0.3095959595959596 0.6493939393939394
0.40828282828282825 0.8008080808080809
0.3936363636363637 0.8590909090909091
0.36909090909090914 0.666060606060606
0.14454545454545453 0.5487878787878788
0.2613131313131313 0.6129292929292929
0.46444444444444444 0.7355555555555556
0.4324242424242425 0.7363636363636363
0.2544444444444444 0.5933333333333333
0.33505050505050504 0.7158585858585859
0.11757575757575758 0.436969696969697
0.42272727272727273 0.7390909090909091
0.22090909090909092 0.5340404040404041
0.2874747474747475 0.6155555555555556
0.4418181818181819 0.76989898989899
0.3975757575757576 0.6933333333333334
0.4772727272727273 0.7536363636363637
0.4691919191919192 0.7661616161616162
0.2793939393939394 0.631010101010101
0.20020202020202021 0.5822222222222222
0.42898989898989903 0.7160606060606061
0.21505050505050505 0.6143434343434343
0.07515151515151515 0.4634343434343434
0.3844444444444444 0.6555555555555556
0.16343434343434343 0.5577777777777778
0.2881818181818182 0.6636363636363637
0.25181818181818183 0.620909090909091
0.26474747474747473 0.6221212121212121
0.19474747474747475 0.5644444444444445
0.36393939393939395 0.7271717171717171
0.5206060606060606 0.7709090909090909
0.2224242424242424 0.7109090909090909
0.2709090909090909 0.6344444444444445
0.44272727272727275 0.6972727272727273
0.31939393939393945 0.682929292929293
0.3725252525252525 0.6374747474747475
0.3750505050505051 0.7608080808080808
0.2581818181818182 0.6272727272727273
0.3095959595959596 0.6435353535353535
0.38727272727272727 0.7269696969696969
0.2547474747474747 0.6182828282828282
0.45979797979797976 0.7696969696969697
0.22959595959595958 0.5752525252525252
0.28404040404040404 0.585959595959596
0.33666666666666667 0.7166666666666667
0.2650505050505051 0.6458585858585859
0.09333333333333334 0.5857575757575758
0.3406060606060606 0.7609090909090909
0.13515151515151516 0.5804040404040404
0.321010101010101 0.6240404040404041
0.3850505050505051 0.7708080808080808
0.36454545454545456 0.6796969696969697
0.2776767676767677 0.7405050505050506
0.35090909090909095 0.6488888888888888
0.3975757575757576 0.8366666666666667
0.36454545454545456 0.7757575757575759
0.3202020202020202 0.6834343434343434
0.26272727272727275 0.576969696969697
0.5121212121212121 0.7751515151515151
0.25848484848484854 0.6557575757575759
0.39454545454545453 0.7044444444444444
0.29181818181818187 0.6312121212121213
0.13616161616161615 0.562020202020202
0.36060606060606065 0.6236363636363638
0.43818181818181823 0.7490909090909091
0.3339393939393939 0.7096969696969697
0.5275757575757576 0.8315151515151515
0.1681818181818182 0.5372727272727273
0.11444444444444445 0.6057575757575758
0.21505050505050505 0.6075757575757575
0.21505050505050505 0.5958585858585859
0.32727272727272727 0.6669696969696971
0.30303030303030304 0.6545454545454545
0.33606060606060606 0.8166666666666667
0.4825252525252526 0.7474747474747475
0.32282828282828285 0.7604040404040404
0.23343434343434344 0.601919191919192
0.045959595959595964 0.4792929292929293
0.3017171717171717 0.6122222222222222
0.2963636363636364 0.7109090909090909
0.29404040404040405 0.5910101010101011
0.4772727272727273 0.7545454545454546
0.35545454545454547 0.6893939393939394
0.37272727272727274 0.6715151515151516
0.43929292929292935 0.7544444444444445
0.4164646464646465 0.7734343434343436
0.23727272727272727 0.5378787878787878
0.4727272727272728 0.7836363636363637
0.28474747474747475 0.6421212121212121
0.2731313131313131 0.6761616161616162
0.42454545454545456 0.7344444444444445
0.39454545454545453 0.714949494949495
0.3281818181818182 0.5974747474747475
0.38343434343434346 0.7583838383838384
0.3281818181818182 0.65
0.3978787878787879 0.7318181818181819
0.43828282828282833 0.7170707070707072
0.28363636363636363 0.6175757575757577
0.4655555555555556 0.7455555555555556
0.29101010101010105 0.588989898989899
0.29828282828282826 0.684040404040404
0.295959595959596 0.598989898989899
0.36757575757575756 0.651010101010101
0.13 0.5499999999999999
0.2374747474747475 0.576868686868687
0.2872727272727273 0.5781818181818181
0.26212121212121214 0.6075757575757575
0.27242424242424246 0.6421212121212121
0.343030303030303 0.6945454545454546
0.41060606060606064 0.6736363636363636
0.22313131313131312 0.6190909090909091
0.3578787878787879 0.6918181818181819
0.40636363636363637 0.6836363636363636
0.4138383838383839 0.6874747474747476
0.33181818181818185 0.7754545454545455
0.42888888888888893 0.6955555555555556
0.3678787878787879 0.7133333333333334
0.32727272727272727 0.6545454545454545
0.3013131313131313 0.658888888888889
0.356969696969697 0.6527272727272727
0.24545454545454545 0.5397979797979797
0.25595959595959594 0.5640404040404041
0.16424242424242425 0.6915151515151515
0.30000000000000004 0.6277777777777778
0.32545454545454544 0.6292929292929292
0.463030303030303 0.8084848484848485
0.19515151515151516 0.6327272727272727
0.3274747474747475 0.7148484848484848
0.4927272727272728 0.7981818181818182
0.09000000000000001 0.5890909090909091
0.3563636363636364 0.6381818181818182
0.35050505050505054 0.7012121212121213
0.33474747474747474 0.6982828282828283
0.22909090909090907 0.6509090909090909
0.20696969696969697 0.5645454545454546
0.41101010101010105 0.638989898989899
0.42090909090909095 0.7784848484848486
0.22313131313131312 0.6403030303030304
0.1998989898989899 0.5813131313131313
0.24545454545454545 0.5911111111111111
0.2867676767676768 0.6782828282828283
0.23545454545454544 0.5752525252525252
0.3602020202020202 0.7561616161616161
0.28979797979797983 0.6102020202020202
0.19757575757575757 0.6135353535353536
0.26989898989898986 0.6751515151515152
0.4221212121212121 0.7790909090909092
0.4509090909090909 0.706969696969697
0.19333333333333336 0.58
0.35474747474747476 0.7635353535353536
0.36797979797979796 0.803030303030303
0.38090909090909086 0.688989898989899
0.2284848484848485 0.6327272727272728
0.3624242424242424 0.7506060606060606
0.2509090909090909 0.558989898989899
0.1809090909090909 0.488989898989899
0.30818181818181817 0.63
0.2773737373737374 0.772020202020202
0.25727272727272726 0.6148484848484848
0.40444444444444444 0.7322222222222222
0.434949494949495 0.7150505050505052
0.23343434343434344 0.6148484848484849
0.2778787878787879 0.6060606060606061
0.27636363636363637 0.6909090909090909
0.3615151515151515 0.7657575757575759
0.32676767676767676 0.7045454545454546
0.446969696969697 0.8219191919191919
0.2773737373737374 0.8558585858585859
0.006464646464646465 0.3814141414141414
0.36333333333333334 0.7433333333333334
0.3134343434343434 0.6948484848484848
0.49212121212121207 0.7509090909090909
0.2927272727272727 0.6018181818181818
0.24757575757575756 0.6587878787878788
0.30393939393939395 0.6922222222222223
0.09454545454545454 0.5309090909090909
0.3727272727272728 0.6890909090909092
0.2864646464646465 0.6496969696969698
0.415050505050505 0.7958585858585858
0.2312121212121212 0.6554545454545454
0.06464646464646465 0.4719191919191919
0.2784848484848485 0.6592929292929294
0.31363636363636366 0.6475757575757576
0.3545454545454546 0.6195959595959597
0.17191919191919192 0.5658585858585858
0.10212121212121211 0.5627272727272727
0.35818181818181816 0.7145454545454546
0.24727272727272726 0.5929292929292929
0.166969696969697 0.5306060606060607
0.3015151515151515 0.6987878787878787
0.296969696969697 0.6719191919191918
0.41848484848484846 0.8575757575757577
0.2581818181818182 0.6272727272727273
0.3581818181818182 0.6690909090909092
0.32181818181818184 0.5990909090909091
0.30676767676767674 0.7051515151515151
0.32727272727272727 0.672929292929293
0.02 0.72
0.1985858585858586 0.5621212121212121
0.2863636363636364 0.7009090909090909
0.42 0.8266666666666667
0.39242424242424245 0.6833333333333333
0.408989898989899 0.6877777777777778
0.3716161616161616 0.7392929292929293
0.17777777777777778 0.5222222222222223
0.3205050505050505 0.6542424242424243
0.29333333333333333 0.6799999999999999
0.3825252525252525 0.6474747474747475
0.28545454545454546 0.6193939393939394
0.3175757575757576 0.6421212121212121
0.26181818181818184 0.5955555555555555
0.31292929292929295 0.5917171717171718
0.19787878787878788 0.5433333333333333
0.2981818181818182 0.6200000000000001
0.24161616161616162 0.6158585858585859
0.34131313131313135 0.692929292929293
0.2861616161616162 0.6255555555555556
0.3015151515151515 0.7143434343434343
0.39989898989898987 0.7619191919191919
0.38484848484848483 0.6478787878787878
0.353030303030303 0.6924242424242424
0.3521212121212121 0.7856565656565656
0.39181818181818184 0.7354545454545455
0.4078787878787879 0.7066666666666667
0.32161616161616163 0.6958585858585858
0.31545454545454543 0.7036363636363636
0.3821212121212121 0.7218181818181819
0.28242424242424247 0.5878787878787879
0.4125252525252525 0.6861616161616162
0.3488888888888889 0.6200000000000001
0.30000000000000004 0.6277777777777778
0.3578787878787879 0.686060606060606
0.327979797979798 0.7482828282828283
0.19545454545454546 0.546969696969697
0.25757575757575757 0.695050505050505
0.32212121212121214 0.6178787878787879
0.39474747474747474 0.7963636363636364
0.4027272727272727 0.7066666666666667
0.32272727272727275 0.6266666666666667
0.32181818181818184 0.6036363636363637
0.3985858585858586 0.7621212121212122
0.29454545454545455 0.8018181818181818
0.25242424242424244 0.6221212121212121
0.08939393939393939 0.4648484848484848
0.3475757575757576 0.6566666666666667
0.3098989898989899 0.6783838383838383
0.3613131313131313 0.7069696969696969
0.2363636363636364 0.5575757575757576
0.34090909090909094 0.6181818181818182
0.2674747474747475 0.6012121212121212
0.17242424242424242 0.5482828282828284
0.2578787878787879 0.5721212121212121
0.4409090909090909 0.7388888888888889
0.3144444444444444 0.6477777777777778
0.3844444444444444 0.6511111111111111
0.2981818181818182 0.6800000000000002
0.18666666666666668 0.5866666666666667
0.41000000000000003 0.7322222222222222
0.28363636363636363 0.6118181818181818
0.324040404040404 0.621010101010101
0.39444444444444443 0.7222222222222222
0.41080808080808084 0.7087878787878789
0.29020202020202024 0.5845454545454546
0.3717171717171718 0.676868686868687
0.317979797979798 0.7530303030303029
0.39646464646464646 0.7534343434343436
0.20535353535353537 0.5629292929292931
0.34818181818181815 0.7045454545454546
0.11181818181818182 0.5336363636363637
0.24333333333333335 0.63
0.37797979797979797 0.7982828282828283
0.12333333333333332 0.46222222222222215
0.17363636363636364 0.500909090909091
0.35494949494949496 0.6445454545454545
0.37797979797979797 0.813030303030303
0.3475757575757576 0.6566666666666667
0.40454545454545454 0.6695959595959595
0.3044444444444444 0.6322222222222222
0.3578787878787879 0.6618181818181819
0.12515151515151515 0.5780808080808081
0.1598989898989899 0.5348484848484849
0.34363636363636363 0.6833333333333333
0.343030303030303 0.6945454545454546
0.27989898989898987 0.6714141414141414
0.33636363636363636 0.6522222222222223
0.45686868686868687 0.7218181818181818
0.42181818181818187 0.7845454545454547
0.3392929292929293 0.6596969696969697
0.37454545454545457 0.7787878787878788
0.28828282828282825 0.6808080808080808
0.178989898989899 0.6568686868686868
0.00808080808080808 0.501010101010101
0.24787878787878787 0.5933333333333333
0.37454545454545457 0.6844444444444444
0.28020202020202023 0.6832323232323232
0.4 0.7277777777777779
0.36494949494949497 0.6403030303030303
0.34494949494949495 0.6297979797979798
0.17272727272727273 0.5054545454545455
0.26616161616161615 0.6112121212121212
0.24636363636363637 0.6681818181818182
0.29878787878787877 0.6296969696969696
0.315959595959596 0.6240404040404041
0.23272727272727273 0.6022222222222222
0.27101010101010103 0.6082828282828283
0.23848484848484852 0.6258585858585859
0.376969696969697 0.7345454545454546
0.2650505050505051 0.6458585858585859
0.1402020202020202 0.515959595959596
0.3790909090909091 0.7306060606060607
0.24363636363636365 0.5317171717171717
0.06090909090909091 0.4872727272727273
0.36474747474747476 0.7344444444444445
0.2833333333333333 0.6277777777777778
0.3790909090909091 0.676060606060606
0.05858585858585858 0.4335353535353535
0.11666666666666667 0.4966666666666667
0.33101010101010103 0.6468686868686869
0.3278787878787879 0.6733333333333333
0.4088888888888889 0.7366666666666667
0.3845454545454545 0.6454545454545455
0.1953535353535354 0.5469696969696971
0.45444444444444443 0.7711111111111111
0.3718181818181818 0.7112121212121213
0.3181818181818182 0.6989898989898989
0.2917171717171717 0.6236363636363638
0.2382828282828283 0.6240404040404041
0.3398989898989899 0.7019191919191919
0.32313131313131316 0.7261616161616161
0.3418181818181818 0.7109090909090909
0.23020202020202019 0.6184848484848484
0.30363636363636365 0.5917171717171718
0.3336363636363636 0.6663636363636364
0.34020202020202017 0.6297979797979798
0.29333333333333333 0.6733333333333333
0.17484848484848486 0.5566666666666668
0.334040404040404 0.626060606060606
0.4090909090909091 0.7110101010101011
0.40848484848484845 0.7918181818181818
0.29444444444444445 0.6222222222222222
0.32666666666666666 0.7066666666666667
0.42272727272727273 0.7266666666666667
0.1585858585858586 0.5221212121212122
0.39 0.7122222222222222
0.3381818181818182 0.6545454545454545
0.3892929292929293 0.6991919191919191
0.3009090909090909 0.5736363636363637
0.4085858585858586 0.7721212121212122
0.23989898989898992 0.6314141414141414
0.2978787878787879 0.6375757575757577
0.25646464646464645 0.6196969696969696
0.4027272727272727 0.7190909090909091
0.305959595959596 0.614040404040404
0.33474747474747474 0.6921212121212121
0.3661616161616162 0.7055555555555557
0.24474747474747477 0.6021212121212121
0.31727272727272726 0.65
0.27 0.5977777777777777
0.17181818181818184 0.5536363636363637
0.4313131313131313 0.7710101010101011
0.4492929292929293 0.7539393939393939
0.37212121212121213 0.6630303030303031
0.22474747474747475 0.582121212121212
0.25363636363636366 0.6854545454545454
0.181010101010101 0.512929292929293
0.4582828282828283 0.7417171717171718
0.44545454545454544 0.6745454545454546
0.2312121212121212 0.6998989898989899
0.28050505050505053 0.61989898989899
0.07474747474747474 0.5456565656565656
0.4115151515151515 0.8436363636363635
0.31303030303030305 0.6766666666666667
0.2964646464646465 0.6596969696969698
0.261010101010101 0.5822222222222223
0.20646464646464646 0.5696969696969697
0.24787878787878787 0.576060606060606
0.36444444444444446 0.6355555555555555
0.37373737373737376 0.7193939393939394
0.38181818181818183 0.7155555555555555
0.2990909090909091 0.6010101010101011
0.23303030303030303 0.5966666666666667
0.29424242424242425 0.8077777777777778
0.3563636363636364 0.7075757575757575
0.38727272727272727 0.7090909090909091
0.13565656565656564 0.4675757575757575
0.34212121212121216 0.7756565656565656
0.2681818181818182 0.59
0.3195959595959596 0.6535353535353535
0.33585858585858586 0.643939393939394
0.26 0.66
0.416969696969697 0.7030303030303031
0.286060606060606 0.689090909090909
0.28959595959595963 0.6293939393939394
0.2736363636363636 0.59
0.2582828282828283 0.5417171717171717
0.21454545454545454 0.6187878787878788
0.25636363636363635 0.5722222222222223
0.3718181818181818 0.8518181818181818
0.35555555555555557 0.6833333333333333
0.33181818181818185 0.6542424242424243
0.18363636363636365 0.623030303030303
0.435959595959596 0.7288888888888889
0.4590909090909091 0.7511111111111111
0.39666666666666667 0.7766666666666667
0.42828282828282827 0.8072727272727273
0.29363636363636364 0.6390909090909092
0.3481818181818182 0.6754545454545455
0.29363636363636364 0.6218181818181818
0.4209090909090909 0.7188888888888889
0.27616161616161616 0.6098989898989899
0.3645454545454545 0.6254545454545455
0.4372727272727273 0.7184848484848485
0.19797979797979798 0.610909090909091
0.1384848484848485 0.6081818181818183
0.21474747474747474 0.5906060606060606
0.04666666666666666 0.5366666666666666
0.39 0.7833333333333334
0.3598989898989899 0.7283838383838384
0.2719191919191919 0.695050505050505
0.2963636363636364 0.6648484848484849
0.40181818181818185 0.7298989898989899
0.2644444444444444 0.5922222222222222
0.37 0.6866666666666668
0.4336363636363637 0.7170707070707072
0.2678787878787879 0.576969696969697
0.3478787878787879 0.6818181818181819
0.34565656565656566 0.6668686868686869
0.31666666666666665 0.7166666666666667
0.22818181818181818 0.5972727272727273
0.25636363636363635 0.5336363636363637
0.30363636363636365 0.5917171717171718
0.2642424242424243 0.7529292929292929
0.37272727272727274 0.6818181818181819
0.2590909090909091 0.6045454545454545
0.12484848484848485 0.47555555555555545
0.38181818181818183 0.7036363636363636
0.20181818181818184 0.5772727272727273
0.24424242424242426 0.7246464646464648
0.4354545454545454 0.6645454545454546
0.384040404040404 0.676060606060606
0.2863636363636364 0.6548484848484849
0.3615151515151515 0.7587878787878788
0.2644444444444444 0.6088888888888888
0.2870707070707071 0.5975757575757576
0.3003030303030303 0.773030303030303
0.327979797979798 0.7611111111111111
0.41666666666666663 0.7966666666666666
0.23323232323232324 0.6756565656565656
0.39444444444444443 0.6699999999999999
0.4775757575757576 0.7763636363636364
0.22151515151515153 0.6257575757575758
0.4502020202020202 0.8071717171717171
0.44636363636363635 0.7190909090909091
0.4718181818181818 0.7942424242424243
0.4072727272727273 0.6981818181818182
0.1384848484848485 0.5930303030303031
0.15696969696969698 0.5383838383838384
0.3678787878787879 0.7193939393939394
0.2175757575757576 0.6427272727272728
0.2963636363636364 0.5781818181818182
0.3118181818181818 0.7481818181818182
0.33545454545454545 0.6811111111111111
0.2398989898989899 0.6342424242424243
0.40494949494949495 0.6897979797979799
0.3766666666666667 0.7633333333333334
0.24646464646464647 0.6034343434343434
0.4490909090909091 0.7312121212121212
0.26363636363636367 0.6090909090909091
0.34131313131313135 0.692929292929293
0.2284848484848485 0.6224242424242425
0.3372727272727273 0.6427272727272727
0.2213131313131313 0.5669696969696969
0.18818181818181817 0.5154545454545455
0.41373737373737374 0.7535353535353535
0.3281818181818182 0.7036363636363636
0.31 0.6377777777777778
0.454040404040404 0.741111111111111
0.33979797979797977 0.6602020202020202
0.21333333333333332 0.6266666666666667
0.03888888888888889 0.5444444444444444
0.32181818181818184 0.6972727272727273
0.398989898989899 0.6910101010101011
0.36313131313131314 0.7803030303030304
0.2198989898989899 0.5883838383838383
0.41404040404040404 0.7396969696969697
0.33545454545454545 0.6752525252525253
0.37313131313131315 0.7761616161616162
0.2203030303030303 0.7154545454545455
0.33474747474747474 0.7044444444444444
0.32161616161616163 0.6958585858585858
0.30666666666666664 0.6933333333333334
0.4441414141414141 0.7361616161616161
0.18131313131313131 0.538888888888889
0.3392929292929293 0.6702020202020202
0.26272727272727275 0.5718181818181819
0.3018181818181819 0.62989898989899
0.31272727272727274 0.6166666666666667
0.3175757575757576 0.6266666666666667
0.2831313131313131 0.6861616161616162
0.22676767676767678 0.6251515151515152
0.4444444444444445 0.7666666666666667
0.36636363636363634 0.6336363636363636
0.15515151515151515 0.6080808080808081
0.451010101010101 0.6864646464646464
0.29454545454545455 0.5554545454545455
0.33414141414141413 0.641010101010101
0.42898989898989903 0.7217171717171718
0.5132323232323233 0.8886868686868686
0.34909090909090906 0.6945454545454546
0.24343434343434345 0.6248484848484849
0.12424242424242422 0.6339393939393939
0.41101010101010105 0.7268686868686869
0.2817171717171717 0.5975757575757576
0.28474747474747475 0.6421212121212121
0.33676767676767677 0.7282828282828283
0.24787878787878787 0.5518181818181819
0.426969696969697 0.7724242424242425
0.38363636363636366 0.7000000000000001
0.2581818181818182 0.5745454545454546
0.311010101010101 0.6268686868686869
0.32 0.6000000000000001
0.08777777777777779 0.5665656565656566
0.39474747474747474 0.8035353535353535
0.46646464646464647 0.8234343434343434
0.4272727272727273 0.7181818181818183
0.08141414141414141 0.46969696969696967
0.22545454545454546 0.5652525252525253
0.25171717171717173 0.5675757575757576
0.36171717171717177 0.6722222222222223
0.37303030303030305 0.7184848484848485
0.25404040404040407 0.555959595959596
0.17363636363636364 0.5133333333333334
0.3013131313131313 0.652929292929293
0.29020202020202024 0.5845454545454546
0.3902020202020202 0.7471717171717173
0.2631313131313131 0.6732323232323232
0.23363636363636364 0.5263636363636364
0.18272727272727274 0.5021212121212121
0.31787878787878787 0.6518181818181819
0.374040404040404 0.6891919191919191
0.3672727272727273 0.6581818181818182
0.24444444444444444 0.6877777777777777
0.3847474747474747 0.7935353535353535
0.3888888888888889 0.6555555555555556
0.2085858585858586 0.5782828282828283
0.3012121212121212 0.7618181818181817
0.20717171717171717 0.6780808080808081
0.26212121212121214 0.5578787878787879
0.3398989898989899 0.7083838383838383
0.30020202020202025 0.5897979797979799
0.09454545454545454 0.5309090909090909
0.3781818181818182 0.6518181818181819
0.3075757575757576 0.6166666666666667
0.31020202020202026 0.5997979797979799
0.30787878787878786 0.6418181818181818
0.22989898989898988 0.6048484848484849
0.3288888888888889 0.6733333333333333
0.306969696969697 0.6584848484848486
0.2082828282828283 0.594040404040404
0.3154545454545455 0.6050505050505052
0.46060606060606063 0.7236363636363636
0.3106060606060606 0.5651515151515152
0.27080808080808083 0.5940404040404041
0.20363636363636367 0.5490909090909092
0.27303030303030307 0.6245454545454545
0.4441414141414141 0.7361616161616161
0.2537373737373737 0.6052525252525253
0.2581818181818182 0.5800000000000001
0.3334343434343434 0.7148484848484848
0.2963636363636364 0.5781818181818182
0.3190909090909091 0.6645454545454546
0.2275757575757576 0.6435353535353536
0.32151515151515153 0.714040404040404
0.16454545454545455 0.6309090909090909
0.4672727272727273 0.7484848484848485
0.4172727272727273 0.762929292929293
0.4436363636363636 0.7224242424242424
0.28101010101010104 0.612929292929293
0.38676767676767676 0.6413131313131313
0.166969696969697 0.5306060606060607
0.23282828282828283 0.6704040404040403
0.32393939393939397 0.6934343434343434
0.308989898989899 0.6010101010101011
0.3616161616161616 0.7292929292929293
0.2861616161616162 0.6142424242424243
0.33545454545454545 0.6250505050505051
0.4102020202020202 0.8768686868686868
0.13616161616161615 0.47555555555555545
0.3481818181818182 0.6590909090909092
0.34494949494949495 0.6297979797979798
0.3195959595959596 0.6593939393939394
0.2597979797979798 0.5854545454545454
0.21666666666666667 0.61
0.3463636363636364 0.6136363636363638
0.38181818181818183 0.7042424242424242
0.3016161616161616 0.6824242424242424
0.2727272727272727 0.6000000000000001
0.22363636363636363 0.5633333333333334
0.3518181818181818 0.6336363636363637
0.35929292929292933 0.6691919191919192
0.3821212121212121 0.6633333333333333
0.37585858585858584 0.6738383838383839
0.37212121212121213 0.706060606060606
0.3098989898989899 0.6848484848484848
0.4175757575757576 0.7215151515151516
0.2733333333333333 0.6122222222222222
0.2909090909090909 0.6544444444444445
0.44727272727272727 0.7333333333333334
0.11303030303030304 0.5114141414141414
0.4413131313131313 0.7869696969696971
0.3054545454545455 0.6511111111111112
0.45444444444444443 0.7300000000000001
0.4575757575757576 0.7563636363636363
0.31252525252525254 0.5774747474747475
0.24272727272727274 0.5754545454545454
0.3954545454545455 0.6245454545454545
0.3934343434343434 0.7619191919191919
0.4990909090909091 0.8506060606060606
0.13191919191919194 0.538989898989899
0.4217171717171717 0.7375757575757576
0.3147474747474748 0.6721212121212121
0.37797979797979797 0.813030303030303
0.4813131313131313 0.8090909090909091
0.4404040404040404 0.7054545454545456
0.36404040404040405 0.661010101010101
0.3621212121212121 0.6481818181818182
0.37292929292929294 0.6070707070707071
0.41060606060606064 0.6821212121212121
0.336969696969697 0.6327272727272727
0.3261616161616162 0.65989898989899
0.3009090909090909 0.608989898989899
0.39181818181818184 0.7545454545454546
0.29343434343434344 0.661919191919192
0.3566666666666667 0.7433333333333334
0.33595959595959596 0.633939393939394
0.33636363636363636 0.6136363636363638
0.22020202020202018 0.5896969696969696
0.2795959595959596 0.6135353535353536
0.3428282828282828 0.5913131313131313
0.34393939393939393 0.7259595959595959
0.314040404040404 0.6159595959595959
0.2831313131313131 0.6861616161616162
0.3717171717171718 0.6875757575757576
0.23535353535353537 0.6482828282828282
0.2 0.5388888888888889
0.4013131313131313 0.7469696969696971
0.44272727272727275 0.7518181818181819
0.3682828282828283 0.6563636363636364
0.3463636363636364 0.6622222222222223
0.08484848484848485 0.5303030303030304
0.43959595959595965 0.7793939393939395
0.38 0.6555555555555556
0.4428282828282828 0.6995959595959597
0.33131313131313134 0.6769696969696971
0.4161616161616162 0.7442424242424244
0.3790909090909091 0.6810101010101011
0.2547474747474747 0.6182828282828282
0.3090909090909091 0.601111111111111
0.42909090909090913 0.7260606060606061
0.2690909090909091 0.5809090909090909
0.46090909090909093 0.7487878787878788
0.3986868686868687 0.6595959595959595
0.1590909090909091 0.6027272727272728
0.5171717171717172 0.73989898989899
0.3572727272727273 0.6481818181818182
0.16343434343434343 0.5189898989898991
0.41929292929292933 0.7291919191919192
0.20646464646464646 0.5696969696969697
0.30818181818181817 0.63
0.3161616161616162 0.64989898989899
0.1616161616161616 0.693939393939394
0.30252525252525253 0.9313131313131313
0.19303030303030305 0.5506060606060607
0.2302020202020202 0.6403030303030304
0.40070707070707073 0.6855555555555556
0.10141414141414141 0.48343434343434344
0.26666666666666666 0.6466666666666667
0.38545454545454544 0.6750505050505051
0.2992929292929293 0.6144444444444445
0.3982828282828283 0.6724242424242425
0.31303030303030305 0.6645454545454546
0.28363636363636363 0.6118181818181818
0.30272727272727273 0.6245454545454545
0.3278787878787879 0.636969696969697
0.07272727272727272 0.46060606060606063
0.35050505050505054 0.788080808080808
0.3785858585858586 0.7421212121212122
0.19646464646464645 0.5596969696969697
0.39181818181818184 0.6599999999999999
0.198989898989899 0.5009090909090909
0.3902020202020202 0.6703030303030303
0.45959595959595956 0.7876767676767678
0.5051515151515151 0.9051515151515152
0.26121212121212123 0.6854545454545454
0.3927272727272727 0.7090909090909091
0.4027272727272727 0.7534343434343436
0.36888888888888893 0.6399999999999999
0.3936363636363637 0.6817171717171717
0.381010101010101 0.6968686868686869
0.3972727272727273 0.7245454545454546
0.22474747474747475 0.6478787878787879
0.21585858585858586 0.528989898989899
0.1 0.5727272727272728
0.38727272727272727 0.6690909090909091
0.3817171717171718 0.6922222222222223
0.20313131313131313 0.6718181818181818
0.2815151515151515 0.6808080808080808
0.3115151515151515 0.7175757575757575
0.4592929292929293 0.7586868686868686
0.4490909090909091 0.7361616161616161
0.42474747474747476 0.775959595959596
0.3245454545454546 0.6396969696969697
0.19373737373737376 0.5452525252525253
0.39474747474747474 0.7459595959595959
0.33181818181818185 0.7009090909090909
0.20343434343434344 0.5719191919191919
0.35 0.6255555555555555
0.30757575757575756 0.7466666666666667
0.19323232323232326 0.6282828282828283
0.2082828282828283 0.6008080808080808
0.2621212121212121 0.6956565656565656
0.24404040404040403 0.5410101010101009
0.2605050505050505 0.6112121212121212
0.28505050505050505 0.6724242424242426
0.3898989898989899 0.7713131313131314
0.314040404040404 0.6159595959595959
0.2381818181818182 0.62
0.20666666666666667 0.5933333333333334
0.23272727272727273 0.546969696969697
0.3798989898989899 0.7483838383838384
0.37090909090909097 0.6527272727272727
0.35171717171717176 0.6729292929292929
0.376969696969697 0.7284848484848485
0.00787878787878788 0.4884848484848485
0.5318181818181819 0.8881818181818182
0.33080808080808083 0.643939393939394
0.5145454545454545 0.763030303030303
0.3690909090909091 0.7206060606060607
0.24333333333333335 0.6233333333333333
0.408989898989899 0.705959595959596
0.37686868686868685 0.6461616161616162
0.4031313131313131 0.8839393939393938
0.393030303030303 0.7384848484848485
0.20393939393939392 0.5671717171717171
0.2872727272727273 0.621010101010101
0.30000000000000004 0.6277777777777778
0.26474747474747473 0.6735353535353535
0.33636363636363636 0.6468686868686869
0.295959595959596 0.6040404040404042
0.33090909090909093 0.6081818181818182
0.21303030303030301 0.5645454545454546
0.3063636363636364 0.632929292929293
0.3281818181818182 0.6972727272727273
0.36929292929292934 0.6896969696969697
0.5336363636363637 0.8077777777777778
0.42444444444444446 0.6911111111111111
0.3595959595959596 0.7856565656565656
0.2407070707070707 0.535050505050505
0.3936363636363636 0.7160606060606061
0.21000000000000002 0.5966666666666667
0.4405050505050505 0.9487878787878787
0.393030303030303 0.7445454545454546
0.3290909090909091 0.6454545454545455
0.4598989898989899 0.8930303030303031
0.2882828282828283 0.5717171717171718
0.3044444444444444 0.6322222222222222
0.2604040404040404 0.6978787878787879
0.25707070707070706 0.5782828282828283
0.5645454545454546 0.905959595959596
0.18595959595959596 0.49909090909090914
0.36727272727272725 0.712929292929293
0.3564646464646465 0.7196969696969697
0.4163636363636364 0.6936363636363636
0.2213131313131313 0.5669696969696969
0.38494949494949493 0.7275757575757575
0.3092929292929293 0.6244444444444445
0.3797979797979798 0.6791919191919192
0.2581818181818182 0.5800000000000001
0.28505050505050505 0.6724242424242426
0.4085858585858586 0.7782828282828284
0.30363636363636365 0.6433333333333333
0.3015151515151515 0.6987878787878787
0.3764646464646465 0.7459595959595959
0.4463636363636364 0.7568686868686869
0.2961616161616162 0.6242424242424243
0.3113131313131313 0.6748484848484849
0.261010101010101 0.5661616161616162
0.2081818181818182 0.5772727272727273
0.2715151515151515 0.6775757575757576
0.2127272727272727 0.5218181818181818
0.3115151515151515 0.731111111111111
0.29343434343434344 0.661919191919192
0.29454545454545455 0.7266666666666666
0.32 0.6422222222222222
0.2734343434343435 0.6483838383838384
0.25535353535353533 0.601010101010101
0.3666666666666667 0.7466666666666667
0.1795959595959596 0.5252525252525253
0.30333333333333334 0.6966666666666665
0.5008080808080808 0.7472727272727273
0.2961616161616162 0.62989898989899
0.1585858585858586 0.5344444444444445
0.2613131313131313 0.6129292929292929
0.2927272727272727 0.6559595959595961
0.22212121212121214 0.5733333333333334
0.38636363636363635 0.7022222222222223
0.3202020202020202 0.6896969696969697
0.21313131313131314 0.6232323232323232
0.4772727272727273 0.81
0.32252525252525255 0.5874747474747475
0.4092929292929293 0.7191919191919192
0.4 0.7222222222222222
0.3825252525252525 0.6518181818181819
0.1809090909090909 0.483939393939394
0.3797979797979798 0.6844444444444444
0.3463636363636364 0.6190909090909091
0.32 0.6000000000000001
0.32 0.6422222222222222
0.38242424242424244 0.6733333333333333
0.28575757575757577 0.7887878787878788
0.27616161616161616 0.6042424242424242
0.26545454545454544 0.6052525252525253
0.4363636363636364 0.7415151515151516
0.34444444444444444 0.7955555555555555
0.3618181818181818 0.6842424242424243
0.43373737373737375 0.7735353535353535
0.3821212121212121 0.6681818181818182
0.2545454545454545 0.574949494949495
0.2306060606060606 0.673030303030303
0.46545454545454545 0.7455555555555555
0.3284848484848485 0.8057575757575758
0.2316161616161616 0.6124242424242425
0.3763636363636364 0.6922222222222223
0.2861616161616162 0.61989898989899
0.2495959595959596 0.6756565656565656
0.2274747474747475 0.5725252525252527
0.24666666666666667 0.6822222222222222
0.3390909090909091 0.7681818181818182
0.0997979797979798 0.5527272727272727
0.20595959595959598 0.6946464646464647
0.4818181818181818 0.7985858585858587
0.42090909090909095 0.7784848484848486
0.3195959595959596 0.6652525252525253
0.35474747474747476 0.7059595959595959
0.2981818181818182 0.6200000000000001
0.24909090909090909 0.555959595959596
0.4363636363636364 0.7522222222222223
0.3990909090909091 0.6911111111111112
0.44272727272727275 0.6972727272727273
0.29181818181818187 0.6312121212121213
0.3154545454545455 0.6145454545454546
0.4490909090909091 0.6947474747474747
0.3584848484848485 0.7487878787878788
0.4318181818181818 0.8009090909090908
0.3513131313131313 0.6969696969696969
0.21474747474747474 0.5721212121212121
0.44161616161616163 0.8224242424242423
0.29343434343434344 0.6748484848484849
0.33333333333333337 0.7133333333333334
0.3115151515151515 0.7157575757575758
0.2403030303030303 0.6893939393939394
0.4581818181818182 0.8145454545454545
0.23505050505050507 0.6208080808080808
0.3061616161616162 0.6455555555555557
0.23959595959595958 0.5911111111111111
0.2545454545454546 0.6236363636363637
0.3209090909090909 0.623939393939394
0.37 0.6922222222222223
0.2736363636363636 0.5954545454545455
0.2681818181818182 0.630909090909091
0.4127272727272727 0.7290909090909091
0.30757575757575756 0.5817171717171717
0.40494949494949495 0.6850505050505051
0.22363636363636363 0.5575757575757576
0.4354545454545454 0.6645454545454546
0.2506060606060606 0.6635353535353535
0.4991919191919192 0.7912121212121213
0.295959595959596 0.6040404040404042
0.28121212121212125 0.7130303030303031
0.3490909090909091 0.646060606060606
0.24696969696969695 0.5924242424242424
0.46252525252525256 0.7187878787878788
0.3247474747474748 0.6821212121212121
0.2678787878787879 0.6075757575757575
0.2315151515151515 0.6287878787878788
0.40828282828282825 0.7872727272727272
0.3468686868686869 0.6074747474747475
0.2685858585858586 0.6444444444444445
0.49909090909090914 0.7960606060606061
0.40979797979797983 0.7196969696969697
0.3018181818181819 0.670909090909091
0.3827272727272727 0.6332323232323231
0.3090909090909091 0.6545454545454545
0.22151515151515153 0.6187878787878788
0.4090909090909091 0.7110101010101011
0.17313131313131314 0.5832323232323231
0.44181818181818183 0.9087878787878787
0.3981818181818182 0.7672727272727273
0.26202020202020204 0.6252525252525253
0.3806060606060606 0.6478787878787878
0.2702020202020202 0.645959595959596
0.41848484848484846 0.8157575757575757
0.3978787878787879 0.7552525252525253
0.28595959595959597 0.588989898989899
0.28454545454545455 0.7027272727272726
0.33191919191919195 0.7389898989898991
0.34595959595959597 0.643939393939394
0.3202020202020202 0.6834343434343434
0.31787878787878787 0.6218181818181818
0.44636363636363635 0.7190909090909091
0.36 0.7666666666666667
0.3748484848484848 0.6336363636363636
0.3378787878787879 0.6418181818181818
0.336969696969697 0.5812121212121213
0.35363636363636364 0.6990909090909092
0.30333333333333334 0.6588888888888889
0.1598989898989899 0.5477777777777778
0.301010101010101 0.6275757575757576
0.38181818181818183 0.7155555555555555
0.10696969696969696 0.48838383838383836
0.2809090909090909 0.6321212121212121
0.38161616161616163 0.7558585858585859
0.16181818181818183 0.530909090909091
0.2613131313131313 0.6069696969696969
0.32303030303030306 0.6806060606060607
0.2821212121212121 0.6275757575757577
0.2875757575757576 0.5915151515151515
0.2790909090909091 0.6672727272727274
0.2978787878787879 0.6069696969696969
0.23909090909090908 0.545959595959596
0.31939393939393945 0.6948484848484849
0.2737373737373737 0.6252525252525253
0.32333333333333336 0.6622222222222223
0.20676767676767677 0.6051515151515152
0.43929292929292935 0.7544444444444445
0.29303030303030303 0.6445454545454545
0.38151515151515153 0.7857575757575758
0.34090909090909094 0.6388888888888888
0.38343434343434346 0.7583838383838384
0.13393939393939394 0.5096969696969696
0.21181818181818185 0.5512121212121213
0.3433333333333334 0.6877777777777778
0.17222222222222222 0.7576767676767677
0.12060606060606059 0.5556565656565656
0.1621212121212121 0.5956565656565657
0.36272727272727273 0.7259595959595959
0.34444444444444444 0.7877777777777777
0.39474747474747474 0.8393939393939394
0.4872727272727273 0.7264646464646465
0.23404040404040405 0.5310101010101009
0.3881818181818182 0.71
0.11757575757575756 0.5407070707070707
0.34505050505050505 0.724040404040404
0.4188888888888889 0.7411111111111112
0.45454545454545453 0.7591919191919192
0.11050505050505051 0.4983838383838384
0.38727272727272727 0.7145454545454546
0.5501010101010101 0.7798989898989899
0.3696969696969697 0.6670707070707071
0.31363636363636366 0.6017171717171718
0.4109090909090909 0.78
0.2215151515151515 0.6275757575757576
0.41444444444444445 0.7422222222222222
0.2602020202020202 0.7839393939393939
0.2545454545454546 0.63
0.5155555555555555 0.7866666666666666
0.2736363636363637 0.6133333333333333
0.18676767676767675 0.5851515151515152
0.34272727272727277 0.6645454545454546
0.2640404040404041 0.5709090909090909
0.24181818181818182 0.6172727272727273
0.23616161616161618 0.5755555555555556
0.5203030303030303 0.8415151515151515
0.43020202020202025 0.7103030303030303
0.2572727272727273 0.5578787878787879
0.1898989898989899 0.5951515151515152
0.2881818181818182 0.5574747474747475
0.22515151515151516 0.6627272727272727
0.3005050505050505 0.6342424242424243
0.19323232323232326 0.6163636363636364
0.2921212121212121 0.5878787878787879
0.13989898989898988 0.5314141414141413
0.2772727272727272 0.7693939393939394
0.2482828282828283 0.6408080808080808
0.39545454545454545 0.7352525252525253
0.4090909090909091 0.706060606060606
0.13606060606060605 0.5754545454545454
0.38181818181818183 0.7098989898989898
0.21989898989898993 0.632020202020202
0.343030303030303 0.6884848484848485
0.27545454545454545 0.6572727272727273
0.30363636363636365 0.6260606060606061
0.2864646464646465 0.6434343434343435
0.3398989898989899 0.7083838383838383
0.2778787878787879 0.6118181818181818
0.3053535353535354 0.662929292929293
0.351010101010101 0.6540404040404041
0.3281818181818182 0.6554545454545455
0.4875757575757576 0.7863636363636364
0.2881818181818182 0.5836363636363637
0.2963636363636364 0.6122222222222222
0.2981818181818182 0.660909090909091
0.20393939393939392 0.5859595959595959
0.25666666666666665 0.6366666666666667
0.35404040404040404 0.655959595959596
0.3382828282828283 0.6263636363636363
0.38363636363636366 0.7233333333333334
0.26646464646464646 0.6234343434343435
0.1676767676767677 0.5434343434343435
0.3497979797979798 0.664949494949495
0.4275757575757576 0.7315151515151516
0.47444444444444445 0.7411111111111112
0.5192929292929293 0.823939393939394
0.37383838383838386 0.6474747474747475
0.44333333333333336 0.8500000000000001
0.4086868686868687 0.6695959595959595
0.4109090909090909 0.7088888888888889
0.35171717171717176 0.6729292929292929
0.4503030303030303 0.7661616161616163
0.21151515151515152 0.604040404040404
0.22828282828282828 0.5117171717171717
0.276969696969697 0.6713131313131313
0.19111111111111112 0.6655555555555555
0.37828282828282833 0.7640404040404041
0.13595959595959595 0.6163636363636363
0.36 0.6822222222222223
0.42343434343434344 0.7983838383838383
0.3382828282828283 0.631010101010101
0.41909090909090907 0.7706060606060607
0.2590909090909091 0.6954545454545454
0.26989898989898986 0.6682828282828283
0.23454545454545456 0.6666666666666667
0.05868686868686869 0.6287878787878788
0.3792929292929293 0.6944444444444444
0.38151515151515153 0.7718181818181818
0.27616161616161616 0.6212121212121213
0.3472727272727273 0.6854545454545455
0.2792929292929293 0.6049494949494949
0.3813131313131313 0.721010101010101
0.2727272727272727 0.592121212121212
0.2974747474747475 0.6312121212121213
0.2290909090909091 0.5310101010101009
0.15212121212121213 0.4975757575757576
0.3427272727272727 0.6466666666666667
0.4272727272727273 0.7133333333333334
0.1714141414141414 0.5722222222222222
0.3304040404040404 0.5871717171717172
0.29666666666666663 0.6833333333333333
0.3844444444444444 0.7066666666666667
0.2863636363636364 0.6022222222222222
0.3327272727272727 0.646969696969697
0.26181818181818184 0.6245454545454545
0.3084848484848485 0.6987878787878787
0.24363636363636365 0.5718181818181818
0.1793939393939394 0.692929292929293
0.13181818181818183 0.5681818181818182
0.2721212121212121 0.6118181818181818
0.5056565656565657 0.8054545454545454
0.46818181818181814 0.8818181818181818
0.48909090909090913 0.7761616161616162
0.24505050505050507 0.6308080808080808
0.20454545454545456 0.6087878787878788
0.3563636363636364 0.6193939393939394
0.2378787878787879 0.546969696969697
0.396969696969697 0.7484848484848485
0.3513131313131313 0.6852525252525252
0.19363636363636366 0.48171717171717177
0.40070707070707073 0.6950505050505051
0.27303030303030307 0.6245454545454545
0.12343434343434344 0.5048484848484849
0.38161616161616163 0.7624242424242424
0.374040404040404 0.704949494949495
0.4348484848484848 0.6790909090909091
0.19585858585858587 0.508989898989899
0.36696969696969695 0.6151515151515152
0.3247474747474748 0.675959595959596
0.5481818181818182 0.9081818181818182
0.3790909090909091 0.6711111111111112
0.3241414141414141 0.626060606060606
0.509090909090909 0.7862626262626262
0.30818181818181817 0.63
0.3697979797979798 0.6744444444444444
0.36101010101010106 0.676868686868687
0.37686868686868685 0.6461616161616162
0.28505050505050505 0.6775757575757576
0.29161616161616166 0.6592929292929294
0.3563636363636364 0.6336363636363637
0.31545454545454543 0.6552525252525253
0.3374747474747475 0.7827272727272727
0.38181818181818183 0.6636363636363636
0.26171717171717174 0.582929292929293
0.14242424242424243 0.4381818181818182
0.32181818181818184 0.6442424242424243
0.3808080808080808 0.6272727272727273
0.37636363636363634 0.6436363636363636
