0.48363636363636364 0.537070707070707
0.4436363636363636 0.4947474747474747
0.5545454545454546 0.6078787878787879
0.5134343434343435 0.5715151515151515
0.5234343434343435 0.578989898989899
0.47595959595959597 0.527070707070707
0.435959595959596 0.488989898989899
0.45595959595959595 0.507070707070707
0.5219191919191919 0.5796969696969697
0.485959595959596 0.537070707070707
0.48343434343434344 0.538989898989899
0.4722222222222222 0.5233333333333333
0.42727272727272725 0.47818181818181815
0.47454545454545455 0.5296969696969697
0.4521212121212121 0.5054545454545454
0.520909090909091 0.5764646464646465
0.47969696969696973 0.5330303030303031
0.4672727272727273 0.5230303030303031
0.4344444444444445 0.48555555555555563
0.4872727272727273 0.5430303030303031
0.4897979797979798 0.544949494949495
0.4921212121212121 0.5478787878787879
0.4792929292929293 0.537070707070707
0.4436363636363636 0.49707070707070705
0.5045454545454546 0.5578787878787879
0.4496969696969697 0.5054545454545454
0.495959595959596 0.547070707070707
0.5072727272727273 0.5606060606060606
0.47545454545454546 0.5354545454545454
0.46595959595959596 0.517070707070707
0.4322222222222223 0.4833333333333334
0.525959595959596 0.5793939393939394
0.49090909090909096 0.5481818181818182
0.4672727272727273 0.5206060606060606
0.4383838383838384 0.4939393939393939
0.4706060606060606 0.5217171717171717
0.44727272727272727 0.5006060606060606
0.45595959595959595 0.507070707070707
0.47131313131313135 0.5247474747474747
0.4296969696969697 0.48303030303030303
0.4636363636363636 0.5147474747474747
0.46595959595959596 0.5215151515151515
0.4521212121212121 0.5054545454545454
0.4971717171717172 0.5523232323232323
0.4784848484848485 0.5315151515151515
0.44595959595959594 0.4993939393939394
0.4696969696969697 0.5206060606060606
0.4982828282828283 0.5493939393939394
0.46545454545454545 0.5254545454545454
0.4782828282828283 0.527070707070707
0.510909090909091 0.5664646464646464
0.4797979797979798 0.5375757575757576
0.4422222222222222 0.49111111111111105
0.47969696969696973 0.5330303030303031
0.41969696969696973 0.4730303030303031
0.44595959595959594 0.4993939393939394
0.47595959595959597 0.528989898989899
0.44999999999999996 0.5011111111111111
0.4782828282828283 0.5317171717171717
0.4484848484848485 0.4993939393939394
0.445959595959596 0.498989898989899
0.4683838383838384 0.5239393939393939
0.46454545454545454 0.5178787878787878
0.5172727272727273 0.5706060606060606
0.4772727272727273 0.5306060606060606
0.485959595959596 0.5393939393939394
0.46595959595959596 0.517070707070707
0.4384848484848485 0.4893939393939394
0.4621212121212121 0.5154545454545454
0.47363636363636363 0.5247474747474747
0.4821212121212121 0.5354545454545454
0.48131313131313136 0.5324242424242425
0.48363636363636364 0.537070707070707
0.4483838383838384 0.5039393939393939
0.49242424242424243 0.5481818181818182
0.5434343434343435 0.5964646464646465
0.4244444444444445 0.4733333333333334
0.4696969696969697 0.5206060606060606
0.49454545454545457 0.5478787878787879
0.4406060606060606 0.49404040404040406
0.44595959595959594 0.49707070707070705
0.5296969696969698 0.583030303030303
0.47454545454545455 0.5278787878787878
0.510909090909091 0.5664646464646464
0.45585858585858585 0.5114141414141414
0.4621212121212121 0.5178787878787878
0.4436363636363636 0.4947474747474747
0.4806060606060606 0.5317171717171717
0.44999999999999996 0.5011111111111111
0.485959595959596 0.5417171717171717
0.44727272727272727 0.5006060606060606
0.5044444444444445 0.5555555555555556
0.48363636363636364 0.5347474747474747
0.49363636363636365 0.5447474747474748
0.47595959595959597 0.527070707070707
0.4496969696969697 0.5006060606060606
0.5446464646464646 0.604040404040404
0.500909090909091 0.5581818181818182
0.48363636363636364 0.5347474747474747
0.44212121212121214 0.49303030303030304
0.47 0.5233333333333333
0.425959595959596 0.4770707070707071
0.510909090909091 0.563939393939394
0.4482828282828283 0.4993939393939394
0.5072727272727273 0.563030303030303
0.46595959595959596 0.5215151515151515
0.4682828282828283 0.5193939393939394
0.5384848484848486 0.5940404040404041
0.4309090909090909 0.4839393939393939
0.4827272727272727 0.5336363636363637
0.4634343434343434 0.518989898989899
0.4696969696969697 0.5230303030303031
0.4596969696969697 0.5154545454545454
0.49848484848484853 0.5540404040404041
0.485959595959596 0.5393939393939394
0.5059595959595959 0.5615151515151515
0.4821212121212121 0.5354545454545454
0.4572727272727273 0.5106060606060606
0.4534343434343434 0.5064646464646465
0.5254545454545455 0.5827272727272728
0.4622222222222222 0.5133333333333333
0.548989898989899 0.6112121212121212
0.4821212121212121 0.5354545454545454
0.5234343434343435 0.5815151515151515
0.4634343434343434 0.518989898989899
0.47454545454545455 0.5278787878787878
0.4921212121212121 0.5454545454545454
0.5296969696969698 0.583030303030303
0.48363636363636364 0.537070707070707
0.4344444444444445 0.4833333333333334
0.5121212121212121 0.5654545454545454
0.44212121212121214 0.49303030303030304
0.4782828282828283 0.5317171717171717
0.47363636363636363 0.5247474747474747
0.485959595959596 0.538989898989899
0.4422222222222222 0.49111111111111105
0.4954545454545455 0.5527272727272727
0.47363636363636363 0.5247474747474747
0.5254545454545455 0.5854545454545454
0.4536363636363636 0.5047474747474747
0.45595959595959595 0.507070707070707
0.4382828282828283 0.4893939393939394
0.4696969696969697 0.5254545454545454
0.49090909090909096 0.5464646464646465
0.45999999999999996 0.5111111111111111
0.4722222222222222 0.5233333333333333
0.44727272727272727 0.503030303030303
0.4722222222222222 0.5211111111111111
0.485959595959596 0.538989898989899
0.5021212121212122 0.5554545454545454
0.48969696969696974 0.5430303030303031
0.510909090909091 0.5736363636363637
0.4782828282828283 0.5293939393939394
0.5183838383838384 0.573939393939394
0.5283838383838384 0.5898989898989899
0.4861616161616162 0.5455555555555556
0.508888888888889 0.56
0.44272727272727275 0.49363636363636365
0.4521212121212121 0.5054545454545454
0.4436363636363636 0.49707070707070705
0.49969696969696975 0.5530303030303031
0.4706060606060606 0.5217171717171717
0.47969696969696973 0.5330303030303031
0.4596969696969697 0.5154545454545454
0.4706060606060606 0.5215151515151515
0.5171717171717172 0.574949494949495
0.4621212121212121 0.5130303030303031
0.5271717171717172 0.5823232323232324
0.495959595959596 0.548989898989899
0.45636363636363636 0.503030303030303
0.45666666666666667 0.5055555555555555
0.5034343434343435 0.558989898989899
0.47969696969696973 0.5330303030303031
0.4922222222222222 0.5433333333333333
0.4596969696969697 0.5130303030303031
0.4396969696969697 0.4906060606060606
0.44636363636363635 0.4951515151515151
0.4682828282828283 0.5193939393939394
0.4881818181818182 0.5454545454545454
0.5059595959595959 0.5593939393939393
0.47363636363636363 0.527070707070707
0.4719191919191919 0.5296969696969697
0.485959595959596 0.537070707070707
0.5054545454545455 0.566969696969697
0.4821212121212121 0.5354545454545454
0.4496969696969697 0.503030303030303
0.5119191919191919 0.5696969696969697
0.47595959595959597 0.527070707070707
0.5145454545454545 0.5723232323232323
0.49969696969696975 0.5530303030303031
0.485959595959596 0.537070707070707
0.46595959595959596 0.517070707070707
0.425959595959596 0.4770707070707071
0.4683838383838384 0.5214141414141414
0.5024242424242424 0.5575757575757576
0.47363636363636363 0.527070707070707
0.48090909090909095 0.5364646464646465
0.48343434343434344 0.538989898989899
0.49343434343434345 0.548989898989899
0.5021212121212122 0.5554545454545454
0.47969696969696973 0.5354545454545454
0.4897979797979798 0.5475757575757576
0.5345454545454545 0.5923232323232324
0.4422222222222222 0.49111111111111105
0.48343434343434344 0.538989898989899
0.5072727272727273 0.563030303030303
0.45595959595959595 0.5093939393939394
0.4871717171717172 0.5423232323232323
0.47595959595959597 0.5293939393939394
0.4682828282828283 0.5217171717171717
0.4572727272727273 0.5106060606060606
0.500909090909091 0.5564646464646466
0.42484848484848486 0.4806060606060606
0.5096969696969698 0.563030303030303
0.5134343434343435 0.568989898989899
0.4413131313131313 0.4947474747474747
0.4706060606060606 0.5217171717171717
0.4622222222222222 0.5133333333333333
0.48343434343434344 0.538989898989899
0.4582828282828283 0.5093939393939394
0.49090909090909096 0.5464646464646465
0.4727272727272728 0.5327272727272727
0.4782828282828283 0.5293939393939394
0.47 0.5188888888888888
0.4482828282828283 0.4993939393939394
0.4882828282828283 0.5417171717171717
0.4811111111111111 0.5322222222222222
0.5072727272727273 0.5606060606060606
0.4833333333333334 0.538888888888889
0.5306060606060606 0.5817171717171717
0.495959595959596 0.5493939393939394
0.48969696969696974 0.5430303030303031
0.495959595959596 0.5493939393939394
0.47454545454545455 0.5278787878787878
0.4572727272727273 0.5106060606060606
0.5121212121212121 0.5654545454545454
0.5134343434343435 0.568989898989899
0.49454545454545457 0.5478787878787879
0.5172727272727273 0.573030303030303
0.4721212121212121 0.5278787878787878
0.48343434343434344 0.538989898989899
0.44999999999999996 0.5011111111111111
0.495959595959596 0.548989898989899
0.485959595959596 0.537070707070707
0.47585858585858587 0.5314141414141414
0.4882828282828283 0.5417171717171717
0.4982828282828283 0.5517171717171717
0.43060606060606066 0.47939393939393943
0.4629292929292929 0.5140404040404041
0.5154545454545455 0.5754545454545454
0.4788888888888889 0.53
0.5106060606060606 0.564040404040404
0.4872727272727273 0.5406060606060606
0.4036363636363637 0.45242424242424245
0.4596969696969697 0.5106060606060606
0.4436363636363636 0.49707070707070705
0.4482828282828283 0.4993939393939394
0.4721212121212121 0.5254545454545454
0.4627272727272727 0.5136363636363637
0.48090909090909095 0.5364646464646465
0.46595959595959596 0.5193939393939394
0.48363636363636364 0.537070707070707
0.5281818181818182 0.5854545454545454
0.5071717171717172 0.564949494949495
0.4522222222222222 0.5055555555555555
0.43363636363636365 0.4847474747474747
0.496969696969697 0.5478787878787879
0.4921212121212121 0.5454545454545454
0.5172727272727273 0.5706060606060606
0.49090909090909096 0.548989898989899
0.49131313131313137 0.5447474747474748
0.48343434343434344 0.538989898989899
0.49444444444444446 0.5455555555555556
0.4972727272727273 0.5506060606060607
0.495959595959596 0.548989898989899
0.4634343434343434 0.5164646464646465
0.4622222222222222 0.5133333333333333
0.4672727272727273 0.5206060606060606
0.47343434343434343 0.528989898989899
0.47969696969696973 0.5330303030303031
0.4883838383838384 0.5464646464646465
0.435959595959596 0.4893939393939394
0.485959595959596 0.537070707070707
0.525959595959596 0.5793939393939394
0.4684848484848485 0.5215151515151515
0.5082828282828282 0.5617171717171717
0.4496969696969697 0.503030303030303
0.4582828282828283 0.5093939393939394
0.4371717171717172 0.4949494949494949
0.4382828282828283 0.4870707070707071
0.4872727272727273 0.5406060606060606
0.4721212121212121 0.5254545454545454
0.4084848484848485 0.4572727272727273
0.4488888888888889 0.49777777777777776
0.47595959595959597 0.528989898989899
0.47090909090909094 0.528989898989899
0.4696969696969697 0.5230303030303031
0.48444444444444446 0.5355555555555556
0.4721212121212121 0.5254545454545454
0.47363636363636363 0.527070707070707
0.45444444444444443 0.5033333333333333
0.48969696969696974 0.5430303030303031
0.4596969696969697 0.5106060606060606
0.4821212121212121 0.5330303030303031
0.4882828282828283 0.5417171717171717
0.4244444444444445 0.47111111111111115
0.5021212121212122 0.5554545454545454
0.5245454545454545 0.5778787878787879
0.485959595959596 0.5415151515151515
0.4622222222222222 0.5155555555555555
0.4782828282828283 0.5293939393939394
0.4821212121212121 0.5354545454545454
0.485959595959596 0.537070707070707
0.4954545454545455 0.5554545454545454
0.5209090909090909 0.5781818181818182
0.48444444444444446 0.5377777777777778
0.4444444444444444 0.4933333333333333
0.5048484848484849 0.5581818181818182
0.4444444444444444 0.4933333333333333
0.4882828282828283 0.5417171717171717
0.4482828282828283 0.5017171717171717
0.5044444444444445 0.5555555555555556
0.4682828282828283 0.5193939393939394
0.4696969696969697 0.5230303030303031
0.4636363636363636 0.5147474747474747
0.47090909090909094 0.528989898989899
0.515959595959596 0.5715151515151515
0.4682828282828283 0.5193939393939394
0.4782828282828283 0.5317171717171717
0.48454545454545456 0.5423232323232323
0.47969696969696973 0.5330303030303031
0.4706060606060606 0.5240404040404041
0.47444444444444445 0.5255555555555556
0.4722222222222222 0.5233333333333333
0.45595959595959595 0.5093939393939394
0.45454545454545453 0.5078787878787878
0.49454545454545457 0.5523232323232323
0.47454545454545455 0.5278787878787878
0.5072727272727273 0.5606060606060606
0.4672727272727273 0.5206060606060606
0.4806060606060606 0.5293939393939394
0.46595959595959596 0.518989898989899
0.4413131313131313 0.49242424242424243
0.47 0.5211111111111111
0.49131313131313137 0.5447474747474748
0.47090909090909094 0.5239393939393939
0.4422222222222222 0.4933333333333333
0.525959595959596 0.5793939393939394
0.515959595959596 0.5670707070707071
0.4582828282828283 0.5093939393939394
0.5354545454545454 0.5954545454545455
0.4622222222222222 0.5155555555555555
0.435959595959596 0.4870707070707071
0.4972727272727273 0.5530303030303031
0.4366666666666667 0.48555555555555563
0.4422222222222222 0.4955555555555555
0.5134343434343435 0.568989898989899
0.4606060606060606 0.5115151515151515
0.485959595959596 0.5393939393939394
0.4706060606060606 0.5217171717171717
0.4772727272727273 0.5330303030303031
0.46444444444444444 0.5155555555555555
0.47969696969696973 0.5354545454545454
0.4509090909090909 0.5064646464646465
0.4606060606060606 0.5140404040404041
0.48363636363636364 0.537070707070707
0.5297979797979798 0.5875757575757576
0.4536363636363636 0.507070707070707
0.4448484848484848 0.5006060606060606
0.48545454545454547 0.5427272727272727
0.4596969696969697 0.5130303030303031
0.47595959595959597 0.5315151515151515
0.4721212121212121 0.5254545454545454
0.4572727272727273 0.5106060606060606
0.4721212121212121 0.5254545454545454
0.48888888888888893 0.54
0.49454545454545457 0.5454545454545454
0.48 0.5311111111111111
0.4344444444444445 0.48555555555555563
0.4596969696969697 0.5130303030303031
0.5006060606060606 0.5517171717171717
0.47363636363636363 0.5247474747474747
0.4672727272727273 0.5206060606060606
0.510909090909091 0.5664646464646464
0.4282828282828283 0.47939393939393943
0.4782828282828283 0.5293939393939394
0.44595959595959594 0.49707070707070705
0.5234343434343435 0.578989898989899
0.44727272727272727 0.503030303030303
0.5059595959595959 0.557070707070707
0.4897979797979798 0.5475757575757576
0.4882828282828283 0.5393939393939394
0.4872727272727273 0.5406060606060606
0.495959595959596 0.5515151515151515
0.5309090909090909 0.5881818181818183
0.4596969696969697 0.5106060606060606
0.4521212121212121 0.5078787878787878
0.4921212121212121 0.5454545454545454
0.4572727272727273 0.5130303030303031
0.4882828282828283 0.5417171717171717
0.4496969696969697 0.503030303030303
0.510909090909091 0.5681818181818182
0.4621212121212121 0.5154545454545454
0.4671717171717172 0.5249494949494949
0.4636363636363636 0.517070707070707
0.4221212121212121 0.4778787878787879
0.4771717171717172 0.534949494949495
0.47131313131313135 0.5224242424242425
0.4666666666666667 0.5177777777777778
0.4396969696969697 0.49303030303030304
0.5054545454545455 0.5627272727272727
0.4772727272727273 0.5306060606060606
0.5134343434343435 0.568989898989899
0.4683838383838384 0.5264646464646465
0.4666666666666667 0.5155555555555555
0.5171717171717172 0.574949494949495
0.4783838383838384 0.5339393939393939
0.49838383838383843 0.553939393939394
0.4696969696969697 0.5230303030303031
0.4496969696969697 0.5006060606060606
0.47090909090909094 0.5264646464646465
0.4536363636363636 0.5047474747474747
0.4721212121212121 0.5254545454545454
0.435959595959596 0.488989898989899
0.45444444444444443 0.5077777777777778
0.5236363636363637 0.5809090909090909
0.540909090909091 0.5964646464646465
0.47454545454545455 0.5278787878787878
0.4621212121212121 0.5178787878787878
0.5381818181818182 0.5954545454545455
0.4782828282828283 0.5293939393939394
0.4671717171717172 0.5249494949494949
0.48454545454545456 0.5403030303030303
0.5321212121212121 0.5854545454545454
0.4621212121212121 0.5178787878787878
0.48969696969696974 0.5430303030303031
0.4596969696969697 0.5130303030303031
0.47969696969696973 0.5354545454545454
0.500909090909091 0.5564646464646466
0.5021212121212122 0.5554545454545454
0.4782828282828283 0.5293939393939394
0.43363636363636365 0.4847474747474747
0.4482828282828283 0.4993939393939394
0.4821212121212121 0.5354545454545454
0.4971717171717172 0.554949494949495
0.5034343434343435 0.558989898989899
0.5245454545454545 0.5823232323232324
0.44595959595959594 0.49707070707070705
0.4806060606060606 0.5317171717171717
0.49090909090909096 0.5464646464646465
0.44595959595959594 0.49707070707070705
0.4883838383838384 0.543939393939394
0.4634343434343434 0.518989898989899
0.46444444444444444 0.5155555555555555
0.4819191919191919 0.5396969696969697
0.4696969696969697 0.5230303030303031
0.4596969696969697 0.5154545454545454
0.4982828282828283 0.5493939393939394
0.4584848484848485 0.5093939393939394
0.48343434343434344 0.538989898989899
0.4366666666666667 0.48777777777777787
0.47131313131313135 0.5247474747474747
0.4583838383838384 0.5164646464646465
0.44636363636363635 0.4951515151515151
0.4522222222222222 0.5033333333333333
0.5296969696969698 0.583030303030303
0.47595959595959597 0.527070707070707
0.4636363636363636 0.517070707070707
0.478989898989899 0.5383838383838384
0.5045454545454546 0.5623232323232323
0.49969696969696975 0.5554545454545454
0.4919191919191919 0.5496969696969697
0.500909090909091 0.5564646464646466
0.4783838383838384 0.5339393939393939
0.43777777777777777 0.48666666666666664
0.45636363636363636 0.5051515151515151
0.47595959595959597 0.5315151515151515
0.4666666666666667 0.5177777777777778
0.46595959595959596 0.5193939393939394
0.47595959595959597 0.527070707070707
0.5006060606060606 0.5540404040404041
0.540909090909091 0.5964646464646465
0.47454545454545455 0.5323232323232323
0.4824242424242424 0.5381818181818182
0.48484848484848486 0.5406060606060606
0.4918181818181818 0.5512121212121213
0.49969696969696975 0.5554545454545454
0.47343434343434343 0.5264646464646465
0.48545454545454547 0.5454545454545454
0.49454545454545457 0.5478787878787879
0.47444444444444445 0.5277777777777778
0.47595959595959597 0.5293939393939394
0.49444444444444446 0.5477777777777778
0.49969696969696975 0.5530303030303031
0.4982828282828283 0.5493939393939394
0.46616161616161617 0.5255555555555556
0.4906060606060606 0.5440404040404041
0.4872727272727273 0.5406060606060606
0.5234343434343435 0.578989898989899
0.43999999999999995 0.4888888888888888
0.5171717171717172 0.5723232323232323
0.47595959595959597 0.5315151515151515
0.476969696969697 0.5327272727272727
0.4722222222222222 0.5233333333333333
0.45595959595959595 0.507070707070707
0.485959595959596 0.5393939393939394
0.4482828282828283 0.5017171717171717
0.500909090909091 0.5564646464646466
0.47 0.5211111111111111
0.485959595959596 0.5393939393939394
0.5145454545454545 0.5723232323232323
0.425959595959596 0.4770707070707071
0.47969696969696973 0.5330303030303031
0.4921212121212121 0.5478787878787879
0.4872727272727273 0.5430303030303031
0.49 0.5411111111111111
0.4921212121212121 0.5454545454545454
0.528989898989899 0.5883838383838383
0.4706060606060606 0.5217171717171717
0.485959595959596 0.5393939393939394
0.5136363636363637 0.5709090909090909
0.43999999999999995 0.49111111111111105
0.44727272727272727 0.5006060606060606
0.4382828282828283 0.49404040404040406
0.5021212121212122 0.5578787878787879
0.5071717171717172 0.5623232323232323
0.4406060606060606 0.4893939393939394
0.4766666666666667 0.5277777777777778
0.45444444444444443 0.5033333333333333
0.4806060606060606 0.5317171717171717
0.4521212121212121 0.503030303030303
0.4572727272727273 0.5106060606060606
0.485959595959596 0.5393939393939394
0.4496969696969697 0.503030303030303
0.48454545454545456 0.5378787878787878
0.46454545454545454 0.5223232323232323
0.518989898989899 0.5812121212121213
0.47454545454545455 0.5278787878787878
0.47363636363636363 0.5247474747474747
0.4384848484848485 0.4872727272727273
0.4496969696969697 0.5006060606060606
0.4727272727272727 0.5215151515151515
0.4634343434343434 0.518989898989899
0.5136363636363637 0.5670707070707071
0.4821212121212121 0.5354545454545454
0.476969696969697 0.5303030303030303
0.502929292929293 0.5540404040404041
0.4872727272727273 0.5406060606060606
0.4363636363636364 0.48515151515151517
0.485959595959596 0.5415151515151515
0.44727272727272727 0.5006060606060606
0.5034343434343435 0.5564646464646466
0.4721212121212121 0.5254545454545454
0.5106060606060606 0.564040404040404
0.4921212121212121 0.5454545454545454
0.48969696969696974 0.5430303030303031
0.46484848484848484 0.5206060606060606
0.4922222222222222 0.5455555555555556
0.5234343434343435 0.5764646464646465
0.4536363636363636 0.507070707070707
0.46595959595959596 0.517070707070707
0.49969696969696975 0.5530303030303031
0.46131313131313134 0.5124242424242424
0.4771717171717172 0.534949494949495
0.47595959595959597 0.528989898989899
0.45484848484848484 0.5015151515151515
0.4772727272727273 0.5330303030303031
0.515959595959596 0.5715151515151515
0.4982828282828283 0.5493939393939394
0.47969696969696973 0.5330303030303031
0.4706060606060606 0.5193939393939394
0.5072727272727273 0.5606060606060606
0.4958585858585859 0.5514141414141415
0.5136363636363637 0.5670707070707071
0.4784848484848485 0.5293939393939394
0.4596969696969697 0.5130303030303031
0.4348484848484849 0.48818181818181816
0.45484848484848484 0.5081818181818182
0.4596969696969697 0.5130303030303031
0.5145454545454545 0.5723232323232323
0.4722222222222222 0.5211111111111111
0.49969696969696975 0.5530303030303031
0.4872727272727273 0.5406060606060606
0.4783838383838384 0.5339393939393939
0.5234343434343435 0.578989898989899
0.4722222222222222 0.5233333333333333
0.4406060606060606 0.4917171717171717
0.4982828282828283 0.5493939393939394
0.48292929292929293 0.5340404040404041
0.49363636363636365 0.5447474747474748
0.4436363636363636 0.4947474747474747
0.41222222222222227 0.46111111111111114
0.44999999999999996 0.5033333333333333
0.5097979797979798 0.564949494949495
0.4582828282828283 0.5093939393939394
0.4436363636363636 0.4947474747474747
0.520909090909091 0.578989898989899
0.5334343434343435 0.5915151515151515
0.4482828282828283 0.4993939393939394
0.46272727272727276 0.5227272727272727
0.5272727272727273 0.583030303030303
0.45060606060606057 0.5017171717171717
0.5097979797979798 0.5675757575757576
0.49272727272727274 0.5436363636363637
0.495959595959596 0.5493939393939394
0.4509090909090909 0.5064646464646465
0.485959595959596 0.537070707070707
0.49090909090909096 0.5509090909090909
0.5309090909090909 0.5881818181818183
0.5059595959595959 0.5615151515151515
0.44212121212121214 0.4954545454545455
0.4596969696969697 0.5130303030303031
0.4906060606060606 0.5417171717171717
0.4971717171717172 0.5523232323232323
0.4409090909090909 0.4964646464646465
0.4872727272727273 0.5406060606060606
0.48484848484848486 0.5381818181818182
0.48292929292929293 0.5340404040404041
0.4322222222222223 0.48555555555555563
0.5006060606060606 0.5540404040404041
0.4921212121212121 0.5478787878787879
0.4358585858585859 0.4914141414141414
0.48343434343434344 0.5364646464646465
0.5106060606060606 0.564040404040404
0.42000000000000004 0.47111111111111115
0.48363636363636364 0.5347474747474747
0.5474747474747474 0.6068686868686868
0.45060606060606057 0.5017171717171717
0.4883838383838384 0.543939393939394
0.5006060606060606 0.5540404040404041
0.48525252525252527 0.5386868686868687
0.510909090909091 0.5664646464646464
0.4922222222222222 0.5455555555555556
0.4721212121212121 0.5254545454545454
0.4872727272727273 0.5430303030303031
0.44666666666666666 0.4955555555555555
0.4406060606060606 0.4893939393939394
0.44999999999999996 0.5011111111111111
0.4582828282828283 0.5093939393939394
0.4871717171717172 0.5423232323232323
0.4496969696969697 0.5006060606060606
0.495959595959596 0.5493939393939394
0.43777777777777777 0.4888888888888888
0.5119191919191919 0.5696969696969697
0.49343434343434345 0.548989898989899
0.4413131313131313 0.4947474747474747
0.5006060606060606 0.5517171717171717
0.4727272727272727 0.5236363636363637
0.44999999999999996 0.5011111111111111
0.4496969696969697 0.503030303030303
0.4509090909090909 0.5064646464646465
0.4636363636363636 0.517070707070707
0.47595959595959597 0.5293939393939394
0.485959595959596 0.5415151515151515
0.4583838383838384 0.5114141414141414
0.5121212121212121 0.563030303030303
0.525959595959596 0.5815151515151515
0.5071717171717172 0.5623232323232323
0.49969696969696975 0.5554545454545454
0.5546464646464646 0.6168686868686868
0.4482828282828283 0.5017171717171717
0.485959595959596 0.5393939393939394
0.47969696969696973 0.5306060606060606
0.5097979797979798 0.564949494949495
0.5334343434343435 0.5864646464646465
0.47363636363636363 0.527070707070707
0.48454545454545456 0.5378787878787878
0.46595959595959596 0.5215151515151515
0.5145454545454545 0.5696969696969697
0.4682828282828283 0.5193939393939394
0.48444444444444446 0.5377777777777778
0.5072727272727273 0.563030303030303
0.4883838383838384 0.543939393939394
0.4492929292929293 0.507070707070707
0.4682828282828283 0.5217171717171717
0.520909090909091 0.5764646464646465
0.485959595959596 0.537070707070707
0.47969696969696973 0.5330303030303031
0.4821212121212121 0.5330303030303031
0.48969696969696974 0.5430303030303031
0.47090909090909094 0.528989898989899
0.4806060606060606 0.5315151515151515
0.4782828282828283 0.5293939393939394
0.5136363636363637 0.5670707070707071
0.500909090909091 0.553939393939394
0.4606060606060606 0.5117171717171717
0.4706060606060606 0.5240404040404041
0.4382828282828283 0.4893939393939394
0.4821212121212121 0.5354545454545454
0.44595959595959594 0.4993939393939394
0.43727272727272726 0.4906060606060606
0.5121212121212121 0.5654545454545454
0.45444444444444443 0.5055555555555555
0.4583838383838384 0.5139393939393939
0.4636363636363636 0.517070707070707
0.4366666666666667 0.48555555555555563
0.4972727272727273 0.5530303030303031
0.4582828282828283 0.5093939393939394
0.4882828282828283 0.5393939393939394
0.4484848484848485 0.49727272727272726
