0.4277777777777778 0.4944444444444445
0.45111111111111113 0.5177777777777778
0.4233333333333334 0.4922222222222223
0.4633333333333333 0.5322222222222222
0.45151515151515154 0.5193939393939394
0.4477777777777778 0.5144444444444444
0.49717171717171715 0.5585858585858585
0.44555555555555554 0.5144444444444444
0.4686868686868687 0.5313131313131313
0.44 0.5078787878787878
0.4486868686868687 0.5133333333333333
0.47424242424242424 0.54
0.48474747474747476 0.5493939393939394
0.5007070707070707 0.5633333333333334
0.47424242424242424 0.54
0.4921212121212121 0.5578787878787879
0.5233333333333333 0.5828282828282828
0.42000000000000004 0.4866666666666667
0.4918181818181818 0.5518181818181818
0.46070707070707073 0.5253535353535354
0.46212121212121215 0.5257575757575758
0.438989898989899 0.5086868686868686
0.4442424242424242 0.51
0.4929292929292929 0.5562626262626262
0.4277777777777778 0.4966666666666667
0.5066666666666667 0.5713131313131313
0.4477777777777778 0.5144444444444444
0.5021212121212121 0.5678787878787879
0.5052525252525253 0.5666666666666667
0.46070707070707073 0.5233333333333333
0.4827272727272727 0.5453535353535354
0.5152525252525253 0.5766666666666667
0.4863636363636364 0.5521212121212121
0.44636363636363635 0.5121212121212121
0.4983838383838384 0.5567676767676768
0.4526262626262626 0.5192929292929293
0.4786868686868687 0.5453535353535354
0.43787878787878787 0.5036363636363637
0.5286868686868686 0.5933333333333334
0.4727272727272727 0.5353535353535354
0.43999999999999995 0.5066666666666666
0.4786868686868687 0.5433333333333333
0.49636363636363634 0.5621212121212121
0.4678787878787879 0.5357575757575758
0.5127272727272727 0.5773737373737373
0.4727272727272727 0.5373737373737374
0.46636363636363637 0.5321212121212121
0.4477777777777778 0.5144444444444444
0.4784848484848485 0.5421212121212121
0.4177777777777778 0.4866666666666667
0.5152525252525253 0.5785858585858585
0.5078787878787879 0.5715151515151515
0.43777777777777777 0.5044444444444444
0.48333333333333334 0.5447474747474748
0.4786868686868687 0.5433333333333333
0.5066666666666667 0.5692929292929293
0.4411111111111111 0.51
0.46424242424242423 0.53
0.4684848484848485 0.5342424242424242
0.43000000000000005 0.49888888888888894
0.47 0.5366666666666666
0.4277777777777778 0.4966666666666667
0.4718181818181818 0.5318181818181817
0.4584848484848485 0.5242424242424242
0.4911111111111111 0.5577777777777778
0.4507070707070707 0.5153535353535353
0.5086868686868686 0.5713131313131313
0.45 0.5157575757575757
0.5127272727272727 0.5753535353535354
0.47575757575757577 0.5436363636363637
0.4584848484848485 0.5242424242424242
0.44636363636363635 0.5121212121212121
0.48000000000000004 0.5457575757575758
0.4686868686868687 0.5313131313131313
0.47424242424242424 0.5378787878787878
0.45636363636363636 0.5221212121212121
0.491010101010101 0.5524242424242424
0.4918181818181818 0.5518181818181818
0.48898989898989903 0.5563636363636364
0.5142424242424243 0.5778787878787879
0.5 0.5644444444444445
0.47555555555555556 0.5422222222222222
0.49636363636363634 0.56
0.4867676767676768 0.5493939393939394
0.4407070707070707 0.5033333333333334
0.4763636363636364 0.5421212121212121
0.4788888888888889 0.5455555555555556
0.4777777777777778 0.5422222222222222
0.4636363636363636 0.5336363636363637
0.4507070707070707 0.5133333333333333
0.47000000000000003 0.5357575757575758
0.4526262626262626 0.5192929292929293
0.47424242424242424 0.5421212121212121
0.5063636363636363 0.5700000000000001
0.46555555555555556 0.5344444444444444
0.4221212121212122 0.49000000000000005
0.5055555555555555 0.5700000000000001
0.39131313131313133 0.461010101010101
0.48070707070707075 0.5433333333333333
0.47434343434343434 0.5463636363636364
0.4684848484848485 0.5321212121212121
0.4766666666666667 0.5413131313131313
0.44999999999999996 0.5166666666666666
0.45575757575757575 0.5215151515151515
0.43 0.4978787878787879
0.5252525252525253 0.5866666666666667
0.4771717171717172 0.5385858585858586
0.4686868686868687 0.5313131313131313
0.4666666666666667 0.5353535353535354
0.48424242424242425 0.55
0.48424242424242425 0.55
0.48868686868686867 0.5513131313131313
0.48070707070707075 0.5433333333333333
0.4542424242424242 0.52
0.45111111111111113 0.5177777777777778
0.47333333333333333 0.54
0.4686868686868687 0.5313131313131313
0.4771717171717172 0.5405050505050505
0.43212121212121213 0.5
0.46212121212121215 0.5278787878787878
0.4477777777777778 0.5144444444444444
0.47555555555555556 0.5422222222222222
0.47474747474747475 0.5373737373737374
0.4477777777777778 0.5144444444444444
0.49717171717171715 0.5585858585858585
0.47000000000000003 0.5315151515151515
0.4921212121212121 0.5557575757575758
0.4986868686868687 0.5633333333333334
0.46636363636363637 0.53
0.4677777777777778 0.5322222222222222
0.43424242424242426 0.5
0.48474747474747476 0.5473737373737374
0.47525252525252526 0.5405050505050505
0.47474747474747475 0.5373737373737374
0.4821212121212122 0.5478787878787879
0.5218181818181818 0.5800000000000001
0.4884848484848485 0.5521212121212121
0.509090909090909 0.5685858585858585
0.46151515151515154 0.5272727272727273
0.47212121212121216 0.5357575757575758
0.48000000000000004 0.5478787878787879
0.4955555555555555 0.5622222222222222
0.4666666666666667 0.5340404040404041
0.44555555555555554 0.51
0.4927272727272727 0.5553535353535354
0.47757575757575754 0.5409090909090909
0.4488888888888889 0.5155555555555555
0.4133333333333334 0.4822222222222223
0.4827272727272727 0.5453535353535354
0.46212121212121215 0.5278787878787878
0.44212121212121214 0.51
0.48424242424242425 0.5478787878787879
0.48525252525252527 0.5485858585858585
0.5307070707070707 0.5933333333333334
0.5327272727272727 0.5933333333333334
0.46070707070707073 0.5253535353535354
0.5047474747474747 0.5653535353535354
0.4622222222222222 0.5266666666666666
0.408989898989899 0.4786868686868687
0.4627272727272727 0.5253535353535354
0.46555555555555556 0.5322222222222222
0.4586868686868687 0.5233333333333333
0.5386868686868687 0.5992929292929293
0.41000000000000003 0.4788888888888889
0.4594949494949495 0.5247474747474747
0.5107070707070707 0.5733333333333334
0.4366666666666667 0.5013131313131314
0.46070707070707073 0.5253535353535354
0.5021212121212121 0.5657575757575758
0.5342424242424243 0.5978787878787879
0.41555555555555557 0.4844444444444445
0.4827272727272727 0.5453535353535354
0.4584848484848485 0.5221212121212121
0.49727272727272726 0.5572727272727273
0.5107070707070707 0.5733333333333334
0.45212121212121215 0.52
0.45636363636363636 0.52
0.4466666666666667 0.5050505050505051
0.418989898989899 0.4886868686868687
0.4863636363636364 0.55
0.509090909090909 0.5685858585858585
0.4542424242424242 0.52
0.5 0.5657575757575758
0.46474747474747474 0.5273737373737374
0.47 0.5344444444444444
0.5027272727272727 0.5673737373737373
0.4786868686868687 0.5453535353535354
0.47333333333333333 0.54
0.46636363636363637 0.53
0.4990909090909091 0.5605050505050505
0.5136363636363637 0.5718181818181818
0.46424242424242423 0.53
0.4533333333333333 0.5222222222222221
0.4827272727272727 0.5473737373737374
0.4867676767676768 0.5473737373737374
0.46636363636363637 0.5278787878787878
0.40666666666666673 0.47777777777777786
0.46111111111111114 0.53
0.531010101010101 0.5905050505050505
0.4584848484848485 0.5242424242424242
0.47424242424242424 0.5378787878787878
0.4255555555555556 0.4944444444444445
0.45555555555555555 0.5244444444444444
0.47333333333333333 0.54
0.44212121212121214 0.5078787878787878
0.5122222222222222 0.5788888888888889
0.4266666666666667 0.49636363636363634
0.4633333333333334 0.5266666666666666
0.5071717171717172 0.5705050505050505
0.4442424242424242 0.5121212121212121
0.46151515151515154 0.5293939393939394
0.4577777777777778 0.5266666666666666
0.48424242424242425 0.55
0.541010101010101 0.5985858585858586
0.5213131313131313 0.5886868686868687
0.46070707070707073 0.5253535353535354
0.5072727272727273 0.5654545454545454
0.5142424242424243 0.5757575757575758
0.48474747474747476 0.5473737373737374
0.47474747474747475 0.5393939393939394
0.4371717171717172 0.49858585858585863
0.4890909090909091 0.5524242424242424
0.49717171717171715 0.5605050505050505
0.4877777777777778 0.5522222222222222
0.4927272727272727 0.5553535353535354
0.48363636363636364 0.5454545454545454
0.5121212121212121 0.5736363636363636
0.4622222222222222 0.5266666666666666
0.43242424242424243 0.5027272727272727
0.48666666666666664 0.5513131313131313
0.4863636363636364 0.55
0.5033333333333333 0.5666666666666667
0.4827272727272727 0.5453535353535354
0.4826262626262626 0.5472727272727272
0.5401010101010101 0.5984848484848485
0.49727272727272726 0.5590909090909091
0.5118181818181818 0.5718181818181818
0.42525252525252527 0.4866666666666667
0.4586868686868687 0.5213131313131313
0.4363636363636364 0.5021212121212122
0.48666666666666664 0.5513131313131313
0.4786868686868687 0.5453535353535354
0.42070707070707075 0.4873737373737374
0.4542424242424242 0.52
0.42000000000000004 0.4866666666666667
0.46424242424242423 0.5278787878787878
0.47212121212121216 0.5357575757575758
0.4986868686868687 0.5633333333333334
0.47363636363636363 0.53
0.49818181818181817 0.5547474747474748
0.48727272727272725 0.5472727272727272
0.5078787878787879 0.5715151515151515
0.5066666666666667 0.5713131313131313
0.41555555555555557 0.4844444444444445
0.491010101010101 0.5524242424242424
0.491010101010101 0.5505050505050505
0.4627272727272727 0.5273737373737374
0.4333333333333333 0.5
0.44 0.5057575757575757
0.4954545454545455 0.5554545454545454
0.5306060606060606 0.5952525252525253
0.45212121212121215 0.52
0.5107070707070707 0.5733333333333334
0.4790909090909091 0.5405050505050505
0.43787878787878787 0.5057575757575757
0.45212121212121215 0.5178787878787878
0.45212121212121215 0.5178787878787878
0.5254545454545455 0.5818181818181818
0.48727272727272725 0.5454545454545454
0.45212121212121215 0.5178787878787878
0.45212121212121215 0.52
0.5249494949494949 0.5833333333333334
0.5078787878787879 0.5715151515151515
0.4984848484848485 0.5621212121212121
0.43424242424242426 0.5
0.5077777777777778 0.5722222222222222
0.43212121212121213 0.5
0.47212121212121216 0.5378787878787878
0.47474747474747475 0.5393939393939394
0.4986868686868687 0.5613131313131313
0.4947474747474747 0.5553535353535354
0.4307070707070707 0.4973737373737374
0.4827272727272727 0.5453535353535354
0.45212121212121215 0.52
0.5007070707070707 0.5653535353535354
0.4786868686868687 0.5413131313131313
0.45212121212121215 0.5157575757575757
0.46636363636363637 0.5321212121212121
0.4527272727272727 0.5173737373737374
0.4671717171717172 0.5324242424242425
0.4821212121212122 0.5478787878787879
0.4890909090909091 0.5505050505050505
0.43575757575757573 0.5015151515151515
0.5078787878787879 0.5736363636363636
0.4486868686868687 0.5153535353535353
0.5021212121212121 0.5678787878787879
0.49424242424242426 0.56
0.4907070707070707 0.5553535353535354
0.48363636363636364 0.5436363636363636
0.4786868686868687 0.5413131313131313
0.4763636363636364 0.54
0.4633333333333334 0.5266666666666666
0.4767676767676768 0.5393939393939394
0.4690909090909091 0.5305050505050505
0.5 0.56
0.4142424242424243 0.4778787878787879
0.4255555555555556 0.4944444444444445
0.44555555555555554 0.5144444444444444
0.5071717171717172 0.5666666666666667
0.4627272727272727 0.5253535353535354
0.46 0.5278787878787878
0.4244444444444444 0.4933333333333333
0.47070707070707074 0.5373737373737374
0.4867676767676768 0.5493939393939394
0.46212121212121215 0.5278787878787878
0.4442424242424242 0.51
0.46070707070707073 0.5233333333333333
0.47555555555555556 0.5422222222222222
0.44212121212121214 0.5078787878787878
0.44212121212121214 0.5078787878787878
0.48464646464646466 0.5492929292929293
0.4533333333333333 0.52
0.43212121212121213 0.5
0.4907070707070707 0.5553535353535354
0.4677777777777778 0.5344444444444444
0.501010101010101 0.5624242424242424
0.4954545454545455 0.5554545454545454
0.47424242424242424 0.5378787878787878
0.5418181818181819 0.5984848484848485
0.49424242424242426 0.5578787878787879
0.4478787878787879 0.5157575757575757
0.4763636363636364 0.5421212121212121
0.44555555555555554 0.5122222222222221
0.46424242424242423 0.5321212121212121
0.5052525252525253 0.5666666666666667
0.4478787878787879 0.5136363636363637
0.4767676767676768 0.5393939393939394
0.49 0.5557575757575758
0.4527272727272727 0.5153535353535353
0.43777777777777777 0.5066666666666666
0.46525252525252525 0.5285858585858586
0.4763636363636364 0.54
0.4255555555555556 0.4944444444444445
0.4767676767676768 0.5393939393939394
0.5027272727272727 0.5653535353535354
0.491010101010101 0.5524242424242424
0.509090909090909 0.5705050505050505
0.48 0.5444444444444444
0.5136363636363637 0.5718181818181818
0.47212121212121216 0.54
0.4233333333333334 0.49000000000000005
0.5052525252525253 0.5666666666666667
0.47474747474747475 0.5373737373737374
0.48424242424242425 0.5478787878787879
0.5052525252525253 0.5685858585858585
0.43787878787878787 0.5036363636363637
0.5114141414141414 0.5747474747474748
0.5372727272727273 0.5954545454545455
0.46111111111111114 0.53
0.42000000000000004 0.4866666666666667
0.46212121212121215 0.53
0.5121212121212121 0.5778787878787879
0.4333333333333333 0.5
0.46636363636363637 0.5321212121212121
0.5027272727272727 0.5653535353535354
0.45212121212121215 0.5178787878787878
0.4786868686868687 0.5413131313131313
0.4767676767676768 0.5393939393939394
0.47555555555555556 0.54
0.4442424242424242 0.51
0.49424242424242426 0.5578787878787879
0.4771717171717172 0.5405050505050505
0.4806060606060606 0.5472727272727272
0.4867676767676768 0.5493939393939394
0.4484848484848485 0.5121212121212121
0.43999999999999995 0.5044444444444444
0.5027272727272727 0.5653535353535354
0.4927272727272727 0.5553535353535354
0.40434343434343434 0.47636363636363643
0.48000000000000004 0.5457575757575758
0.4990909090909091 0.5605050505050505
0.49787878787878787 0.5615151515151515
0.47464646464646465 0.5413131313131313
0.5272727272727273 0.5836363636363636
0.4196969696969697 0.49404040404040406
0.47070707070707074 0.5333333333333333
0.4786868686868687 0.5433333333333333
0.4763636363636364 0.5421212121212121
0.5436363636363637 0.6036363636363636
0.4927272727272727 0.5533333333333333
0.45 0.5157575757575757
0.4586868686868687 0.5233333333333333
0.43666666666666665 0.5063636363636363
0.4222222222222223 0.48888888888888893
0.42000000000000004 0.48575757575757583
0.4484848484848485 0.5142424242424242
0.4806060606060606 0.5463636363636364
0.41111111111111115 0.48000000000000004
0.5071717171717172 0.5685858585858585
0.4388888888888889 0.5077777777777778
0.48424242424242425 0.5478787878787879
0.44999999999999996 0.5188888888888888
0.4784848484848485 0.5421212121212121
0.5007070707070707 0.5653535353535354
0.508888888888889 0.5733333333333334
0.48474747474747476 0.5473737373737374
0.48474747474747476 0.5473737373737374
0.47212121212121216 0.5378787878787878
0.5086868686868686 0.5713131313131313
0.45999999999999996 0.5244444444444444
0.46424242424242423 0.53
0.46 0.5257575757575758
0.509090909090909 0.5672727272727273
0.4986868686868687 0.5613131313131313
0.4990909090909091 0.5605050505050505
0.468989898989899 0.5363636363636364
0.5013131313131313 0.5686868686868687
0.4667676767676768 0.5314141414141413
0.49363636363636365 0.5536363636363636
0.45575757575757575 0.5215151515151515
0.5166666666666667 0.5813131313131313
0.48474747474747476 0.5473737373737374
0.4484848484848485 0.5142424242424242
0.509090909090909 0.5685858585858585
0.5021212121212121 0.5657575757575758
0.4507070707070707 0.5133333333333333
0.4990909090909091 0.5605050505050505
0.5086868686868686 0.5713131313131313
0.45212121212121215 0.5157575757575757
0.4806060606060606 0.5442424242424242
0.4890909090909091 0.5505050505050505
0.4633333333333333 0.53
0.48717171717171714 0.5505050505050505
0.45 0.5178787878787878
0.45636363636363636 0.5221212121212121
0.4921212121212121 0.5578787878787879
0.48474747474747476 0.5493939393939394
0.48070707070707075 0.5473737373737374
0.41222222222222227 0.4788888888888889
0.4507070707070707 0.5173737373737374
0.509090909090909 0.5705050505050505
0.4688888888888889 0.5355555555555556
0.39434343434343433 0.4663636363636364
0.47555555555555556 0.5422222222222222
0.43212121212121213 0.4978787878787879
0.4763636363636364 0.54
0.4907070707070707 0.5533333333333333
0.4666666666666667 0.5363636363636364
0.5066666666666667 0.5713131313131313
0.46636363636363637 0.5342424242424242
0.45666666666666667 0.5255555555555556
0.46 0.5257575757575758
0.45555555555555555 0.5266666666666666
0.4690909090909091 0.5305050505050505
0.4277777777777778 0.4966666666666667
0.45555555555555555 0.5244444444444444
0.46474747474747474 0.5293939393939394
0.4527272727272727 0.5173737373737374
0.49 0.5536363636363636
0.46424242424242423 0.5321212121212121
0.4827272727272727 0.5473737373737374
0.4221212121212122 0.49000000000000005
0.49717171717171715 0.5605050505050505
0.4790909090909091 0.5405050505050505
0.481010101010101 0.5424242424242425
0.40131313131313134 0.471010101010101
0.4966666666666667 0.5677777777777778
0.4586868686868687 0.5253535353535354
0.5083838383838384 0.5667676767676768
0.46070707070707073 0.5233333333333333
0.49 0.5566666666666666
0.4242424242424243 0.49000000000000005
0.5086868686868686 0.5733333333333334
0.5107070707070707 0.5753535353535354
0.46424242424242423 0.5321212121212121
0.438989898989899 0.5086868686868686
0.5129292929292929 0.5705050505050505
0.5027272727272727 0.5653535353535354
0.46525252525252525 0.5285858585858586
0.4288888888888889 0.49777777777777776
0.48424242424242425 0.5478787878787879
0.46424242424242423 0.53
0.46464646464646464 0.5313131313131313
0.5372727272727273 0.5972727272727273
0.4877777777777778 0.5522222222222222
0.4433333333333333 0.5122222222222221
0.47212121212121216 0.5378787878787878
0.4766666666666667 0.5413131313131313
0.4411111111111111 0.5077777777777778
0.46070707070707073 0.5253535353535354
0.5452525252525252 0.6047474747474748
0.48363636363636364 0.5536363636363636
0.43777777777777777 0.5022222222222221
0.4577777777777778 0.5266666666666666
0.46070707070707073 0.5273737373737374
0.4863636363636364 0.5521212121212121
0.5078787878787879 0.5715151515151515
0.4684848484848485 0.5342424242424242
0.43 0.4957575757575758
0.4827272727272727 0.5453535353535354
0.5218181818181818 0.5836363636363636
0.4288888888888889 0.4955555555555555
0.4877777777777778 0.5544444444444444
0.43 0.4957575757575758
0.4366666666666667 0.5013131313131314
0.48000000000000004 0.5457575757575758
0.519090909090909 0.5824242424242424
0.5121212121212121 0.5778787878787879
0.4686868686868687 0.5353535353535354
0.4921212121212121 0.5578787878787879
0.5233333333333333 0.5847474747474748
0.45111111111111113 0.5222222222222221
0.4790909090909091 0.5424242424242425
0.4863636363636364 0.55
0.4618181818181818 0.5236363636363636
0.5121212121212121 0.5778787878787879
0.4863636363636364 0.55
0.5107070707070707 0.5713131313131313
0.4277777777777778 0.49888888888888894
0.46424242424242423 0.5278787878787878
0.5252525252525253 0.5866666666666667
0.4786868686868687 0.5433333333333333
0.4786868686868687 0.5433333333333333
0.5107070707070707 0.5733333333333334
0.45111111111111113 0.52
0.47070707070707074 0.5353535353535354
0.4311111111111111 0.49777777777777776
0.4586868686868687 0.5233333333333333
0.4907070707070707 0.5533333333333333
0.52 0.5815151515151515
0.46525252525252525 0.5285858585858586
0.44666666666666666 0.5133333333333333
0.4177777777777778 0.4866666666666667
0.4818181818181818 0.5436363636363636
0.5029292929292929 0.5662626262626262
0.48717171717171714 0.5485858585858585
0.49363636363636365 0.5536363636363636
0.4277777777777778 0.4966666666666667
0.5186868686868686 0.5813131313131313
0.5246464646464647 0.5892929292929293
0.4790909090909091 0.5405050505050505
0.4821212121212122 0.5457575757575758
0.5152525252525253 0.5785858585858585
0.4263636363636364 0.4921212121212122
0.4766666666666667 0.5413131313131313
0.5166666666666667 0.5792929292929293
0.43555555555555553 0.5022222222222221
0.4786868686868687 0.5413131313131313
0.44555555555555554 0.5144444444444444
0.43000000000000005 0.4944444444444445
0.5027272727272727 0.5633333333333334
0.43000000000000005 0.49888888888888894
0.4918181818181818 0.5518181818181818
0.47525252525252526 0.5366666666666666
0.5207070707070707 0.5833333333333334
0.4627272727272727 0.5293939393939394
0.4784848484848485 0.5442424242424242
0.5233333333333333 0.5866666666666667
0.4763636363636364 0.54
0.42868686868686867 0.49535353535353543
0.47060606060606064 0.5372727272727272
0.45 0.5178787878787878
0.44212121212121214 0.5078787878787878
0.4486868686868687 0.5133333333333333
0.48333333333333334 0.55
0.527878787878788 0.5893939393939394
0.4177777777777778 0.4866666666666667
0.45575757575757575 0.5215151515151515
0.4277777777777778 0.4944444444444445
0.4766666666666667 0.5477777777777778
0.4727272727272727 0.5353535353535354
0.47070707070707074 0.5333333333333333
0.45666666666666667 0.5213131313131313
0.49363636363636365 0.5615151515151515
0.4786868686868687 0.5453535353535354
0.49424242424242426 0.5578787878787879
0.5072727272727273 0.5654545454545454
0.4577777777777778 0.5244444444444444
0.4478787878787879 0.5157575757575757
0.47070707070707074 0.5353535353535354
0.4311111111111111 0.49777777777777776
0.47070707070707074 0.5353535353535354
0.5421212121212121 0.6057575757575758
0.45636363636363636 0.5242424242424242
0.4921212121212121 0.5557575757575758
0.5243434343434343 0.5963636363636364
0.4527272727272727 0.5173737373737374
0.4507070707070707 0.5133333333333333
0.4955555555555555 0.5644444444444445
0.5233333333333333 0.5900000000000001
0.46555555555555556 0.5322222222222222
0.5 0.5657575757575758
0.45333333333333337 0.5166666666666666
0.4763636363636364 0.5421212121212121
0.5314141414141414 0.5947474747474748
0.4907070707070707 0.5533333333333333
0.4433333333333333 0.5122222222222221
0.43777777777777777 0.5044444444444444
0.48717171717171714 0.5505050505050505
0.4767676767676768 0.5414141414141413
0.5007070707070707 0.5633333333333334
0.4821212121212122 0.5478787878787879
0.4986868686868687 0.5613131313131313
0.4313131313131313 0.501010101010101
0.4784848484848485 0.5421212121212121
0.44 0.5078787878787878
0.438989898989899 0.5086868686868686
0.47000000000000003 0.5357575757575758
0.44 0.5057575757575757
0.5007070707070707 0.5633333333333334
0.5318181818181819 0.5900000000000001
0.46212121212121215 0.5278787878787878
0.46111111111111114 0.5277777777777778
0.47000000000000003 0.5357575757575758
0.4411111111111111 0.5122222222222221
0.44636363636363635 0.5121212121212121
0.46070707070707073 0.5233333333333333
0.44999999999999996 0.5188888888888888
0.41212121212121217 0.4778787878787879
0.4763636363636364 0.5421212121212121
0.47464646464646465 0.5392929292929293
0.44999999999999996 0.5188888888888888
0.4527272727272727 0.5173737373737374
0.49717171717171715 0.5585858585858585
0.4586868686868687 0.5233333333333333
0.46575757575757576 0.5357575757575758
0.48868686868686867 0.5513131313131313
0.45212121212121215 0.52
0.44212121212121214 0.51
0.4790909090909091 0.5385858585858586
0.4907070707070707 0.5533333333333333
0.4729292929292929 0.5343434343434343
0.4633333333333333 0.5322222222222222
0.46 0.5278787878787878
0.45525252525252524 0.5147474747474747
0.4986868686868687 0.5613131313131313
0.4806060606060606 0.5472727272727272
0.43777777777777777 0.5044444444444444
0.48070707070707075 0.5433333333333333
0.5227272727272727 0.5853535353535354
0.47212121212121216 0.54
0.4827272727272727 0.5453535353535354
0.46111111111111114 0.5277777777777778
0.4821212121212122 0.5478787878787879
0.49777777777777776 0.5644444444444445
0.4877777777777778 0.5522222222222222
0.4584848484848485 0.5242424242424242
0.4433333333333333 0.5122222222222221
0.4622222222222222 0.5288888888888889
0.4877777777777778 0.5522222222222222
0.46636363636363637 0.5321212121212121
0.4921212121212121 0.56
0.4763636363636364 0.54
0.5157575757575757 0.5793939393939394
0.43424242424242426 0.5
0.43777777777777777 0.5044444444444444
0.5086868686868686 0.5713131313131313
0.44555555555555554 0.5144444444444444
0.5027272727272727 0.5653535353535354
0.4684848484848485 0.5342424242424242
0.471010101010101 0.5324242424242425
0.46636363636363637 0.53
0.48333333333333334 0.55
0.4784848484848485 0.5442424242424242
0.5036363636363637 0.5636363636363636
0.5421212121212121 0.6057575757575758
0.49363636363636365 0.5554545454545454
0.47424242424242424 0.5357575757575758
0.5086868686868686 0.5753535353535354
0.44 0.5103030303030303
0.48717171717171714 0.5505050505050505
0.48000000000000004 0.5436363636363637
0.5206060606060606 0.5852525252525252
0.4786868686868687 0.5433333333333333
0.45636363636363636 0.52
0.5107070707070707 0.5753535353535354
0.46555555555555556 0.5322222222222222
0.43555555555555553 0.5044444444444444
0.45212121212121215 0.52
0.46474747474747474 0.5293939393939394
0.49 0.5544444444444444
0.5418181818181819 0.6018181818181818
0.43999999999999995 0.5066666666666666
0.44555555555555554 0.5144444444444444
0.3877777777777778 0.45666666666666667
0.43000000000000005 0.49888888888888894
0.4686868686868687 0.5313131313131313
0.46636363636363637 0.53
0.4727272727272727 0.5353535353535354
0.4863636363636364 0.55
0.42666666666666664 0.4955555555555555
0.4763636363636364 0.54
0.49717171717171715 0.5605050505050505
0.4333333333333333 0.5022222222222221
0.5178787878787879 0.5836363636363636
0.48 0.5466666666666666
0.4927272727272727 0.5553535353535354
0.4221212121212122 0.4878787878787879
0.4677777777777778 0.5322222222222222
0.4633333333333333 0.5322222222222222
0.49777777777777776 0.5622222222222222
0.49636363636363634 0.56
0.5 0.5678787878787879
0.44999999999999996 0.5188888888888888
0.5152525252525253 0.5766666666666667
0.47555555555555556 0.5422222222222222
0.4918181818181818 0.5536363636363636
0.4821212121212122 0.5457575757575758
0.4542424242424242 0.52
0.4422222222222222 0.5088888888888888
0.4542424242424242 0.5221212121212121
0.46636363636363637 0.53
0.4771717171717172 0.5385858585858586
0.4888888888888889 0.5577777777777778
0.4686868686868687 0.5333333333333333
0.48363636363636364 0.5418181818181818
0.4311111111111111 0.5
0.46424242424242423 0.53
0.5207070707070707 0.5813131313131313
0.5136363636363637 0.5754545454545454
0.4927272727272727 0.5553535353535354
0.452020202020202 0.5217171717171717
0.5077777777777778 0.5744444444444445
0.45515151515151514 0.5278787878787878
0.4921212121212121 0.5578787878787879
0.5221212121212121 0.5836363636363636
0.4907070707070707 0.5533333333333333
0.4786868686868687 0.5433333333333333
0.4033333333333334 0.4744444444444445
0.48070707070707075 0.5433333333333333
0.5021212121212121 0.5657575757575758
0.4907070707070707 0.5533333333333333
0.4867676767676768 0.5493939393939394
0.5207070707070707 0.5833333333333334
0.4821212121212122 0.5457575757575758
0.5052525252525253 0.5666666666666667
0.45676767676767677 0.5193939393939394
0.4433333333333333 0.51
0.5354545454545455 0.5954545454545455
0.5042424242424243 0.5657575757575758
0.4177777777777778 0.4866666666666667
0.5277777777777778 0.5944444444444446
0.491010101010101 0.5524242424242424
0.5142424242424243 0.5778787878787879
0.48111111111111116 0.5477777777777778
0.4507070707070707 0.5133333333333333
0.46636363636363637 0.53
0.5127272727272727 0.5733333333333334
0.46424242424242423 0.53
0.5052525252525253 0.5685858585858585
0.48070707070707075 0.5453535353535354
0.4684848484848485 0.53
0.4986868686868687 0.5633333333333334
0.4333333333333333 0.5022222222222221
0.4927272727272727 0.5553535353535354
0.41666666666666674 0.48777777777777787
0.5121212121212121 0.5778787878787879
0.5366666666666667 0.5992929292929293
0.47212121212121216 0.5357575757575758
0.48000000000000004 0.5457575757575758
0.5042424242424243 0.5700000000000001
0.4633333333333333 0.5322222222222222
0.46111111111111114 0.53
0.49 0.5557575757575758
0.4990909090909091 0.5605050505050505
0.44999999999999996 0.5144444444444444
0.4166666666666667 0.48131313131313136
0.5654545454545454 0.6236363636363637
0.4727272727272727 0.5373737373737374
0.4633333333333333 0.5322222222222222
0.5086868686868686 0.5692929292929293
0.4927272727272727 0.5553535353535354
0.4684848484848485 0.5342424242424242
0.4863636363636364 0.5521212121212121
0.4727272727272727 0.5373737373737374
0.4446464646464646 0.5072727272727272
0.44666666666666666 0.5163636363636364
0.4724242424242424 0.5403030303030303
0.5272727272727273 0.5854545454545454
0.4533333333333333 0.5222222222222221
0.48868686868686867 0.5533333333333333
0.5047474747474747 0.5673737373737373
0.4954545454545455 0.5554545454545454
0.4527272727272727 0.5173737373737374
0.44212121212121214 0.5078787878787878
0.4533333333333333 0.5244444444444444
0.4826262626262626 0.5492929292929293
0.46070707070707073 0.5253535353535354
0.5263636363636364 0.5900000000000001
0.5136363636363637 0.5736363636363636
0.48717171717171714 0.5485858585858585
0.5213131313131313 0.5886868686868687
0.49636363636363634 0.56
0.4236363636363637 0.4933333333333334
0.48474747474747476 0.5473737373737374
0.41222222222222227 0.48111111111111116
0.45212121212121215 0.5178787878787878
0.4363636363636364 0.5021212121212122
0.4727272727272727 0.5353535353535354
0.42000000000000004 0.4866666666666667
0.5586868686868687 0.6233333333333334
0.4255555555555556 0.4966666666666667
0.46 0.5257575757575758
0.4929292929292929 0.5562626262626262
0.4486868686868687 0.5133333333333333
0.4333333333333333 0.5
0.5007070707070707 0.5633333333333334
0.5018181818181818 0.5618181818181818
0.491010101010101 0.5485858585858585
0.5071717171717172 0.5705050505050505
0.5027272727272727 0.5653535353535354
0.4990909090909091 0.5605050505050505
0.5054545454545455 0.5654545454545454
0.47212121212121216 0.5357575757575758
0.4443434343434343 0.5140404040404041
0.4677777777777778 0.5344444444444444
0.4790909090909091 0.5424242424242425
0.5042424242424243 0.5678787878787879
0.48525252525252527 0.5447474747474748
0.4884848484848485 0.55
0.4986868686868687 0.5613131313131313
0.4584848484848485 0.52
0.47 0.5344444444444444
0.48333333333333334 0.55
0.4571717171717172 0.5166666666666666
0.5333333333333333 0.5947474747474748
0.49333333333333335 0.5547474747474748
0.5072727272727273 0.5654545454545454
0.43555555555555553 0.5044444444444444
0.4986868686868687 0.5613131313131313
0.48868686868686867 0.5533333333333333
0.5086868686868686 0.5733333333333334
0.46636363636363637 0.5321212121212121
0.4867676767676768 0.5514141414141414
0.4706060606060606 0.5363636363636364
0.5083838383838384 0.565050505050505
0.4448484848484848 0.5175757575757576
0.48 0.5418181818181818
0.5127272727272727 0.5773737373737373
0.5007070707070707 0.5633333333333334
0.47575757575757577 0.5393939393939394
0.46636363636363637 0.5342424242424242
0.4986868686868687 0.5653535353535354
0.46424242424242423 0.53
0.48878787878787877 0.5514141414141414
0.47000000000000003 0.5315151515151515
0.45555555555555555 0.5244444444444444
0.4821212121212122 0.5478787878787879
0.5236363636363637 0.5800000000000001
0.4952525252525253 0.5585858585858585
0.5007070707070707 0.5633333333333334
0.4527272727272727 0.5173737373737374
0.49424242424242426 0.5578787878787879
0.49 0.5557575757575758
0.4706060606060606 0.5342424242424242
0.5483838383838384 0.6067676767676768
0.47070707070707074 0.5333333333333333
0.4333333333333333 0.5
0.5377777777777778 0.6000000000000001
0.49 0.5588888888888889
0.4706060606060606 0.5321212121212121
0.5078787878787879 0.5736363636363636
0.5221212121212121 0.5857575757575758
0.5 0.5657575757575758
0.45 0.5157575757575757
0.4921212121212121 0.5557575757575758
0.5301010101010101 0.5867676767676768
0.46212121212121215 0.53
0.49363636363636365 0.5593939393939393
0.48525252525252527 0.5466666666666666
0.5027272727272727 0.5653535353535354
0.4890909090909091 0.5543434343434344
0.5042424242424243 0.5678787878787879
0.47525252525252526 0.5366666666666666
0.4890909090909091 0.5543434343434344
0.4677777777777778 0.5366666666666666
0.4784848484848485 0.5421212121212121
0.4786868686868687 0.5453535353535354
0.49727272727272726 0.5572727272727273
0.5333333333333333 0.5947474747474748
0.46070707070707073 0.5253535353535354
0.4890909090909091 0.5524242424242424
0.46636363636363637 0.53
0.49787878787878787 0.5636363636363636
0.4855555555555556 0.5522222222222222
0.48 0.5444444444444444
0.47424242424242424 0.5421212121212121
0.4771717171717172 0.5385858585858586
0.48000000000000004 0.5457575757575758
0.42131313131313136 0.491010101010101
0.4890909090909091 0.5524242424242424
0.4507070707070707 0.5173737373737374
0.51 0.5715151515151515
0.44636363636363635 0.5142424242424242
0.4542424242424242 0.52
0.43555555555555553 0.5044444444444444
0.5318181818181819 0.5902020202020202
0.5152525252525253 0.5766666666666667
0.42898989898989903 0.4986868686868687
0.44555555555555554 0.5144444444444444
0.4890909090909091 0.5505050505050505
0.45212121212121215 0.5178787878787878
0.5421212121212121 0.6057575757575758
0.5007070707070707 0.5633333333333334
0.48717171717171714 0.5505050505050505
0.5029292929292929 0.5624242424242424
0.4527272727272727 0.5173737373737374
0.47000000000000003 0.5357575757575758
0.4442424242424242 0.51
0.4827272727272727 0.5473737373737374
0.47 0.5366666666666666
0.4947474747474747 0.5593939393939393
0.5148484848484849 0.5724242424242424
0.47474747474747475 0.5373737373737374
0.43 0.4978787878787879
0.4442424242424242 0.5121212121212121
0.5086868686868686 0.5713131313131313
0.46636363636363637 0.5278787878787878
0.5036363636363637 0.5715151515151515
0.43999999999999995 0.5044444444444444
0.45151515151515154 0.5215151515151515
0.4686868686868687 0.5313131313131313
0.4678787878787879 0.5336363636363637
0.5354545454545455 0.5954545454545455
0.4066666666666667 0.47636363636363643
0.46 0.5278787878787878
0.47525252525252526 0.5385858585858586
0.4255555555555556 0.4944444444444445
0.49575757575757573 0.5636363636363636
0.4866666666666667 0.5563636363636364
0.44595959595959594 0.5156565656565656
0.43777777777777777 0.5022222222222221
0.4771717171717172 0.5405050505050505
0.46070707070707073 0.5253535353535354
0.53 0.5915151515151515
0.4478787878787879 0.5136363636363637
0.49 0.5544444444444444
0.519090909090909 0.5785858585858585
0.49717171717171715 0.5585858585858585
0.4586868686868687 0.5253535353535354
0.5181818181818182 0.5800000000000001
0.48717171717171714 0.5485858585858585
0.42898989898989903 0.4986868686868687
0.43999999999999995 0.5066666666666666
0.47424242424242424 0.54
0.4571717171717172 0.5205050505050505
0.4827272727272727 0.5473737373737374
0.5354545454545455 0.5954545454545455
0.4333333333333333 0.5022222222222221
0.43212121212121213 0.5
0.4990909090909091 0.5605050505050505
0.491010101010101 0.5524242424242424
0.4814141414141414 0.5466666666666666
0.4163636363636364 0.48424242424242425
0.47464646464646465 0.5413131313131313
0.4947474747474747 0.5573737373737373
0.4921212121212121 0.5578787878787879
0.47474747474747475 0.5373737373737374
0.5266666666666667 0.5913131313131313
0.5266666666666667 0.5892929292929293
0.47141414141414145 0.5366666666666666
0.5171717171717172 0.5785858585858585
0.49727272727272726 0.5572727272727273
0.4411111111111111 0.51
0.509090909090909 0.5672727272727273
0.5007070707070707 0.5653535353535354
0.4911111111111111 0.5577777777777778
0.48474747474747476 0.5493939393939394
0.49636363636363634 0.56
0.5155555555555555 0.5800000000000001
0.408989898989899 0.4786868686868687
0.48363636363636364 0.54
0.5166666666666667 0.5792929292929293
0.4706060606060606 0.5363636363636364
0.46 0.5278787878787878
0.48424242424242425 0.55
0.47212121212121216 0.5378787878787878
0.4633333333333334 0.5266666666666666
0.45 0.5178787878787878
0.4671717171717172 0.5305050505050505
0.49666666666666665 0.5613131313131313
0.4477777777777778 0.5144444444444444
0.4927272727272727 0.5533333333333333
0.44555555555555554 0.5122222222222221
0.5111111111111111 0.5822222222222222
0.4263636363636364 0.4921212121212122
0.4522222222222222 0.5188888888888888
0.5007070707070707 0.5633333333333334
0.4927272727272727 0.5573737373737373
0.49424242424242426 0.5578787878787879
0.4786868686868687 0.5433333333333333
0.48424242424242425 0.55
0.46636363636363637 0.5321212121212121
0.49424242424242426 0.5578787878787879
0.5027272727272727 0.5673737373737373
0.5178787878787879 0.5815151515151515
0.46424242424242423 0.53
0.49717171717171715 0.5605050505050505
0.47525252525252526 0.5385858585858586
0.5155555555555555 0.5800000000000001
0.47575757575757577 0.5436363636363637
0.4442424242424242 0.51
0.4363636363636364 0.5021212121212122
0.48525252525252527 0.5466666666666666
0.49636363636363634 0.56
0.43777777777777777 0.5066666666666666
0.519090909090909 0.5805050505050505
0.4284848484848485 0.49636363636363645
0.4542424242424242 0.52
0.4442424242424242 0.5078787878787878
0.5 0.5666666666666667
0.5107070707070707 0.5733333333333334
0.5018181818181818 0.5618181818181818
0.4990909090909091 0.5590909090909091
0.4242424242424243 0.49000000000000005
0.4727272727272727 0.5353535353535354
0.5252525252525253 0.5866666666666667
0.4627272727272727 0.5253535353535354
0.4666666666666667 0.5313131313131313
0.47070707070707074 0.5353535353535354
0.5071717171717172 0.5666666666666667
0.4133333333333334 0.4844444444444445
0.4075757575757576 0.48030303030303034
0.4727272727272727 0.5373737373737374
0.5078787878787879 0.5715151515151515
0.4907070707070707 0.5553535353535354
0.46424242424242423 0.5278787878787878
0.5171717171717172 0.5766666666666667
0.46636363636363637 0.53
0.4771717171717172 0.5385858585858586
0.5029292929292929 0.5643434343434344
0.501010101010101 0.5605050505050505
0.5107070707070707 0.5713131313131313
0.4255555555555556 0.4944444444444445
0.48838383838383836 0.5484848484848485
0.5186868686868686 0.5813131313131313
0.45636363636363636 0.5221212121212121
0.5314141414141414 0.5947474747474748
0.4821212121212122 0.5478787878787879
0.4821212121212122 0.5457575757575758
0.5007070707070707 0.5653535353535354
0.4666666666666667 0.5313131313131313
0.49 0.5557575757575758
0.47 0.5366666666666666
0.5352525252525253 0.5966666666666667
0.4627272727272727 0.5253535353535354
0.4863636363636364 0.5521212121212121
0.47424242424242424 0.54
0.5027272727272727 0.5653535353535354
0.5206060606060606 0.5832323232323232
0.49363636363636365 0.5536363636363636
0.43999999999999995 0.5066666666666666
0.44636363636363635 0.51
0.4442424242424242 0.51
0.5081818181818182 0.5700000000000001
0.4484848484848485 0.5142424242424242
0.4486868686868687 0.5133333333333333
0.4586868686868687 0.5192929292929293
0.5442424242424243 0.6078787878787879
0.5 0.5636363636363636
0.44 0.5036363636363637
0.4536363636363636 0.5210101010101009
0.4986868686868687 0.5613131313131313
0.46555555555555556 0.5322222222222222
0.46 0.5257575757575758
0.5052525252525253 0.5647474747474748
0.4477777777777778 0.5166666666666666
0.4507070707070707 0.5173737373737374
0.45666666666666667 0.5233333333333333
0.49676767676767675 0.5593939393939393
0.46636363636363637 0.53
0.4767676767676768 0.5414141414141413
0.4867676767676768 0.5514141414141414
0.5107070707070707 0.5733333333333334
0.48363636363636364 0.5436363636363636
0.4622222222222222 0.5311111111111111
0.4907070707070707 0.5533333333333333
0.4790909090909091 0.5385858585858586
0.4542424242424242 0.5221212121212121
0.47212121212121216 0.5357575757575758
0.45212121212121215 0.5178787878787878
0.46636363636363637 0.53
0.4784848484848485 0.5421212121212121
0.44636363636363635 0.5121212121212121
0.43777777777777777 0.5044444444444444
0.49636363636363634 0.56
0.4477777777777778 0.5144444444444444
0.4684848484848485 0.5321212121212121
0.47474747474747475 0.5373737373737374
0.5007070707070707 0.5633333333333334
0.4890909090909091 0.5524242424242424
0.5066666666666667 0.5667676767676768
0.43424242424242426 0.5
0.5067676767676768 0.5662626262626262
0.4921212121212121 0.5578787878787879
0.5157575757575757 0.5815151515151515
0.5321212121212121 0.5978787878787879
0.47070707070707074 0.5333333333333333
0.4633333333333333 0.53
0.48 0.5466666666666666
0.48424242424242425 0.55
0.4821212121212122 0.5457575757575758
0.48717171717171714 0.5505050505050505
0.4718181818181818 0.5336363636363636
0.49636363636363634 0.56
0.4184848484848485 0.48424242424242425
0.4633333333333333 0.53
0.5086868686868686 0.5692929292929293
0.42737373737373735 0.4993939393939394
0.5218181818181818 0.5800000000000001
0.4671717171717172 0.5305050505050505
0.5267676767676768 0.5873737373737373
0.4771717171717172 0.5385858585858586
0.4726262626262626 0.5372727272727272
0.4927272727272727 0.5553535353535354
0.52 0.5836363636363636
0.4542424242424242 0.5221212121212121
0.48292929292929293 0.5443434343434344
0.4221212121212122 0.4878787878787879
0.4255555555555556 0.4944444444444445
0.43 0.4957575757575758
0.4766666666666667 0.5463636363636364
0.5033333333333333 0.5666666666666667
0.4433333333333333 0.5122222222222221
0.501010101010101 0.5624242424242424
0.4136363636363637 0.4856565656565657
0.4586868686868687 0.5213131313131313
0.4542424242424242 0.5157575757575757
0.46212121212121215 0.5278787878787878
0.5490909090909091 0.6085858585858586
0.5133333333333333 0.5800000000000001
0.45111111111111113 0.5177777777777778
0.46525252525252525 0.5266666666666666
0.46555555555555556 0.5344444444444444
0.4786868686868687 0.5433333333333333
0.48868686868686867 0.5513131313131313
0.48666666666666664 0.5513131313131313
0.4911111111111111 0.56
0.4826262626262626 0.5472727272727272
0.48666666666666664 0.5513131313131313
0.43666666666666665 0.5055555555555555
0.48363636363636364 0.5436363636363636
0.5077777777777778 0.5744444444444445
0.4627272727272727 0.5273737373737374
0.46424242424242423 0.5278787878787878
0.5071717171717172 0.5705050505050505
0.4666666666666667 0.5313131313131313
0.491010101010101 0.5543434343434344
0.541010101010101 0.6024242424242424
0.5257575757575758 0.5872727272727273
0.4133333333333334 0.4822222222222223
0.4255555555555556 0.4966666666666667
0.4686868686868687 0.5333333333333333
0.4163636363636364 0.48424242424242425
0.4863636363636364 0.55
0.47464646464646465 0.5392929292929293
0.5086868686868686 0.5713131313131313
0.5133333333333333 0.5747474747474748
0.4478787878787879 0.5115151515151515
0.4242424242424243 0.4921212121212122
0.49424242424242426 0.5578787878787879
0.5078787878787879 0.5736363636363636
0.4986868686868687 0.5613131313131313
0.5021212121212121 0.5657575757575758
0.4344444444444444 0.5033333333333333
0.448989898989899 0.5163636363636364
0.5007070707070707 0.5633333333333334
0.47424242424242424 0.5421212121212121
0.5006060606060606 0.5652525252525252
0.5015151515151515 0.5715151515151515
0.5054545454545455 0.5654545454545454
0.4877777777777778 0.5544444444444444
0.4771717171717172 0.5405050505050505
0.46525252525252525 0.5305050505050505
0.4827272727272727 0.5473737373737374
0.4986868686868687 0.5613131313131313
0.47212121212121216 0.5378787878787878
0.4293939393939394 0.4993939393939394
0.48717171717171714 0.5505050505050505
0.4984848484848485 0.5621212121212121
0.51010101010101 0.5684848484848485
0.43555555555555553 0.5
0.5107070707070707 0.5753535353535354
0.4133333333333334 0.4822222222222223
0.5152525252525253 0.5766666666666667
0.47555555555555556 0.54
0.43555555555555553 0.5
0.4771717171717172 0.5385858585858586
0.5086868686868686 0.5692929292929293
0.4863636363636364 0.55
0.4706060606060606 0.5363636363636364
0.4533333333333333 0.5244444444444444
0.39333333333333337 0.4644444444444445
0.4827272727272727 0.5473737373737374
0.5127272727272727 0.5733333333333334
0.5157575757575757 0.5793939393939394
0.47212121212121216 0.54
0.4242424242424243 0.4921212121212122
0.44636363636363635 0.5121212121212121
0.4952525252525253 0.5566666666666666
0.49727272727272726 0.5590909090909091
0.4927272727272727 0.5533333333333333
0.4986868686868687 0.5613131313131313
0.45 0.5157575757575757
0.4827272727272727 0.5453535353535354
0.43999999999999995 0.5088888888888888
0.5071717171717172 0.5705050505050505
0.5042424242424243 0.5657575757575758
0.5 0.5657575757575758
0.5078787878787879 0.5736363636363636
0.4763636363636364 0.5421212121212121
0.46424242424242423 0.5321212121212121
0.4627272727272727 0.5273737373737374
0.45666666666666667 0.5277777777777778
0.5166666666666667 0.5733333333333334
0.418989898989899 0.4886868686868687
0.46636363636363637 0.5321212121212121
0.4343434343434343 0.5040404040404041
0.49 0.5578787878787879
0.5007070707070707 0.5613131313131313
0.45060606060606057 0.5142424242424242
0.4577777777777778 0.5244444444444444
0.44636363636363635 0.5121212121212121
0.49636363636363634 0.5642424242424242
0.4677777777777778 0.5344444444444444
0.4488888888888889 0.5177777777777778
0.4921212121212121 0.5557575757575758
0.5227272727272727 0.5833333333333334
0.43000000000000005 0.4966666666666667
0.541010101010101 0.6024242424242424
0.4447474747474748 0.5073737373737375
0.46636363636363637 0.5342424242424242
0.48525252525252527 0.5485858585858585
0.4542424242424242 0.52
0.47474747474747475 0.5393939393939394
0.4133333333333334 0.4822222222222223
0.4522222222222222 0.5211111111111111
0.4790909090909091 0.5385858585858586
0.4442424242424242 0.5078787878787878
0.46474747474747474 0.5293939393939394
0.4221212121212122 0.49000000000000005
0.47333333333333333 0.5422222222222222
0.45 0.5157575757575757
0.48717171717171714 0.5505050505050505
0.4542424242424242 0.52
0.491010101010101 0.5505050505050505
0.4686868686868687 0.5333333333333333
0.49757575757575756 0.5609090909090909
0.4863636363636364 0.55
0.4586868686868687 0.5213131313131313
0.48787878787878786 0.5557575757575758
0.46 0.52
0.47424242424242424 0.54
0.4586868686868687 0.5253535353535354
0.5107070707070707 0.5753535353535354
0.4255555555555556 0.4944444444444445
0.5111111111111111 0.5777777777777778
0.46555555555555556 0.5322222222222222
0.43999999999999995 0.5044444444444444
0.4586868686868687 0.5233333333333333
0.45 0.5136363636363637
0.5127272727272727 0.5753535353535354
0.5006060606060606 0.5684848484848485
0.4947474747474747 0.5573737373737373
0.43555555555555553 0.5022222222222221
0.5121212121212121 0.5736363636363636
0.5352525252525253 0.5966666666666667
0.4477777777777778 0.5144444444444444
0.4484848484848485 0.5142424242424242
0.46212121212121215 0.53
0.47111111111111115 0.54
0.4763636363636364 0.54
0.5426262626262627 0.6113131313131314
0.46636363636363637 0.5321212121212121
0.4177777777777778 0.4844444444444445
0.47363636363636363 0.5354545454545454
0.45525252525252524 0.5185858585858586
0.47474747474747475 0.5373737373737374
0.49575757575757573 0.5636363636363636
0.42000000000000004 0.48888888888888893
0.4533333333333333 0.52
0.5071717171717172 0.5666666666666667
0.48111111111111116 0.55
0.4986868686868687 0.5633333333333334
0.5486868686868687 0.6113131313131314
0.46636363636363637 0.53
0.47070707070707074 0.5333333333333333
0.48424242424242425 0.55
0.45212121212121215 0.52
0.5243434343434343 0.5917171717171718
0.4855555555555556 0.5544444444444444
0.5021212121212121 0.5657575757575758
0.49 0.55
0.5326262626262627 0.5972727272727273
0.4584848484848485 0.5242424242424242
0.46555555555555556 0.5322222222222222
0.45474747474747473 0.5173737373737374
0.47 0.5344444444444444
0.44999999999999996 0.5166666666666666
0.4927272727272727 0.5573737373737373
0.48333333333333334 0.55
0.4986868686868687 0.5633333333333334
0.45666666666666667 0.5213131313131313
0.5042424242424243 0.5678787878787879
0.49333333333333335 0.5577777777777778
0.4954545454545455 0.5554545454545454
0.4542424242424242 0.52
0.46070707070707073 0.5233333333333333
0.43555555555555553 0.5022222222222221
0.47212121212121216 0.5378787878787878
0.4433333333333333 0.5122222222222221
0.4333333333333333 0.5022222222222221
0.4477777777777778 0.5144444444444444
0.4177777777777778 0.4866666666666667
0.47333333333333333 0.54
0.5042424242424243 0.5657575757575758
0.47424242424242424 0.5378787878787878
0.41555555555555557 0.4844444444444445
0.46636363636363637 0.5321212121212121
0.4921212121212121 0.5557575757575758
0.51 0.5718181818181818
0.4636363636363636 0.5236363636363636
0.46070707070707073 0.5273737373737374
0.48717171717171714 0.5485858585858585
0.49424242424242426 0.5578787878787879
0.5263636363636364 0.5900000000000001
0.5178787878787879 0.5815151515151515
0.5196969696969698 0.5893939393939394
0.5152525252525253 0.5785858585858585
0.4277777777777778 0.4966666666666667
0.46424242424242423 0.53
0.4827272727272727 0.5453535353535354
0.4907070707070707 0.5533333333333333
0.5352525252525253 0.5966666666666667
0.4577777777777778 0.5288888888888889
0.50010101010101 0.5584848484848485
0.46636363636363637 0.5342424242424242
0.48787878787878786 0.5536363636363636
0.4986868686868687 0.5613131313131313
0.4947474747474747 0.5593939393939393
0.4890909090909091 0.5524242424242424
0.43777777777777777 0.5022222222222221
0.4626262626262626 0.5272727272727272
0.48525252525252527 0.5485858585858585
0.5147474747474747 0.5793939393939394
0.46 0.5236363636363637
0.52 0.5815151515151515
0.508888888888889 0.5733333333333334
0.509090909090909 0.5705050505050505
0.4986868686868687 0.5613131313131313
0.4277777777777778 0.4944444444444445
0.5147474747474747 0.5773737373737373
0.41555555555555557 0.4822222222222223
0.44999999999999996 0.5188888888888888
0.4488888888888889 0.52
0.4471717171717172 0.5105050505050506
0.4627272727272727 0.5273737373737374
0.47424242424242424 0.5378787878787878
0.42000000000000004 0.48888888888888893
0.4921212121212121 0.5557575757575758
0.4767676767676768 0.5393939393939394
0.47000000000000003 0.53
0.5107070707070707 0.5753535353535354
0.47131313131313135 0.5433333333333333
0.4777777777777778 0.5444444444444444
0.47474747474747475 0.5353535353535354
0.4954545454545455 0.5572727272727273
0.4907070707070707 0.5533333333333333
0.4826262626262626 0.5492929292929293
0.4986868686868687 0.5613131313131313
0.48424242424242425 0.55
0.4678787878787879 0.5336363636363637
0.4786868686868687 0.5433333333333333
0.4827272727272727 0.5453535353535354
0.4586868686868687 0.5233333333333333
0.49676767676767675 0.5573737373737373
0.4627272727272727 0.5273737373737374
0.4827272727272727 0.5473737373737374
0.4533333333333333 0.5222222222222221
0.4771717171717172 0.5405050505050505
0.481010101010101 0.5424242424242425
0.4786868686868687 0.5433333333333333
0.48070707070707075 0.5453535353535354
0.4911111111111111 0.5622222222222222
0.47555555555555556 0.54
0.4477777777777778 0.5144444444444444
0.5342424242424243 0.5957575757575758
0.4821212121212122 0.5457575757575758
0.45212121212121215 0.5178787878787878
0.41212121212121217 0.48000000000000004
0.4333333333333333 0.5
0.46555555555555556 0.5322222222222222
0.46111111111111114 0.5277777777777778
0.5166666666666667 0.5792929292929293
0.47424242424242424 0.5421212121212121
0.4507070707070707 0.5173737373737374
0.4263636363636364 0.49000000000000005
0.4163636363636364 0.4821212121212122
0.5 0.5688888888888889
0.5107070707070707 0.5753535353535354
0.4827272727272727 0.5453535353535354
0.4411111111111111 0.51
0.4914141414141414 0.5528282828282828
0.46424242424242423 0.53
0.4577777777777778 0.5266666666666666
0.458989898989899 0.5286868686868686
0.4363636363636364 0.5021212121212122
0.4277777777777778 0.4944444444444445
0.4413131313131313 0.5133333333333333
0.5007070707070707 0.5633333333333334
0.47151515151515155 0.5393939393939394
0.42464646464646466 0.49131313131313137
0.44999999999999996 0.5188888888888888
0.44999999999999996 0.5144444444444444
0.43666666666666665 0.5077777777777778
0.4890909090909091 0.5505050505050505
0.46636363636363637 0.5321212121212121
0.45666666666666667 0.5213131313131313
0.5233333333333333 0.5847474747474748
0.4606060606060606 0.5263636363636364
0.45666666666666667 0.5213131313131313
0.4242424242424243 0.4921212121212122
0.418989898989899 0.4933333333333334
0.46070707070707073 0.5273737373737374
0.4786868686868687 0.5413131313131313
0.4907070707070707 0.5553535353535354
0.4766666666666667 0.5392929292929293
0.408989898989899 0.4786868686868687
0.49 0.55
0.5610101010101011 0.6205050505050506
0.4333333333333333 0.5
0.5157575757575757 0.5793939393939394
0.48000000000000004 0.5478787878787879
0.4606060606060606 0.5263636363636364
0.43202020202020197 0.5017171717171717
0.4533333333333333 0.5222222222222221
0.44666666666666666 0.5133333333333333
0.46636363636363637 0.5321212121212121
0.43999999999999995 0.5088888888888888
0.4947474747474747 0.5593939393939393
0.49727272727272726 0.5572727272727273
0.47000000000000003 0.5378787878787878
0.45111111111111113 0.52
0.4786868686868687 0.5433333333333333
0.46212121212121215 0.53
0.4890909090909091 0.5505050505050505
0.4277777777777778 0.4966666666666667
0.5252525252525253 0.5866666666666667
0.47555555555555556 0.5422222222222222
0.4766666666666667 0.5413131313131313
0.51 0.5757575757575758
0.4786868686868687 0.5413131313131313
0.48474747474747476 0.5473737373737374
0.4527272727272727 0.5153535353535353
0.5086868686868686 0.5733333333333334
0.40202020202020206 0.47404040404040404
0.49 0.56
0.4777777777777778 0.5422222222222222
0.4863636363636364 0.55
0.5136363636363637 0.5736363636363636
0.49666666666666665 0.5613131313131313
0.4311111111111111 0.5
0.4766666666666667 0.5463636363636364
0.5286868686868686 0.5933333333333334
0.5218181818181818 0.5781818181818182
0.4877777777777778 0.5544444444444444
0.4 0.4666666666666667
0.48070707070707075 0.5453535353535354
0.46212121212121215 0.5257575757575758
0.48000000000000004 0.5436363636363637
0.5018181818181818 0.56
0.4690909090909091 0.5324242424242425
0.4686868686868687 0.5333333333333333
0.48717171717171714 0.5485858585858585
0.46070707070707073 0.5253535353535354
0.5371717171717172 0.5947474747474748
0.4827272727272727 0.5473737373737374
0.41555555555555557 0.4866666666666667
0.531010101010101 0.5924242424242424
0.4133333333333334 0.48000000000000004
0.42111111111111116 0.49000000000000005
0.45999999999999996 0.5288888888888889
0.5018181818181818 0.5618181818181818
0.4588888888888889 0.53
0.4533333333333333 0.52
0.39131313131313133 0.4633333333333334
0.511010101010101 0.5685858585858585
0.5263636363636364 0.5878787878787879
0.4918181818181818 0.5536363636363636
0.4407070707070707 0.5053535353535354
0.44656565656565655 0.5152525252525253
0.49787878787878787 0.5615151515151515
0.4821212121212122 0.5478787878787879
0.44636363636363635 0.5121212121212121
0.48333333333333334 0.5522222222222222
0.4727272727272727 0.5353535353535354
0.5332323232323233 0.5898989898989899
0.4277777777777778 0.49888888888888894
0.47 0.5366666666666666
0.4407070707070707 0.5053535353535354
