0.17575757575757575 0.6187878787878788
0.2590909090909091 0.8190909090909091
0.333030303030303 0.7282828282828283
0.11494949494949495 0.7577777777777778
0.1584848484848485 0.6883838383838384
0.2981818181818182 0.8315151515151515
0.2397979797979798 0.6803030303030303
0.3273737373737374 0.7182828282828283
0.0 0.6151515151515152
0.0 0.6353535353535353
0.11656565656565657 0.8371717171717172
0.27171717171717175 0.7872727272727272
0.24262626262626263 0.7290909090909091
0.33464646464646464 0.8645454545454545
0.3681818181818182 0.8893939393939394
0.3145454545454545 0.7412121212121212
0.28181818181818186 0.7563636363636363
0.28424242424242424 0.7012121212121212
0.30606060606060603 0.7718181818181818
0.3302020202020202 0.7746464646464647
0.3485858585858586 0.7574747474747475
0.15151515151515152 0.7611111111111111
0.238989898989899 0.6615151515151516
0.2878787878787879 0.8063636363636363
0.13151515151515153 0.7411111111111112
0.25757575757575757 0.7614141414141414
0.3618181818181818 0.8254545454545454
0.06757575757575758 0.8145454545454546
0.29868686868686867 0.7026262626262627
0.27515151515151515 0.7195959595959596
0.3106060606060606 0.7587878787878788
0.17434343434343436 0.8054545454545454
0.38656565656565656 0.7592929292929294
0.19757575757575757 0.7014141414141415
0.05454545454545455 0.6872727272727273
0.12606060606060607 0.6078787878787879
0.12272727272727273 0.6827272727272727
0.24727272727272728 0.7109090909090909
0.15454545454545457 0.5957575757575757
0.1321212121212121 0.7588888888888888
0.1881818181818182 0.7093939393939395
0.151010101010101 0.6184848484848484
0.28545454545454546 0.7439393939393939
0.273030303030303 0.7624242424242424
0.2987878787878788 0.8498989898989899
0.16141414141414143 0.6271717171717173
0.20575757575757575 0.6732323232323232
0.2290909090909091 0.7827272727272727
0.28141414141414145 0.7418181818181819
0.15939393939393942 0.7218181818181818
0.17575757575757575 0.6484848484848484
0.23696969696969697 0.7347474747474748
0.3463636363636364 0.8154545454545454
0.20787878787878789 0.7204040404040406
0.26181818181818184 0.7363636363636363
0.2285858585858586 0.6421212121212122
0.29141414141414146 0.7625252525252526
0.283030303030303 0.7724242424242425
0.15606060606060607 0.6325252525252526
0.3181818181818182 0.7181818181818181
0.19484848484848485 0.99
0.24585858585858586 0.7953535353535354
0.2175757575757576 0.7331313131313131
0.2481818181818182 0.7693939393939394
0.25303030303030305 0.7481818181818182
0.25303030303030305 0.7424242424242424
0.23777777777777778 0.6288888888888889
0.36373737373737375 0.7815151515151515
0.11212121212121212 0.7315151515151516
0.043737373737373735 0.6275757575757576
0.2877777777777778 0.6877777777777777
0.08181818181818182 0.550909090909091
0.09909090909090909 0.6527272727272727
0.23757575757575758 0.7472727272727273
0.17464646464646463 0.6983838383838384
0.40272727272727277 0.7845454545454547
0.23343434343434344 0.7431313131313131
0.18292929292929294 0.7518181818181818
0.2211111111111111 0.7155555555555555
0.18181818181818182 0.6618181818181819
0.17626262626262626 0.6384848484848484
0.17545454545454545 0.7100000000000001
0.40979797979797983 0.8404040404040404
0.20727272727272728 0.7139393939393941
0.12000000000000001 0.6866666666666666
0.2546464646464647 0.7907070707070707
0.0 0.6095959595959596
0.3977777777777778 0.788888888888889
0.31727272727272726 0.8124242424242425
0.23575757575757575 0.6890909090909091
0.34575757575757576 0.7974747474747474
0.43141414141414147 0.9025252525252526
0.33 0.9166666666666665
0.41424242424242425 0.8415151515151515
0.0 0.6222222222222222
0.09909090909090909 0.6463636363636364
0.0 0.4157575757575757
0.11343434343434343 0.6231313131313131
0.24373737373737375 0.6567676767676769
0.2727272727272727 0.6772727272727274
0.24535353535353535 0.9362626262626262
0.36939393939393944 0.9576767676767677
0.26181818181818184 0.7363636363636363
0.0 0.5777777777777778
0.2793939393939394 0.8418181818181818
0.08838383838383838 0.888080808080808
0.2673737373737374 0.6539393939393939
0.30424242424242426 0.8254545454545454
0.3052525252525253 0.7395959595959596
0.2702020202020202 0.7146464646464648
0.2581818181818182 0.6627272727272728
0.238989898989899 0.6615151515151516
0.31696969696969696 0.8090909090909091
0.3478787878787879 0.8663636363636364
0.1503030303030303 0.7255555555555556
0.3033333333333333 0.7122222222222222
0.19757575757575757 0.7014141414141415
0.18696969696969698 0.6847474747474747
0.1606060606060606 0.7444444444444446
0.3007070707070707 0.7825252525252526
0.3993939393939394 0.8115151515151515
0.2306060606060606 0.683939393939394
0.12515151515151515 0.7615151515151515
0.2096969696969697 0.7612121212121212
0.2496969696969697 0.8077777777777778
0.2877777777777778 0.6877777777777777
0.286969696969697 0.7847474747474749
0.29393939393939394 0.9212121212121213
0.10313131313131313 0.6677777777777778
0.08262626262626263 0.5747474747474748
0.2724242424242424 0.9376767676767677
0.20343434343434344 0.7131313131313131
0.12676767676767678 0.8477777777777777
0.3714141414141415 0.8264646464646466
0.21373737373737375 0.8113131313131312
0.1690909090909091 0.7163636363636364
0.25606060606060604 0.7325252525252526
0.25737373737373737 0.6439393939393939
0.33545454545454545 0.793939393939394
0.3242424242424242 0.7515151515151515
0.356969696969697 0.7387878787878788
0.2318181818181818 0.7063636363636364
0.2827272727272727 0.6827272727272727
0.31181818181818177 0.780909090909091
0.1478787878787879 0.6604040404040403
0.15606060606060607 0.6271717171717173
0.41939393939393943 0.8363636363636364
0.09393939393939395 0.7722222222222224
0.24222222222222223 0.6288888888888889
0.25303030303030305 0.7481818181818182
0.1414141414141414 0.6071717171717173
0.22484848484848485 0.6703030303030304
0.30636363636363634 0.7863636363636364
0.1906060606060606 0.7744444444444444
0.3336363636363636 0.7472727272727273
0.30101010101010106 0.7527272727272727
0.2582828282828283 0.8592929292929293
0.039595959595959594 0.8936363636363636
0.041717171717171715 0.5631313131313131
0.2826262626262626 0.7804040404040405
0.22979797979797978 0.6653535353535354
0.12848484848484848 0.6583838383838384
0.48939393939393944 0.916060606060606
0.4263636363636364 0.9063636363636365
0.21393939393939393 0.9002020202020202
0.22505050505050506 0.7573737373737375
0.2581818181818182 0.7793939393939394
0.13303030303030303 0.633939393939394
0.1578787878787879 0.6823232323232323
0.3622222222222222 0.8344444444444445
0.033131313131313136 0.6043434343434344
0.29979797979797984 0.7254545454545455
0.31272727272727274 0.8727272727272728
0.3375757575757576 0.8472727272727274
0.2673737373737374 0.6539393939393939
0.32272727272727275 0.7130303030303029
0.2885858585858586 0.7067676767676767
0.30464646464646467 0.8283838383838384
0.3097979797979798 0.7453535353535354
0.10373737373737374 0.7081818181818182
0.3422222222222222 0.8200000000000001
0.1390909090909091 0.6863636363636364
0.28121212121212125 0.6503030303030304
0.3565656565656566 0.7292929292929293
0.3372727272727273 0.8381818181818181
0.22262626262626264 0.7034343434343435
0.2096969696969697 0.7743434343434343
0.2638383838383838 0.7644444444444445
0.29383838383838384 0.8004040404040403
0.25222222222222224 0.7355555555555555
0.25636363636363635 0.730909090909091
0.2581818181818182 0.6627272727272728
0.2738383838383838 0.7804040404040403
0.12434343434343434 0.7554545454545455
0.2684848484848485 0.7983838383838384
0.22222222222222224 0.7
0.328989898989899 0.742020202020202
0.12454545454545454 0.5609090909090909
0.3093939393939394 0.740909090909091
0.4285858585858586 0.8281818181818181
0.3654545454545455 0.8187878787878788
0.17898989898989898 0.6015151515151514
0.31626262626262625 0.8743434343434344
0.24666666666666667 0.73
0.34272727272727277 0.7330303030303029
0.15909090909090912 0.7063636363636364
0.13757575757575757 0.6472727272727273
0.2478787878787879 0.7723232323232324
0.27181818181818185 0.7518181818181818
0.07292929292929293 0.6418181818181818
0.2381818181818182 0.7654545454545455
0.2632323232323232 0.6674747474747476
0.045959595959595964 0.7242424242424244
0.0073737373737373735 0.6415151515151515
0.3142424242424242 0.7415151515151515
0.38191919191919194 0.9242424242424242
0.41181818181818186 0.7742424242424243
0.30030303030303035 0.8755555555555556
0.3139393939393939 0.99
0.16474747474747475 0.6003030303030303
0.2203030303030303 0.8023232323232323
0.19414141414141414 0.8092929292929292
0.3984848484848485 0.9591919191919192
0.22101010101010102 0.6884848484848485
0.251010101010101 0.707979797979798
0.12757575757575756 0.648989898989899
0.3337373737373737 0.7515151515151515
0.029797979797979796 0.941010101010101
0.25575757575757574 0.7232323232323232
0.21181818181818182 0.8445454545454545
0.21555555555555556 0.8999999999999999
0.2606060606060606 0.7036363636363636
0.21151515151515152 0.8211111111111111
0.3087878787878788 0.8473737373737376
0.2106060606060606 0.6690909090909092
0.29898989898989903 0.712020202020202
0.14727272727272728 0.6596969696969698
0.2018181818181818 0.6818181818181819
0.2687878787878788 0.8073737373737373
0.29101010101010105 0.747979797979798
0.2773737373737374 0.6682828282828284
0.15545454545454546 0.613939393939394
0.2493939393939394 0.8053535353535354
0.22969696969696968 0.7877777777777778
0.24303030303030304 0.7381818181818182
0.39505050505050504 0.9774747474747474
0.4032323232323232 0.8028282828282828
0.3181818181818182 0.7272727272727273
0.32616161616161615 0.6897979797979799
0.18181818181818182 0.6563636363636364
0.3022222222222222 0.78
0.2311111111111111 0.7311111111111112
0.30262626262626263 0.7834343434343434
0.34242424242424246 0.7234343434343434
0.30818181818181817 0.7127272727272727
0.3393939393939394 0.8888888888888888
0.13060606060606061 0.7144444444444445
0.28363636363636363 0.6972727272727273
0.28090909090909094 0.8803030303030304
0.25545454545454543 0.7087878787878787
0.39656565656565657 0.7568686868686869
0.1581818181818182 0.6915151515151515
0.04555555555555556 0.7144444444444444
0.16606060606060605 0.6318181818181818
0.308989898989899 0.7315151515151515
0.2596969696969697 0.8374747474747475
0.0 0.6602020202020202
0.23272727272727273 0.6103030303030303
0.15272727272727274 0.7966666666666667
0.1384848484848485 0.6807070707070707
0.05797979797979798 0.7681818181818182
0.1296969696969697 0.7009090909090909
0.2634343434343434 0.7672727272727273
0.10353535353535354 0.6923232323232323
0.24484848484848487 0.6903030303030303
0.28181818181818186 0.750909090909091
0.29212121212121217 0.8315151515151515
0.4718181818181818 0.99
0.19999999999999998 0.7733333333333332
0.408989898989899 0.8267676767676767
0.2503030303030303 0.8255555555555556
0.25373737373737376 0.6715151515151516
0.27242424242424246 0.6451515151515153
0.27989898989898987 0.99
0.24303030303030304 0.7324242424242424
0.2696969696969697 0.8277777777777778
0.42898989898989903 0.8372727272727272
0.055757575757575756 0.517979797979798
0.027878787878787878 0.7054545454545456
0.388989898989899 0.7925252525252524
0.296969696969697 0.6787878787878788
0.1184848484848485 0.6483838383838384
0.23464646464646463 0.7583838383838384
0.2715151515151515 0.8882828282828282
0.10787878787878788 0.6263636363636365
0.2545454545454545 0.6909090909090909
0.26626262626262626 0.8243434343434344
0.16818181818181818 0.6954545454545454
0.26222222222222225 0.6577777777777778
0.05515151515151515 0.6990909090909091
0.22545454545454544 0.683939393939394
0.3575757575757576 0.8614141414141414
0.14727272727272728 0.6424242424242425
0.2206060606060606 0.8113131313131312
0.30777777777777776 0.7077777777777778
0.2084848484848485 0.7445454545454546
0.36939393939393944 0.7912121212121213
0.18535353535353535 0.860909090909091
0.29303030303030303 0.6882828282828283
0.0 0.6363636363636364
0.2675757575757576 0.7772727272727273
0.2781818181818182 0.6827272727272727
0.3972727272727273 0.8981818181818182
0.18454545454545457 0.8245454545454546
0.28454545454545455 0.7209090909090909
0.24666666666666667 0.7411111111111112
0.4066666666666667 0.9066666666666667
0.3275757575757576 0.8372727272727274
0.0 0.5563636363636364
0.0 0.7111111111111111
0.25181818181818183 0.7263636363636364
0.2202020202020202 0.6595959595959596
0.2403030303030303 0.8223232323232323
0.1993939393939394 0.761818181818182
0.4081818181818182 0.8218181818181818
0.20606060606060606 0.6825252525252525
0.35424242424242425 0.780909090909091
0.21515151515151515 0.8818181818181818
0.3412121212121212 0.7145454545454546
0.3377777777777778 0.7422222222222222
0.3718181818181818 0.8463636363636364
0.3373737373737374 0.7282828282828283
0.23575757575757575 0.697979797979798
0.29181818181818187 0.9536363636363636
0.28 0.8533333333333334
0.1715151515151515 0.7811111111111111
0.3051515151515151 0.7495959595959596
0.3222222222222222 0.8
0.23696969696969697 0.7290909090909091
0.21363636363636365 0.6227272727272728
0.4771717171717172 0.7862626262626263
0.15383838383838383 0.6604040404040403
0.40494949494949495 0.745050505050505
0.35060606060606064 0.7936363636363637
0.28121212121212125 0.8892929292929292
0.24191919191919192 0.7663636363636365
0.15838383838383838 0.9380808080808081
0.2885858585858586 0.7114141414141414
0.32484848484848483 0.7703030303030304
0.20757575757575758 0.7172727272727273
0.3560606060606061 0.7339393939393939
0.26181818181818184 0.7363636363636363
0.0 0.746969696969697
0.28454545454545455 0.7209090909090909
0.27 0.8433333333333334
0.34101010101010104 0.7874747474747474
0.17222222222222222 0.6555555555555556
0.17666666666666667 0.6599999999999999
0.035959595959595955 0.5604040404040403
0.32656565656565656 0.7034343434343434
0.2002020202020202 0.6446464646464647
0.20666666666666667 0.6955555555555555
0.3418181818181818 0.810909090909091
0.11393939393939395 0.7203030303030303
0.13757575757575757 0.6472727272727273
0.2673737373737374 0.6539393939393939
0.23242424242424242 0.8752525252525253
0.2081818181818182 0.6127272727272728
0.1778787878787879 0.6963636363636363
0.27515151515151515 0.7195959595959596
0.26545454545454544 0.7290909090909091
0.20303030303030303 0.6981818181818182
0.13787878787878788 0.6504040404040403
0.2562626262626263 0.8143434343434344
0.2922222222222222 0.7755555555555556
0.25737373737373737 0.6482828282828283
0.22101010101010102 0.6832323232323232
0.16424242424242425 0.6793939393939394
0.22575757575757574 0.6932323232323232
0.19434343434343435 0.8254545454545454
0.14727272727272728 0.6424242424242425
0.3113131313131313 0.8204040404040405
0.5277777777777778 0.9100000000000001
0.381010101010101 0.8432323232323232
0.11272727272727273 0.6790909090909091
0.27181818181818185 0.8972727272727272
0.16141414141414143 0.6325252525252526
0.4165656565656566 0.7810101010101012
0.4261616161616162 0.7897979797979798
0.3106060606060606 0.7639393939393939
0.2306060606060606 0.683939393939394
0.07393939393939394 0.6733333333333333
0.30272727272727273 0.7072727272727273
0.2617171717171717 0.6395959595959596
0.3984848484848485 0.99
0.29060606060606065 0.7387878787878788
0.2381818181818182 0.6427272727272728
0.30262626262626263 0.7890909090909091
0.18616161616161617 0.8972727272727273
0.13474747474747475 0.7910101010101009
0.4166666666666667 0.9055555555555556
0.3336363636363636 0.7518181818181818
0.21595959595959596 0.9820202020202022
0.32696969696969697 0.7087878787878787
0.2781818181818182 0.8115151515151515
0.23343434343434344 0.7314141414141414
0.3203030303030303 0.9158585858585857
0.29181818181818187 0.9827272727272728
0.29979797979797984 0.7353535353535354
0.05393939393939394 0.6533333333333333
0.1778787878787879 0.6963636363636363
0.3977777777777778 0.7933333333333334
0.3654545454545455 0.8136363636363637
0.17666666666666667 0.6711111111111111
0.2496969696969697 0.8143434343434344
0.045454545454545456 0.4987878787878788
0.3463636363636364 0.8154545454545454
0.14515151515151514 0.5996969696969697
0.20262626262626263 0.6890909090909092
0.36262626262626263 0.8490909090909091
0.33454545454545453 0.7660606060606061
0.4093939393939394 0.8263636363636364
0.40484848484848485 0.8404040404040404
0.20787878787878789 0.7263636363636365
0.11252525252525253 0.6698989898989899
0.35474747474747476 0.7804040404040404
0.1203030303030303 0.7023232323232323
0.006262626262626262 0.5511111111111111
0.31777777777777777 0.7133333333333334
0.07292929292929293 0.6482828282828283
0.1990909090909091 0.7527272727272729
0.1690909090909091 0.7163636363636364
0.1784848484848485 0.7083838383838384
0.10848484848484849 0.6445454545454545
0.2887878787878788 0.8211111111111111
0.4612121212121212 0.8260606060606059
0.12787878787878787 0.8290909090909091
0.18464646464646464 0.7145454545454546
0.38212121212121214 0.7538383838383838
0.24191919191919192 0.7663636363636365
0.30737373737373735 0.6939393939393939
0.28030303030303033 0.8690909090909091
0.1690909090909091 0.7163636363636364
0.23343434343434344 0.7314141414141414
0.30383838383838385 0.8104040404040403
0.1684848484848485 0.6983838383838384
0.381010101010101 0.837979797979798
0.14757575757575758 0.6572727272727272
0.20979797979797982 0.6503030303030304
0.25666666666666665 0.8233333333333334
0.1796969696969697 0.7377777777777779
0.017575757575757578 0.6918181818181819
0.25212121212121213 0.8788888888888888
0.03535353535353535 0.6878787878787879
0.24525252525252525 0.6896969696969697
0.2970707070707071 0.8858585858585859
0.29101010101010105 0.7532323232323233
0.17393939393939395 0.8681818181818183
0.28020202020202023 0.7195959595959596
0.3139393939393939 0.969090909090909
0.28090909090909094 0.8872727272727273
0.2387878787878788 0.7711111111111111
0.1906060606060606 0.6490909090909092
0.45272727272727276 0.8345454545454545
0.16090909090909092 0.7533333333333334
0.321010101010101 0.7727272727272727
0.21262626262626264 0.7047474747474749
0.046868686868686865 0.6581818181818181
0.296969696969697 0.6787878787878788
0.3618181818181818 0.830909090909091
0.25252525252525254 0.7973737373737373
0.45545454545454545 0.9139393939393939
0.0790909090909091 0.6200000000000001
0.037676767676767677 0.7132323232323232
0.1203030303030303 0.6955555555555556
0.1296969696969697 0.6877777777777778
0.24383838383838385 0.7563636363636365
0.2181818181818182 0.7393939393939395
0.23363636363636364 0.9663636363636363
0.4173737373737374 0.8082828282828283
0.22303030303030305 0.8909090909090909
0.1493939393939394 0.7053535353535354
0.0 0.5777777777777778
0.22141414141414142 0.6818181818181819
0.2018181818181818 0.8200000000000001
0.22474747474747475 0.6553535353535354
0.41363636363636364 0.8136363636363637
0.2734343434343434 0.7714141414141414
0.30060606060606065 0.7436363636363637
0.37101010101010107 0.827979797979798
0.33505050505050504 0.8736363636363638
0.16939393939393937 0.600909090909091
0.39636363636363636 0.870909090909091
0.1984848484848485 0.7345454545454546
0.1812121212121212 0.7751515151515151
0.35101010101010105 0.8027272727272727
0.31575757575757574 0.7832323232323233
0.2673737373737374 0.6539393939393939
0.29939393939393943 0.8553535353535354
0.25181818181818183 0.7209090909090909
0.31727272727272726 0.8181818181818181
0.36858585858585863 0.7774747474747475
0.20303030303030303 0.6981818181818182
0.4033333333333333 0.8077777777777779
0.21525252525252525 0.6546464646464647
0.2103030303030303 0.7855555555555556
0.2202020202020202 0.6696969696969697
0.29323232323232323 0.7067676767676767
0.05666666666666667 0.65
0.15262626262626264 0.6504040404040405
0.21939393939393942 0.646060606060606
0.18727272727272729 0.693939393939394
0.1923232323232323 0.7407070707070709
0.2581818181818182 0.7854545454545454
0.346969696969697 0.7287878787878788
0.13121212121212122 0.7251515151515152
0.2772727272727273 0.7781818181818182
0.3381818181818182 0.7472727272727273
0.353030303030303 0.7526262626262628
0.24454545454545457 0.8845454545454546
0.3622222222222222 0.7533333333333334
0.2872727272727273 0.793939393939394
0.25636363636363635 0.7363636363636363
0.2178787878787879 0.7423232323232325
0.2793939393939394 0.7109090909090909
0.17424242424242425 0.6062626262626262
0.1802020202020202 0.6296969696969698
0.05878787878787879 0.8233333333333334
0.21666666666666667 0.7
0.2542424242424242 0.691010101010101
0.3781818181818182 0.9054545454545454
0.09535353535353536 0.7478787878787878
0.25595959595959594 0.7982828282828283
0.4163636363636364 0.8854545454545455
0.0 0.7200000000000001
0.2881818181818182 0.6972727272727273
0.27131313131313134 0.7747474747474749
0.2484848484848485 0.7907070707070707
0.14181818181818182 0.76
0.12818181818181817 0.6493939393939394
0.35494949494949496 0.6875757575757575
0.3481818181818182 0.8875757575757577
0.13121212121212122 0.7392929292929293
0.10939393939393939 0.6718181818181818
0.16343434343434343 0.6672727272727272
0.19747474747474747 0.7744444444444444
0.15343434343434342 0.6572727272727272
0.26121212121212123 0.8622222222222222
0.211010101010101 0.6784848484848485
0.10434343434343435 0.7211111111111111
0.17373737373737375 0.7713131313131313
0.3472727272727273 0.8596969696969698
0.39181818181818184 0.7581818181818182
0.1 0.6733333333333333
0.26151515151515153 0.8854545454545455
0.2721212121212121 0.921010101010101
0.3102020202020202 0.7546464646464647
0.13090909090909092 0.7303030303030303
0.28232323232323236 0.8368686868686869
0.17515151515151517 0.6296969696969698
0.10515151515151515 0.5546464646464647
0.22636363636363635 0.7118181818181818
0.18515151515151515 0.9313131313131313
0.17383838383838382 0.6923232323232323
0.32666666666666666 0.81
0.36373737373737375 0.7767676767676768
0.1493939393939394 0.7053535353535354
0.19727272727272727 0.6924242424242424
0.18181818181818182 0.8
0.27090909090909093 0.8703030303030304
0.23747474747474748 0.8144444444444445
0.36939393939393944 0.9512121212121212
0.17676767676767677 0.99
0.0 0.5107070707070707
0.27 0.8433333333333334
0.22939393939393937 0.7853535353535354
0.43272727272727274 0.8145454545454545
0.2206060606060606 0.6687878787878788
0.16393939393939394 0.7633333333333333
0.22252525252525251 0.77989898989899
0.007272727272727273 0.6327272727272727
0.3018181818181819 0.7654545454545455
0.1987878787878788 0.7373737373737375
0.3296969696969697 0.9074747474747473
0.13272727272727272 0.7766666666666667
0.0 0.5688888888888889
0.19313131313131313 0.7577777777777779
0.23303030303030303 0.7281818181818182
0.2924242424242425 0.6734343434343435
0.09313131313131313 0.6643434343434343
0.017676767676767676 0.6855555555555556
0.27545454545454545 0.81
0.16383838383838384 0.6704040404040403
0.08212121212121212 0.6215151515151516
0.2109090909090909 0.8103030303030303
0.21292929292929294 0.7688888888888887
0.3278787878787879 0.9830303030303029
0.1690909090909091 0.7163636363636364
0.28181818181818186 0.7454545454545455
0.2581818181818182 0.6627272727272728
0.2106060606060606 0.8013131313131312
0.24383838383838385 0.7563636363636365
0.0 0.9500000000000001
0.1184848484848485 0.6483838383838384
0.19181818181818183 0.81
0.3333333333333333 0.94
0.3245454545454545 0.7512121212121212
0.3485858585858586 0.7528282828282828
0.2862626262626263 0.8443434343434344
0.11111111111111112 0.6055555555555555
0.24696969696969698 0.7390909090909091
0.19999999999999998 0.7733333333333332
0.32171717171717173 0.7039393939393939
0.20343434343434344 0.7014141414141415
0.24545454545454545 0.7142424242424242
0.17696969696969697 0.6690909090909091
0.24323232323232324 0.6521212121212122
0.11727272727272728 0.623939393939394
0.21636363636363637 0.7018181818181819
0.15626262626262627 0.7077777777777778
0.2578787878787879 0.7763636363636365
0.20696969696969697 0.7047474747474749
0.21353535353535355 0.8090909090909091
0.31585858585858584 0.8653535353535353
0.32121212121212117 0.6987878787878787
0.27424242424242423 0.7833333333333333
0.2624242424242424 0.9127272727272727
0.3209090909090909 0.8118181818181818
0.3306060606060606 0.7787878787878788
0.22969696969696968 0.7877777777777778
0.23272727272727273 0.7990909090909091
0.30727272727272725 0.8081818181818181
0.21454545454545457 0.6557575757575758
0.3473737373737374 0.7426262626262627
0.28222222222222226 0.6733333333333335
0.22222222222222224 0.7
0.283030303030303 0.7724242424242425
0.23212121212121212 0.8736363636363637
0.11343434343434343 0.6231313131313131
0.16434343434343435 0.7954545454545454
0.2493939393939394 0.6809090909090909
0.3015151515151515 0.9254545454545454
0.3306060606060606 0.7736363636363637
0.2506060606060606 0.6987878787878788
0.2581818181818182 0.6672727272727274
0.3184848484848485 0.8545454545454545
0.19636363636363635 0.9409090909090909
0.1784848484848485 0.7083838383838384
0.005959595959595959 0.5423232323232323
0.27545454545454545 0.7287878787878788
0.22585858585858587 0.7688888888888887
0.2778787878787879 0.7963636363636363
0.16141414141414143 0.6325252525252526
0.2727272727272727 0.6772727272727274
0.18262626262626264 0.6804040404040403
0.09232323232323232 0.6407070707070708
0.1806060606060606 0.6390909090909092
0.36515151515151517 0.8146464646464646
0.23666666666666666 0.7255555555555555
0.31777777777777777 0.7088888888888889
0.2090909090909091 0.7627272727272729
0.1 0.6733333333333333
0.3322222222222222 0.81
0.20303030303030303 0.6924242424242424
0.2497979797979798 0.6853535353535354
0.31666666666666665 0.8055555555555556
0.34515151515151515 0.7895959595959596
0.218989898989899 0.6462626262626263
0.2967676767676768 0.7518181818181819
0.22212121212121214 0.8562626262626263
0.3087878787878788 0.8473737373737376
0.12191919191919193 0.6463636363636365
0.2590909090909091 0.8
0.024545454545454544 0.6427272727272727
0.16333333333333333 0.7366666666666667
0.2821212121212121 0.9531313131313132
0.05111111111111111 0.5399999999999999
0.09181818181818183 0.5718181818181818
0.28373737373737373 0.7062626262626261
0.2821212121212121 0.9678787878787879
0.27545454545454545 0.7287878787878788
0.3465656565656566 0.7234343434343434
0.22666666666666666 0.71
0.28060606060606064 0.7339393939393939
0.017676767676767676 0.6855555555555556
0.0693939393939394 0.6188888888888889
0.263030303030303 0.763939393939394
0.2581818181818182 0.7854545454545454
0.1906060606060606 0.7675757575757576
0.26141414141414143 0.7271717171717172
0.38737373737373737 0.7739393939393939
0.34545454545454546 0.8863636363636365
0.26575757575757575 0.7332323232323232
0.28393939393939394 0.8903030303030303
0.2003030303030303 0.7823232323232323
0.08676767676767677 0.7910101010101009
0.0 0.6626262626262627
0.16727272727272727 0.673939393939394
0.30101010101010106 0.757979797979798
0.1812121212121212 0.7892929292929293
0.3222222222222222 0.8
0.29373737373737374 0.702020202020202
0.268989898989899 0.6915151515151514
0.09636363636363637 0.5818181818181818
0.18696969696969698 0.6904040404040404
0.15181818181818182 0.77
0.23050505050505052 0.7032323232323232
0.2402020202020202 0.6896969696969697
0.1387878787878788 0.6898989898989899
0.19606060606060605 0.677878787878788
0.15969696969696973 0.7243434343434344
0.2981818181818182 0.8254545454545454
0.1796969696969697 0.7443434343434344
0.052525252525252523 0.6036363636363636
0.29424242424242425 0.8093939393939394
0.1785858585858586 0.592121212121212
0.0 0.5887878787878789
0.2784848484848485 0.8207070707070707
0.21666666666666667 0.7055555555555555
0.3097979797979798 0.7404040404040404
0.0 0.5214141414141413
0.023333333333333334 0.5966666666666667
0.26141414141414143 0.7218181818181819
0.24727272727272728 0.7481818181818182
0.33666666666666667 0.8255555555555556
0.32242424242424245 0.6992929292929293
0.11191919191919193 0.6363636363636365
0.3822222222222222 0.8544444444444445
0.2926262626262626 0.7847474747474749
0.2196969696969697 0.7843434343434343
0.21141414141414142 0.687878787878788
0.1503030303030303 0.7255555555555556
0.2493939393939394 0.7988888888888889
0.23828282828282826 0.8392929292929293
0.2590909090909091 0.8063636363636364
0.14252525252525253 0.6998989898989899
0.23393939393939395 0.6521212121212122
0.25181818181818183 0.7318181818181818
0.268989898989899 0.6915151515151514
0.20666666666666667 0.7666666666666666
0.10212121212121211 0.6354545454545455
0.2597979797979798 0.6904040404040404
0.3397979797979798 0.7803030303030304
0.31787878787878787 0.9103030303030302
0.22222222222222224 0.6944444444444444
0.24666666666666667 0.8066666666666666
0.35060606060606064 0.7987878787878788
0.07232323232323232 0.6083838383838385
0.3122222222222222 0.79
0.26181818181818184 0.730909090909091
0.31575757575757574 0.7727272727272727
0.23272727272727273 0.6327272727272728
0.3284848484848485 0.8707070707070708
0.1506060606060606 0.7344444444444446
0.21727272727272728 0.7239393939393941
0.1687878787878788 0.7136363636363636
0.32636363636363636 0.800909090909091
0.23020202020202019 0.6746464646464647
0.2484848484848485 0.7783838383838384
0.286969696969697 0.7847474747474749
0.1584848484848485 0.6883838383838384
0.24636363636363637 0.7318181818181818
0.19222222222222224 0.6755555555555556
0.08272727272727273 0.6363636363636365
0.3478787878787879 0.8663636363636364
0.381010101010101 0.8327272727272728
0.29939393939393943 0.730909090909091
0.1384848484848485 0.6683838383838384
0.16272727272727275 0.8066666666666668
0.10606060606060606 0.5825252525252526
0.3885858585858586 0.8021212121212122
0.39090909090909093 0.7181818181818183
0.12616161616161617 0.8211111111111111
0.20696969696969697 0.6990909090909092
0.0 0.6577777777777778
0.3209090909090909 0.969090909090909
0.22818181818181818 0.7554545454545455
0.2087878787878788 0.7473737373737375
0.18606060606060607 0.6571717171717173
0.11878787878787879 0.6573737373737373
0.17303030303030303 0.6624242424242425
0.2977777777777778 0.6933333333333334
0.2975757575757576 0.8014141414141414
0.30262626262626263 0.7947474747474746
0.22979797979797978 0.6653535353535354
0.1481818181818182 0.6815151515151515
0.18656565656565657 0.9651515151515152
0.28151515151515155 0.793939393939394
0.31636363636363635 0.790909090909091
0.06070707070707071 0.5371717171717171
0.25242424242424244 0.8952525252525252
0.18636363636363637 0.6609090909090909
0.24343434343434345 0.7414141414141414
0.26515151515151514 0.7146464646464648
0.17333333333333334 0.7533333333333334
0.34424242424242424 0.7660606060606061
0.2012121212121212 0.7951515151515152
0.21343434343434345 0.7172727272727273
0.19181818181818183 0.6663636363636364
0.1885858585858586 0.6021212121212121
0.13090909090909092 0.7163636363636364
0.18141414141414142 0.6471717171717173
0.28454545454545455 0.9754545454545455
0.2722222222222222 0.7555555555555555
0.25262626262626264 0.7390909090909091
0.08515151515151516 0.7366666666666668
0.3652525252525253 0.7945454545454546
0.3897979797979798 0.8204040404040404
0.31 0.8766666666666667
0.34030303030303033 0.9358585858585857
0.21303030303030304 0.7196969696969697
0.27181818181818185 0.7463636363636363
0.21303030303030304 0.7081818181818182
0.35020202020202024 0.7895959595959596
0.19696969696969696 0.6890909090909092
0.30242424242424243 0.6792929292929293
0.36939393939393944 0.7863636363636364
0.10212121212121213 0.7215151515151516
0.04757575757575758 0.7142424242424243
0.12848484848484848 0.6707070707070707
0.0 0.6611111111111111
0.30333333333333334 0.9033333333333335
0.2693939393939394 0.8253535353535354
0.1715151515151515 0.7882828282828283
0.1993939393939394 0.7553535353535354
0.3226262626262626 0.8034343434343434
0.19222222222222224 0.6699999999999999
0.2922222222222222 0.7644444444444445
0.36858585858585863 0.7821212121212122
0.1906060606060606 0.6439393939393939
0.2672727272727273 0.7681818181818182
0.27606060606060606 0.7471717171717173
0.22999999999999998 0.81
0.1390909090909091 0.6863636363636364
0.1881818181818182 0.5927272727272728
0.23393939393939395 0.6567676767676768
0.15656565656565657 0.8854545454545454
0.30060606060606065 0.7539393939393939
0.17424242424242423 0.6893939393939394
0.05131313131313131 0.5604040404040403
0.31636363636363635 0.790909090909091
0.1190909090909091 0.6663636363636364
0.13656565656565656 0.8571717171717173
0.3809090909090909 0.7118181818181818
0.3097979797979798 0.7453535353535354
0.1893939393939394 0.7453535353535354
0.27090909090909093 0.8772727272727273
0.18666666666666668 0.6866666666666666
0.20676767676767677 0.6671717171717173
0.20575757575757575 0.8990909090909092
0.24676767676767675 0.8558585858585859
0.33 0.9033333333333333
0.14474747474747476 0.7862626262626262
0.3277777777777778 0.7322222222222222
0.40545454545454546 0.8587878787878789
0.13090909090909092 0.7233333333333334
0.36878787878787883 0.9136363636363636
0.3781818181818182 0.7827272727272727
0.3926262626262626 0.8790909090909091
0.33454545454545453 0.770909090909091
0.05515151515151515 0.7066666666666668
0.07292929292929293 0.628888888888889
0.29171717171717176 0.8131313131313131
0.13393939393939394 0.7403030303030304
0.22818181818181818 0.6372727272727273
0.22454545454545455 0.8645454545454546
0.25343434343434346 0.7572727272727273
0.1493939393939394 0.7182828282828283
0.3337373737373737 0.7515151515151515
0.29000000000000004 0.8633333333333334
0.16505050505050506 0.6911111111111111
0.3797979797979798 0.8005050505050505
0.17727272727272728 0.683939393939394
0.2578787878787879 0.7823232323232324
0.14313131313131314 0.7209090909090909
0.26454545454545453 0.7057575757575758
0.13787878787878788 0.6504040404040403
0.10636363636363635 0.5863636363636364
0.3375757575757576 0.8414141414141414
0.24545454545454545 0.7927272727272727
0.23222222222222222 0.71
0.3797979797979798 0.8054545454545454
0.261010101010101 0.7232323232323232
0.13333333333333333 0.7200000000000001
0.0 0.6688888888888889
0.2390909090909091 0.7863636363636364
0.32474747474747473 0.7553535353535354
0.27121212121212124 0.8863636363636364
0.13585858585858585 0.6853535353535354
0.34050505050505053 0.807979797979798
0.25343434343434346 0.7572727272727273
0.28121212121212125 0.8822222222222222
0.10737373737373737 0.8544444444444445
0.2484848484848485 0.7845454545454545
0.22969696969696968 0.7943434343434344
0.22 0.7933333333333332
0.3748484848484848 0.8104040404040403
0.09787878787878788 0.6223232323232324
0.26575757575757575 0.7437373737373738
0.1906060606060606 0.6439393939393939
0.22262626262626264 0.7090909090909092
0.2406060606060606 0.6887878787878788
0.24545454545454545 0.703939393939394
0.19121212121212122 0.7922222222222223
0.13060606060606061 0.7213131313131314
0.3666666666666667 0.8500000000000001
0.30696969696969695 0.6930303030303029
0.055353535353535356 0.7155555555555556
0.39494949494949494 0.735050505050505
0.23242424242424242 0.6051515151515152
0.26484848484848483 0.7103030303030302
0.36393939393939395 0.7867676767676768
0.42383838383838385 0.984040404040404
0.2642424242424242 0.7793939393939394
0.15939393939393942 0.7218181818181818
0.018787878787878787 0.7745454545454545
0.33606060606060606 0.8071717171717172
0.2014141414141414 0.6671717171717173
0.1984848484848485 0.7283838383838384
0.2474747474747475 0.8244444444444445
0.1706060606060606 0.6239393939393939
0.3481818181818182 0.8633333333333335
0.3018181818181819 0.770909090909091
0.18181818181818182 0.650909090909091
0.24141414141414141 0.7018181818181819
0.2533333333333333 0.6577777777777778
0.0 0.6862626262626264
0.30868686868686873 0.9397979797979797
0.3787878787878788 0.9298989898989899
0.35939393939393943 0.7812121212121212
0.006262626262626262 0.5573737373737373
0.14343434343434344 0.6472727272727273
0.1714141414141414 0.6425252525252526
0.28141414141414145 0.7418181818181819
0.29424242424242425 0.8093939393939394
0.1797979797979798 0.6153535353535353
0.08727272727272728 0.593939393939394
0.22383838383838386 0.7363636363636366
0.218989898989899 0.6462626262626263
0.3087878787878788 0.8473737373737376
0.1712121212121212 0.7722222222222223
0.16393939393939394 0.5867676767676767
0.10545454545454545 0.5690909090909091
0.24303030303030304 0.7381818181818182
0.30575757575757573 0.767979797979798
0.29939393939393943 0.7260606060606061
0.1433333333333333 0.8044444444444444
0.2915151515151515 0.9154545454545454
0.3222222222222222 0.7133333333333334
0.12848484848484848 0.6707070707070707
0.20424242424242423 0.9072727272727272
0.11747474747474748 0.7827272727272727
0.1893939393939394 0.620909090909091
0.2493939393939394 0.8053535353535354
0.228989898989899 0.6515151515151516
0.007272727272727273 0.6327272727272727
0.313030303030303 0.7126262626262627
0.2406060606060606 0.6887878787878788
0.238989898989899 0.6615151515151516
0.23303030303030303 0.7224242424242424
0.1393939393939394 0.6953535353535354
0.25666666666666665 0.7455555555555555
0.22818181818181818 0.7554545454545455
0.1203030303030303 0.6955555555555556
0.248989898989899 0.6667676767676769
0.396969696969697 0.7787878787878788
0.24696969696969698 0.6203030303030304
0.20515151515151514 0.6647474747474749
0.11727272727272728 0.623939393939394
0.1881818181818182 0.7093939393939395
0.3748484848484848 0.8104040404040403
0.17757575757575758 0.6872727272727273
0.18181818181818182 0.6563636363636364
0.2493939393939394 0.8182828282828283
0.22818181818181818 0.6372727272727273
0.23424242424242425 0.7493939393939394
0.13434343434343435 0.7582828282828283
0.2403030303030303 0.8223232323232323
0.06636363636363636 0.7618181818181817
0.3993939393939394 0.8212121212121213
0.3278787878787879 0.8463636363636364
0.3785858585858586 0.7828282828282829
0.20606060606060606 0.687878787878788
0.32616161616161615 0.6938383838383838
0.0881818181818182 0.6154545454545455
0.13303030303030303 0.7855555555555556
0.2487878787878788 0.7873737373737373
0.23474747474747473 0.6703030303030304
0.2696969696969697 0.8277777777777778
0.20696969696969697 0.6990909090909092
0.268989898989899 0.6867676767676767
0.31121212121212116 0.99
0.05696969696969697 0.5490909090909091
0.27181818181818185 0.740909090909091
0.2737373737373737 0.6915151515151514
0.24343434343434345 0.7414141414141414
0.181010101010101 0.6484848484848484
0.13 0.7033333333333334
0.28272727272727277 0.6687878787878788
0.30262626262626263 0.7834343434343434
0.2096969696969697 0.7743434343434343
0.19636363636363635 0.6763636363636364
0.14303030303030304 0.643939393939394
0.28363636363636363 0.6972727272727273
0.29101010101010105 0.7427272727272727
0.3142424242424242 0.7312121212121212
0.3102020202020202 0.7445454545454546
0.2972727272727273 0.7924242424242425
0.2193939393939394 0.7753535353535352
0.34545454545454546 0.7936363636363637
0.20666666666666667 0.6955555555555555
0.20464646464646463 0.7345454545454546
0.3793939393939394 0.8012121212121213
0.023737373737373738 0.6144444444444446
0.3578787878787879 0.8763636363636365
0.22343434343434346 0.7272727272727273
0.3877777777777778 0.7877777777777779
0.3906060606060606 0.8284848484848485
0.24737373737373738 0.6382828282828283
0.16636363636363635 0.6518181818181819
0.34090909090909094 0.6681818181818182
0.3093939393939394 0.8653535353535353
0.4081818181818182 0.9596969696969697
0.04656565656565657 0.630909090909091
0.34141414141414145 0.8071717171717172
0.22848484848484849 0.7583838383838384
0.2821212121212121 0.9605050505050505
0.40383838383838383 0.9104040404040403
0.38242424242424244 0.7634343434343435
0.28979797979797983 0.7253535353535354
0.2893939393939394 0.7160606060606061
0.31535353535353533 0.656969696969697
0.346969696969697 0.7330303030303029
0.2642424242424242 0.6909090909090909
0.24696969696969698 0.7447474747474748
0.23020202020202019 0.6796969696969697
0.3090909090909091 0.8500000000000001
0.2093939393939394 0.758888888888889
0.27 0.8500000000000001
0.2602020202020202 0.7046464646464647
0.2681818181818182 0.6727272727272728
0.1387878787878788 0.6773737373737373
0.20343434343434344 0.7014141414141415
0.28070707070707074 0.6451515151515153
0.26252525252525255 0.8198989898989899
0.2397979797979798 0.6803030303030303
0.19121212121212122 0.7922222222222223
0.29141414141414146 0.7571717171717173
0.1321212121212121 0.7588888888888888
0.11666666666666667 0.6111111111111112
0.31787878787878787 0.8304040404040405
0.37060606060606066 0.8187878787878788
0.2985858585858586 0.7167676767676767
0.27141414141414144 0.7318181818181819
0.0 0.6292929292929293
0.3575757575757576 0.8731313131313132
0.31777777777777777 0.7133333333333334
0.37656565656565655 0.7492929292929293
0.2478787878787879 0.7604040404040405
0.336969696969697 0.8347474747474748
0.3097979797979798 0.7453535353535354
0.1684848484848485 0.7045454545454546
0.2397979797979798 0.6704040404040403
0.35979797979797984 0.7953535353535355
0.19484848484848485 0.6452525252525253
0.3902020202020202 0.8245454545454546
0.33656565656565657 0.7134343434343434
0.06454545454545454 0.7045454545454546
0.46414141414141413 0.7858585858585858
0.2893939393939394 0.7160606060606061
0.07939393939393939 0.6224242424242425
0.34575757575757576 0.8027272727272727
0.11878787878787879 0.6636363636363636
0.2318181818181818 0.7063636363636364
0.23696969696969697 0.7347474747474748
0.05858585858585859 0.8141414141414142
0.17676767676767677 0.99
0.10818181818181818 0.6293939393939394
0.13121212121212122 0.7392929292929293
0.338989898989899 0.7567676767676768
0.026262626262626262 0.5773737373737373
0.18 0.7400000000000001
0.318989898989899 0.7415151515151515
0.22575757575757574 0.6827272727272727
0.3285858585858586 0.7374747474747475
0.22818181818181818 0.7493939393939394
0.20303030303030303 0.6924242424242424
0.2318181818181818 0.7009090909090909
0.2506060606060606 0.703939393939394
0.006060606060606061 0.5454545454545454
0.24303030303030304 0.9109090909090909
0.2984848484848485 0.8407070707070707
0.11505050505050504 0.6473737373737373
0.3281818181818182 0.7236363636363636
0.1197979797979798 0.5603030303030303
0.318989898989899 0.7367676767676767
0.37757575757575756 0.8814141414141414
0.4081818181818182 0.983939393939394
0.16272727272727275 0.7990909090909091
0.31636363636363635 0.7854545454545454
0.315050505050505 0.8473737373737376
0.3022222222222222 0.6933333333333334
0.3285858585858586 0.7467676767676767
0.30606060606060603 0.7771717171717172
0.32636363636363636 0.800909090909091
0.13151515151515153 0.7482828282828283
0.14515151515151514 0.5996969696969697
0.027272727272727275 0.6745454545454546
0.3236363636363636 0.7327272727272727
0.30141414141414147 0.7671717171717173
0.10616161616161615 0.8091919191919191
0.19353535353535353 0.7890909090909091
0.22353535353535353 0.8190909090909091
0.39101010101010103 0.8374747474747475
0.3797979797979798 0.8054545454545454
0.34464646464646465 0.8683838383838385
0.251010101010101 0.707979797979798
0.11757575757575758 0.6272727272727273
0.3084848484848485 0.8383838383838385
0.2490909090909091 0.7963636363636364
0.1193939393939394 0.6688888888888889
0.2877777777777778 0.6877777777777777
0.22393939393939394 0.8442424242424242
0.10474747474747474 0.7388888888888889
0.1203030303030303 0.7023232323232323
0.16494949494949496 0.8152525252525252
0.16979797979797978 0.6053535353535353
0.18696969696969698 0.6904040404040404
0.19313131313131313 0.7643434343434345
0.29939393939393943 0.8553535353535354
0.2397979797979798 0.6803030303030303
0.1490909090909091 0.7027272727272728
0.12000000000000001 0.6933333333333334
0.15545454545454546 0.6190909090909091
0.2893939393939394 0.8453535353535354
0.30272727272727273 0.7072727272727273
0.27141414141414144 0.7425252525252526
0.2981818181818182 0.8193939393939395
0.0 0.6539393939393939
0.4526262626262626 0.9786868686868688
0.26515151515151514 0.7146464646464648
0.45242424242424245 0.821010101010101
0.28424242424242424 0.8054545454545454
0.15 0.7166666666666667
0.3297979797979798 0.7653535353535355
0.3117171717171717 0.7026262626262627
0.31121212121212116 0.99
0.30818181818181817 0.8233333333333335
0.12252525252525252 0.6548484848484848
0.20383838383838385 0.7104040404040406
0.22222222222222224 0.7055555555555555
0.1715151515151515 0.7811111111111111
0.26141414141414143 0.7218181818181819
0.2202020202020202 0.6696969696969697
0.2627272727272727 0.6672727272727274
0.12818181818181817 0.6493939393939394
0.2314141414141414 0.7078787878787879
0.2390909090909091 0.7863636363636364
0.2957575757575758 0.757979797979798
0.4685858585858586 0.872828282828283
0.3577777777777778 0.7488888888888889
0.2624242424242424 0.9052525252525252
0.17424242424242425 0.6015151515151514
0.313030303030303 0.8024242424242425
0.12333333333333334 0.6966666666666667
0.3306060606060606 0.99
0.3142424242424242 0.8354545454545454
0.24727272727272728 0.7163636363636364
0.36939393939393944 0.99
0.2185858585858586 0.6367676767676769
0.22666666666666666 0.71
0.17434343434343436 0.8054545454545454
0.1714141414141414 0.6478787878787879
0.4857575757575758 0.9742424242424244
0.1102020202020202 0.5596969696969697
0.28383838383838383 0.7904040404040403
0.27505050505050505 0.8073737373737373
0.3481818181818182 0.7527272727272727
0.14383838383838382 0.6504040404040403
0.3207070707070707 0.8025252525252526
0.23575757575757575 0.697979797979798
0.30101010101010106 0.7527272727272727
0.18181818181818182 0.6563636363636364
0.1996969696969697 0.770909090909091
0.3284848484848485 0.8645454545454545
0.22303030303030305 0.7181818181818183
0.2109090909090909 0.8033333333333332
0.2887878787878788 0.8336363636363636
0.3714141414141415 0.8318181818181819
0.21696969696969698 0.7090909090909092
0.22787878787878788 0.7523232323232324
0.18606060606060607 0.6464646464646465
0.1190909090909091 0.6727272727272727
0.18353535353535355 0.7723232323232323
0.13545454545454544 0.593939393939394
0.22353535353535353 0.8258585858585858
0.2093939393939394 0.758888888888889
0.20393939393939395 0.8242424242424242
0.24222222222222223 0.72
0.1893939393939394 0.7453535353535354
0.1778787878787879 0.6904040404040404
0.28 0.8533333333333334
0.09757575757575758 0.6072727272727273
0.21 0.7833333333333332
0.4402020202020202 0.7997979797979798
0.21696969696969698 0.7090909090909092
0.07232323232323232 0.6145454545454545
0.1778787878787879 0.6963636363636363
0.20505050505050504 0.7436363636363637
0.14727272727272728 0.6481818181818182
0.3114141414141414 0.7718181818181818
0.2387878787878788 0.7836363636363636
0.12121212121212122 0.7222222222222222
0.40636363636363637 0.8918181818181818
0.25737373737373737 0.6439393939393939
0.33575757575757575 0.797979797979798
0.3222222222222222 0.8
0.31737373737373736 0.7082828282828283
0.1102020202020202 0.5546464646464647
0.30101010101010106 0.757979797979798
0.2781818181818182 0.6827272727272727
0.2533333333333333 0.6577777777777778
0.24222222222222223 0.72
0.3145454545454545 0.7460606060606061
0.17676767676767677 0.964848484848485
0.20262626262626263 0.6890909090909092
0.18343434343434345 0.6872727272727273
0.36141414141414147 0.8164646464646466
0.24333333333333335 0.9277777777777777
0.2826262626262626 0.7634343434343435
0.3575757575757576 0.8731313131313132
0.3093939393939394 0.7360606060606061
0.17575757575757575 0.6484848484848484
0.13474747474747475 0.7762626262626262
0.398989898989899 0.812020202020202
0.23757575757575758 0.9345454545454546
0.1396969696969697 0.6977777777777778
0.30141414141414147 0.7671717171717173
0.20696969696969697 0.6990909090909092
0.15242424242424243 0.7877777777777778
0.13696969696969696 0.6404040404040405
0.15333333333333332 0.8144444444444444
0.24454545454545457 0.8772727272727273
0.007676767676767677 0.6678787878787878
0.10656565656565656 0.818888888888889
0.4026262626262626 0.8834343434343435
0.3481818181818182 0.8693939393939394
0.23757575757575758 0.7472727272727273
0.27464646464646464 0.7983838383838384
0.22181818181818183 0.6963636363636364
0.17484848484848486 0.6252525252525253
0.36141414141414147 0.8271717171717172
0.3297979797979798 0.7604040404040404
0.38212121212121214 0.7497979797979798
0.20696969696969697 0.7047474747474749
0.248989898989899 0.6762626262626263
0.39151515151515154 0.7446464646464647
0.2609090909090909 0.8533333333333334
0.3490909090909091 0.9027272727272726
0.2678787878787879 0.7863636363636363
0.12848484848484848 0.6645454545454546
0.3562626262626263 0.9406060606060604
0.2093939393939394 0.7653535353535355
0.24 0.8133333333333334
0.22090909090909092 0.8203030303030303
0.14575757575757575 0.8154545454545455
0.36909090909090914 0.9227272727272726
0.14707070707070707 0.7155555555555556
0.22696969696969696 0.7190909090909091
0.1575757575757576 0.6672727272727272
0.16545454545454547 0.7063636363636364
0.2502020202020202 0.6946464646464647
0.2922222222222222 0.77
0.19181818181818183 0.6663636363636364
0.1790909090909091 0.7263636363636364
0.33636363636363636 0.8054545454545454
0.23323232323232324 0.6374747474747475
0.3337373737373737 0.7467676767676767
0.14303030303030304 0.6381818181818182
0.3809090909090909 0.7118181818181818
0.16212121212121214 0.7815151515151515
0.4348484848484848 0.8704040404040405
0.22525252525252526 0.6646464646464647
0.18272727272727274 0.8342424242424243
0.2797979797979798 0.7104040404040404
0.16818181818181818 0.6833333333333333
0.3973737373737374 0.7752525252525253
0.2384848484848485 0.7683838383838384
0.19303030303030305 0.6881818181818182
0.1409090909090909 0.7333333333333334
0.3203030303030303 0.9023232323232322
0.2773737373737374 0.6595959595959596
0.1884848484848485 0.7307070707070707
0.42979797979797985 0.8653535353535353
0.33101010101010103 0.787979797979798
0.21909090909090911 0.7727272727272729
0.32212121212121214 0.6857575757575758
0.22424242424242424 0.7393939393939395
0.13090909090909092 0.7233333333333334
0.3397979797979798 0.7753535353535355
0.08121212121212121 0.6822222222222223
0.3470707070707071 0.99
0.3090909090909091 0.8627272727272728
0.1917171717171717 0.7131313131313131
0.31696969696969696 0.7030303030303029
0.1887878787878788 0.7336363636363636
0.3209090909090909 0.9412121212121212
0.32171717171717173 0.8372727272727274
0.21525252525252525 0.6596969696969697
0.19393939393939394 0.8003030303030303
0.2531313131313131 0.8309090909090909
0.2702020202020202 0.7095959595959596
0.2387878787878788 0.7836363636363636
0.24575757575757576 0.693939393939394
0.3827272727272727 0.7781818181818183
0.2733333333333333 0.8666666666666667
0.30696969696969695 0.6887878787878787
0.2606060606060606 0.7139393939393939
0.28181818181818186 0.6363636363636365
0.273030303030303 0.773939393939394
0.2311111111111111 0.7366666666666667
0.0693939393939394 0.6318181818181818
0.22606060606060605 0.7025252525252526
0.30262626262626263 0.7890909090909091
0.02292929292929293 0.5788888888888889
0.19464646464646465 0.7245454545454546
0.28969696969696973 0.8543434343434344
0.0790909090909091 0.6200000000000001
0.1778787878787879 0.6904040404040404
0.2381818181818182 0.7654545454545455
0.20727272727272728 0.7139393939393941
0.21545454545454545 0.6687878787878788
0.20272727272727273 0.7563636363636366
0.2206060606060606 0.673939393939394
0.16979797979797978 0.6103030303030302
0.24191919191919192 0.7723232323232324
0.19757575757575757 0.7189898989898991
0.2511111111111111 0.7455555555555555
0.1106060606060606 0.7081818181818182
0.3657575757575758 0.827979797979798
0.2081818181818182 0.7293939393939395
0.29090909090909095 0.8903030303030303
0.2702020202020202 0.7095959595959596
0.29939393939393943 0.8618181818181818
0.052525252525252523 0.5973737373737373
0.13262626262626262 0.6247474747474748
0.27111111111111114 0.7711111111111112
0.0792929292929293 0.9342424242424241
0.024747474747474747 0.6588888888888889
0.06494949494949495 0.7077777777777778
0.2687878787878788 0.8136363636363636
0.24333333333333335 0.9355555555555555
0.29434343434343435 0.9684848484848485
0.4312121212121212 0.7750505050505051
0.1597979797979798 0.5953535353535353
0.31181818181818177 0.7863636363636364
0.02434343434343434 0.6411111111111111
0.2503030303030303 0.8255555555555556
0.3466666666666667 0.8244444444444445
0.381010101010101 0.8327272727272728
0.03292929292929293 0.5953535353535354
0.31636363636363635 0.7963636363636364
0.5006060606060606 0.8293939393939394
0.3092929292929293 0.7321212121212122
0.24393939393939396 0.6667676767676768
0.31545454545454543 0.8690909090909091
0.13353535353535353 0.7223232323232324
0.33666666666666667 0.8255555555555556
0.15717171717171718 0.9384848484848485
0.15909090909090912 0.7127272727272728
0.4533333333333333 0.8533333333333333
0.19303030303030305 0.693939393939394
0.0906060606060606 0.6813131313131313
0.27181818181818185 0.740909090909091
0.1897979797979798 0.6352525252525253
0.15909090909090912 0.7127272727272728
0.16262626262626265 0.6547474747474749
0.4507070707070707 0.937878787878788
0.358989898989899 0.772020202020202
0.18454545454545457 0.620909090909091
0.10060606060606062 0.6913131313131313
0.22737373737373737 0.6139393939393939
0.13303030303030303 0.7778787878787878
0.22696969696969696 0.7247474747474748
0.11434343434343436 0.7311111111111112
0.21939393939393942 0.6509090909090909
0.0506060606060606 0.6275757575757576
0.17545454545454545 0.9306060606060605
0.1603030303030303 0.7423232323232324
0.3134343434343434 0.8114141414141414
0.3397979797979798 0.7753535353535355
0.04515151515151515 0.6890909090909091
0.296969696969697 0.7890909090909091
0.12373737373737374 0.7213131313131314
0.2642424242424242 0.7733333333333333
0.1990909090909091 0.7463636363636366
0.22303030303030305 0.7066666666666668
0.20505050505050504 0.7373737373737375
0.2493939393939394 0.7988888888888889
0.20303030303030303 0.6924242424242424
0.22787878787878788 0.7463636363636365
0.2702020202020202 0.7196969696969697
0.25181818181818183 0.7263636363636364
0.41545454545454547 0.8687878787878789
0.2290909090909091 0.6472727272727273
0.22141414141414142 0.6871717171717173
0.21545454545454545 0.7563636363636366
0.12252525252525252 0.6736363636363636
0.16999999999999998 0.7366666666666667
0.2797979797979798 0.7203030303030302
0.2685858585858586 0.6867676767676767
0.30303030303030304 0.7981818181818182
0.1787878787878788 0.7173737373737373
0.09252525252525252 0.6373737373737375
0.27626262626262627 0.7332323232323232
0.35545454545454547 0.8036363636363637
0.4077777777777778 0.798888888888889
0.44575757575757574 0.9027272727272727
0.313030303030303 0.7082828282828283
0.35000000000000003 0.9766666666666666
0.3465656565656566 0.7234343434343434
0.3402020202020202 0.7745454545454546
0.27141414141414144 0.7425252525252526
0.38606060606060605 0.8571717171717173
0.1303030303030303 0.7055555555555556
0.1585858585858586 0.572121212121212
0.1993939393939394 0.7682828282828285
0.09777777777777777 0.7744444444444444
0.29030303030303034 0.8723232323232324
0.028282828282828285 0.7406060606060606
0.2822222222222222 0.7544444444444445
0.3393939393939394 0.9018181818181819
0.2685858585858586 0.6867676767676767
0.33424242424242423 0.8554545454545455
0.16454545454545455 0.7972727272727272
0.1806060606060606 0.7713131313131313
0.14393939393939395 0.7572727272727273
0.0 0.7461616161616161
0.311010101010101 0.767979797979798
0.29090909090909095 0.8903030303030303
0.19696969696969696 0.7004040404040406
0.27636363636363637 0.7618181818181818
0.20575757575757575 0.6784848484848485
0.2978787878787879 0.8104040404040403
0.2006060606060606 0.6590909090909092
0.21262626262626264 0.7047474747474749
0.1597979797979798 0.6003030303030303
0.07727272727272727 0.5781818181818181
0.2706060606060606 0.7187878787878788
0.35939393939393943 0.7812121212121212
0.10252525252525252 0.6598989898989899
0.27242424242424246 0.641010101010101
0.21 0.7833333333333332
0.3122222222222222 0.7844444444444445
0.21141414141414142 0.6771717171717173
0.2606060606060606 0.7139393939393939
0.1790909090909091 0.7200000000000001
0.2178787878787879 0.8033333333333332
0.16303030303030305 0.6524242424242425
0.08828282828282828 0.8254545454545456
0.04454545454545454 0.67
0.19727272727272727 0.6981818181818182
0.43606060606060604 0.9018181818181819
0.3790909090909091 0.9836363636363636
0.41979797979797984 0.8454545454545455
0.1503030303030303 0.7255555555555556
0.11393939393939395 0.7133333333333334
0.2927272727272728 0.6745454545454546
0.1606060606060606 0.613939393939394
0.3181818181818182 0.8393939393939394
0.2634343434343434 0.7672727272727273
0.12393939393939395 0.5421212121212122
0.338989898989899 0.7615151515151515
0.1881818181818182 0.7093939393939395
0.03292929292929293 0.5953535353535354
0.28969696969696973 0.8674747474747475
0.3005050505050505 0.7732323232323233
0.37575757575757573 0.7303030303030302
0.12515151515151515 0.5796969696969697
0.3118181818181818 0.6663636363636365
0.24464646464646464 0.7683838383838384
0.46636363636363637 0.99
0.3097979797979798 0.7404040404040404
0.2548484848484848 0.6953535353535354
0.4397979797979798 0.8605050505050506
0.2318181818181818 0.7063636363636364
0.29101010101010105 0.747979797979798
0.28606060606060607 0.7571717171717173
0.30737373737373735 0.7026262626262627
0.1903030303030303 0.7655555555555555
0.20626262626262626 0.7512121212121214
0.2881818181818182 0.6927272727272727
0.23343434343434344 0.7372727272727273
0.25303030303030305 0.9362626262626262
0.3181818181818182 0.7227272727272727
0.18141414141414142 0.657878787878788
0.07454545454545454 0.5012121212121212
0.24262626262626263 0.7234343434343434
0.3202020202020202 0.6757575757575758
0.31696969696969696 0.6987878787878787
