0.4580808080808081 0.564949494949495
0.41808080808080805 0.5226262626262625
0.527878787878788 0.6345454545454546
0.4856565656565657 0.5992929292929293
0.4956565656565657 0.6067676767676768
0.4504040404040404 0.554949494949495
0.4107070707070707 0.5192929292929293
0.4304040404040404 0.534949494949495
0.4956565656565657 0.6085858585858587
0.4604040404040404 0.564949494949495
0.45565656565656565 0.5667676767676768
0.44555555555555554 0.55
0.40060606060606063 0.5048484848484849
0.4482828282828283 0.5585858585858586
0.42787878787878786 0.5321212121212121
0.4956565656565657 0.6067676767676768
0.45303030303030306 0.5621212121212121
0.4406060606060606 0.5521212121212121
0.41222222222222227 0.51
0.46060606060606063 0.5696969696969697
0.4635353535353536 0.5738383838383838
0.4678787878787879 0.5745454545454546
0.45303030303030306 0.5685858585858586
0.41808080808080805 0.5226262626262625
0.4778787878787879 0.5845454545454546
0.4254545454545454 0.5345454545454545
0.4727272727272728 0.574949494949495
0.4806060606060606 0.5896969696969697
0.4481818181818182 0.5654545454545454
0.4404040404040404 0.544949494949495
0.4077777777777778 0.5077777777777779
0.5004040404040404 0.6072727272727273
0.4636363636363636 0.5781818181818182
0.4406060606060606 0.5496969696969697
0.4131313131313131 0.5242424242424242
0.44737373737373737 0.5472727272727272
0.42303030303030303 0.5272727272727272
0.43272727272727274 0.5326262626262626
0.4480808080808081 0.5503030303030303
0.40545454545454546 0.5096969696969698
0.43808080808080807 0.5403030303030303
0.4381818181818182 0.5518181818181818
0.4254545454545454 0.5345454545454545
0.4682828282828283 0.5812121212121213
0.4507070707070707 0.5618181818181818
0.42272727272727273 0.5249494949494949
0.44303030303030305 0.5496969696969697
0.4727272727272728 0.5772727272727273
0.4381818181818182 0.5554545454545454
0.45272727272727276 0.554949494949495
0.4856565656565657 0.5942424242424242
0.4509090909090909 0.5664646464646464
0.41777777777777775 0.5177777777777777
0.45545454545454545 0.5596969696969697
0.3954545454545455 0.49969696969696975
0.42272727272727273 0.5272727272727272
0.4507070707070707 0.5567676767676768
0.4255555555555555 0.5255555555555556
0.45272727272727276 0.5595959595959596
0.42303030303030303 0.5248484848484849
0.4181818181818182 0.5267676767676768
0.4406060606060606 0.5517171717171717
0.43787878787878787 0.5445454545454546
0.4906060606060606 0.5972727272727273
0.45303030303030306 0.5572727272727273
0.4604040404040404 0.5672727272727273
0.4404040404040404 0.5426262626262626
0.41515151515151516 0.516969696969697
0.4354545454545454 0.5421212121212121
0.4480808080808081 0.5526262626262626
0.4578787878787879 0.5645454545454546
0.4557575757575758 0.5603030303030303
0.4580808080808081 0.564949494949495
0.4206060606060606 0.5342424242424242
0.4681818181818182 0.5748484848484849
0.5181818181818182 0.6242424242424243
0.40222222222222226 0.5
0.44303030303030305 0.5496969696969697
0.4678787878787879 0.5745454545454546
0.4173737373737374 0.5195959595959596
0.42272727272727273 0.5249494949494949
0.503030303030303 0.6121212121212122
0.4478787878787879 0.556969696969697
0.4856565656565657 0.5967676767676768
0.4306060606060606 0.5417171717171717
0.4354545454545454 0.5445454545454546
0.4204040404040404 0.5226262626262625
0.45505050505050504 0.5595959595959596
0.4255555555555555 0.5277777777777777
0.4604040404040404 0.5695959595959597
0.4206060606060606 0.5272727272727272
0.48 0.5822222222222222
0.4580808080808081 0.5626262626262626
0.4680808080808081 0.5726262626262626
0.4504040404040404 0.554949494949495
0.42303030303030303 0.5272727272727272
0.5135353535353535 0.637979797979798
0.47090909090909094 0.5909090909090909
0.4580808080808081 0.5603030303030303
0.4178787878787879 0.5196969696969698
0.44555555555555554 0.55
0.40272727272727277 0.5026262626262626
0.48313131313131313 0.5942424242424242
0.42272727272727273 0.5249494949494949
0.48303030303030303 0.5921212121212122
0.4381818181818182 0.5518181818181818
0.44505050505050503 0.544949494949495
0.5107070707070707 0.6218181818181818
0.40565656565656566 0.5142424242424242
0.4572727272727273 0.5590909090909091
0.4381818181818182 0.5467676767676768
0.44303030303030305 0.5521212121212121
0.4354545454545454 0.5421212121212121
0.47070707070707074 0.5818181818181818
0.4604040404040404 0.564949494949495
0.4781818181818182 0.5918181818181818
0.4578787878787879 0.5645454545454546
0.43303030303030304 0.5372727272727272
0.4256565656565656 0.5342424242424242
0.49818181818181817 0.6127272727272728
0.43777777777777777 0.5377777777777777
0.5207070707070707 0.6423232323232323
0.45545454545454545 0.5621212121212121
0.4956565656565657 0.6092929292929293
0.4381818181818182 0.5467676767676768
0.4478787878787879 0.556969696969697
0.46545454545454545 0.5745454545454546
0.5054545454545455 0.6096969696969697
0.4580808080808081 0.5626262626262626
0.41222222222222227 0.5077777777777779
0.48545454545454547 0.5945454545454546
0.41545454545454547 0.5196969696969698
0.45272727272727276 0.5595959595959596
0.4480808080808081 0.5526262626262626
0.4581818181818182 0.5667676767676768
0.4155555555555555 0.5177777777777777
0.4681818181818182 0.5854545454545454
0.4480808080808081 0.5526262626262626
0.49818181818181817 0.6181818181818182
0.42808080808080806 0.5326262626262626
0.4304040404040404 0.5326262626262626
0.4127272727272727 0.5149494949494949
0.44303030303030305 0.5545454545454546
0.46565656565656566 0.5742424242424242
0.43555555555555553 0.5377777777777777
0.4477777777777778 0.55
0.4206060606060606 0.5321212121212121
0.4477777777777778 0.5477777777777777
0.4581818181818182 0.5692929292929293
0.47545454545454546 0.5845454545454546
0.46545454545454545 0.5721212121212121
0.48363636363636364 0.6036363636363637
0.45272727272727276 0.5572727272727273
0.49313131313131314 0.6017171717171718
0.502020202020202 0.6221212121212121
0.46070707070707073 0.5766666666666667
0.48444444444444446 0.5844444444444444
0.41939393939393943 0.5190909090909092
0.4254545454545454 0.5345454545454545
0.41808080808080805 0.5249494949494949
0.4730303030303031 0.5821212121212122
0.44505050505050503 0.5495959595959596
0.45303030303030306 0.5596969696969697
0.4354545454545454 0.5421212121212121
0.44727272727272727 0.5490909090909091
0.4909090909090909 0.6064646464646465
0.43787878787878787 0.5396969696969697
0.500909090909091 0.6112121212121213
0.4681818181818182 0.5767676767676768
0.43303030303030304 0.5284848484848484
0.4322222222222222 0.5322222222222222
0.4781818181818182 0.5867676767676768
0.45303030303030306 0.5621212121212121
0.4677777777777778 0.5700000000000001
0.43303030303030304 0.5421212121212121
0.4130303030303031 0.5196969696969698
0.42303030303030303 0.5206060606060605
0.44272727272727275 0.5472727272727272
0.46090909090909093 0.5754545454545454
0.4804040404040404 0.5872727272727273
0.4480808080808081 0.554949494949495
0.44565656565656564 0.5585858585858586
0.4604040404040404 0.5626262626262626
0.4761616161616162 0.5991919191919193
0.4578787878787879 0.5621212121212121
0.42303030303030303 0.5321212121212121
0.4856565656565657 0.6012121212121213
0.4504040404040404 0.5526262626262626
0.4882828282828283 0.6038383838383838
0.47545454545454546 0.5821212121212122
0.4604040404040404 0.564949494949495
0.4404040404040404 0.544949494949495
0.40272727272727277 0.5026262626262626
0.44313131313131315 0.5517171717171717
0.4735353535353536 0.5890909090909091
0.4480808080808081 0.554949494949495
0.45313131313131316 0.5642424242424242
0.4581818181818182 0.5667676767676768
0.4681818181818182 0.5792929292929293
0.47545454545454546 0.5845454545454546
0.45545454545454545 0.5621212121212121
0.4635353535353536 0.5764646464646465
0.5082828282828283 0.6212121212121213
0.42 0.5177777777777777
0.4581818181818182 0.5667676767676768
0.4806060606060606 0.5896969696969697
0.4304040404040404 0.534949494949495
0.46090909090909093 0.5712121212121213
0.4504040404040404 0.5572727272727273
0.44505050505050503 0.5472727272727272
0.43303030303030304 0.5396969696969697
0.4731313131313132 0.5867676767676768
0.3981818181818182 0.5072727272727273
0.48303030303030303 0.5896969696969697
0.4856565656565657 0.5967676767676768
0.41575757575757577 0.5226262626262625
0.44505050505050503 0.5495959595959596
0.43777777777777777 0.5377777777777777
0.45565656565656565 0.5667676767676768
0.43272727272727274 0.5372727272727272
0.46565656565656566 0.5742424242424242
0.44545454545454544 0.5627272727272727
0.45272727272727276 0.554949494949495
0.44555555555555554 0.5455555555555556
0.42272727272727273 0.5272727272727272
0.46272727272727276 0.5672727272727273
0.45444444444444443 0.5588888888888889
0.4806060606060606 0.5896969696969697
0.4580808080808081 0.5691919191919192
0.5050505050505051 0.6095959595959596
0.47040404040404044 0.5772727272727273
0.46303030303030307 0.5721212121212121
0.47040404040404044 0.5772727272727273
0.4478787878787879 0.5545454545454546
0.4306060606060606 0.5372727272727272
0.48545454545454547 0.5921212121212122
0.48818181818181816 0.5967676767676768
0.4678787878787879 0.576969696969697
0.4906060606060606 0.6021212121212122
0.44545454545454544 0.5545454545454546
0.4581818181818182 0.5692929292929293
0.4255555555555555 0.5277777777777777
0.47070707070707074 0.5767676767676768
0.46272727272727276 0.5626262626262626
0.4506060606060606 0.5591919191919192
0.46272727272727276 0.5672727272727273
0.4727272727272728 0.5795959595959597
0.40727272727272734 0.5048484848484849
0.43737373737373736 0.5419191919191919
0.48818181818181816 0.6054545454545455
0.45444444444444443 0.5566666666666666
0.48505050505050507 0.5895959595959596
0.46060606060606063 0.5696969696969697
0.3780808080808081 0.48030303030303034
0.43303030303030304 0.5372727272727272
0.4204040404040404 0.5249494949494949
0.42272727272727273 0.5272727272727272
0.4478787878787879 0.5545454545454546
0.43727272727272726 0.5390909090909091
0.45313131313131316 0.5642424242424242
0.4404040404040404 0.544949494949495
0.4580808080808081 0.564949494949495
0.49818181818181817 0.6181818181818182
0.48090909090909095 0.5938383838383838
0.42777777777777776 0.5322222222222222
0.4080808080808081 0.5103030303030303
0.47030303030303033 0.576969696969697
0.46545454545454545 0.5721212121212121
0.4906060606060606 0.5996969696969697
0.46313131313131317 0.5792929292929293
0.4657575757575758 0.5703030303030303
0.45565656565656565 0.5667676767676768
0.47000000000000003 0.5744444444444444
0.47060606060606064 0.5796969696969697
0.4681818181818182 0.5792929292929293
0.43565656565656563 0.5467676767676768
0.43777777777777777 0.54
0.44303030303030305 0.5472727272727272
0.4481818181818182 0.5567676767676768
0.45303030303030306 0.5596969696969697
0.46060606060606063 0.5742424242424242
0.41040404040404044 0.5172727272727273
0.4604040404040404 0.564949494949495
0.5004040404040404 0.6049494949494949
0.4407070707070707 0.5492929292929293
0.4827272727272727 0.5872727272727273
0.4254545454545454 0.5296969696969697
0.43272727272727274 0.5372727272727272
0.4082828282828283 0.5238383838383838
0.4127272727272727 0.5149494949494949
0.46060606060606063 0.5672727272727273
0.4478787878787879 0.5545454545454546
0.3851515151515152 0.48060606060606065
0.4244444444444444 0.5222222222222221
0.4481818181818182 0.5567676767676768
0.44313131313131315 0.5567676767676768
0.44303030303030305 0.5496969696969697
0.46 0.5622222222222222
0.4478787878787879 0.5521212121212121
0.4480808080808081 0.5526262626262626
0.43 0.5277777777777777
0.46545454545454545 0.5696969696969697
0.43303030303030304 0.5372727272727272
0.45545454545454545 0.5596969696969697
0.46272727272727276 0.5672727272727273
0.4 0.4977777777777778
0.4778787878787879 0.5821212121212122
0.49787878787878787 0.6069696969696969
0.4581818181818182 0.5692929292929293
0.43777777777777777 0.5422222222222222
0.45272727272727276 0.5572727272727273
0.45545454545454545 0.5645454545454546
0.4604040404040404 0.564949494949495
0.4681818181818182 0.5854545454545454
0.49363636363636365 0.6081818181818182
0.46 0.5644444444444444
0.42 0.52
0.4806060606060606 0.5872727272727273
0.42 0.5177777777777777
0.46272727272727276 0.5695959595959597
0.42272727272727273 0.5295959595959596
0.47777777777777775 0.5822222222222222
0.44272727272727275 0.5472727272727272
0.44303030303030305 0.5496969696969697
0.4404040404040404 0.5426262626262626
0.44313131313131315 0.5567676767676768
0.48818181818181816 0.5992929292929293
0.44272727272727275 0.5472727272727272
0.45505050505050504 0.5572727272727273
0.4582828282828283 0.5738383838383838
0.45545454545454545 0.5596969696969697
0.44505050505050503 0.5495959595959596
0.45 0.55
0.4477777777777778 0.55
0.43272727272727274 0.5372727272727272
0.42787878787878786 0.536969696969697
0.4682828282828283 0.5812121212121213
0.4478787878787879 0.556969696969697
0.4806060606060606 0.5896969696969697
0.44303030303030305 0.5496969696969697
0.45505050505050504 0.554949494949495
0.4381818181818182 0.5467676767676768
0.41575757575757577 0.5203030303030303
0.44555555555555554 0.5477777777777777
0.4657575757575758 0.5726262626262626
0.44565656565656564 0.5542424242424242
0.41777777777777775 0.52
0.5004040404040404 0.6072727272727273
0.4904040404040404 0.5949494949494949
0.43272727272727274 0.534949494949495
0.5081818181818182 0.6281818181818182
0.43777777777777777 0.5422222222222222
0.41040404040404044 0.5149494949494949
0.47060606060606064 0.5796969696969697
0.41222222222222227 0.51
0.41777777777777775 0.5222222222222221
0.4856565656565657 0.5992929292929293
0.43727272727272726 0.536969696969697
0.46272727272727276 0.564949494949495
0.44505050505050503 0.5495959595959596
0.45303030303030306 0.5621212121212121
0.44 0.5422222222222222
0.45545454545454545 0.5621212121212121
0.4256565656565656 0.5367676767676768
0.435050505050505 0.5395959595959596
0.4580808080808081 0.5626262626262626
0.5035353535353535 0.6164646464646465
0.4304040404040404 0.534949494949495
0.4206060606060606 0.5272727272727272
0.4581818181818182 0.5754545454545454
0.43303030303030304 0.5396969696969697
0.4481818181818182 0.5592929292929293
0.44545454545454544 0.5521212121212121
0.4306060606060606 0.5396969696969697
0.44545454545454544 0.5521212121212121
0.46444444444444444 0.5666666666666667
0.4678787878787879 0.5745454545454546
0.45555555555555555 0.5577777777777777
0.41000000000000003 0.5122222222222224
0.43303030303030304 0.5396969696969697
0.47505050505050506 0.5795959595959597
0.4480808080808081 0.5526262626262626
0.4406060606060606 0.5496969696969697
0.4856565656565657 0.5942424242424242
0.40272727272727277 0.5072727272727273
0.4504040404040404 0.5572727272727273
0.4204040404040404 0.5226262626262625
0.49818181818181817 0.6067676767676768
0.4206060606060606 0.5321212121212121
0.4804040404040404 0.5849494949494949
0.46090909090909093 0.5790909090909091
0.46272727272727276 0.5672727272727273
0.46060606060606063 0.5696969696969697
0.4681818181818182 0.5792929292929293
0.5036363636363637 0.6154545454545455
0.4354545454545454 0.5396969696969697
0.4254545454545454 0.536969696969697
0.46545454545454545 0.5721212121212121
0.4306060606060606 0.5421212121212121
0.46272727272727276 0.5695959595959597
0.42303030303030303 0.5321212121212121
0.48090909090909095 0.5981818181818183
0.4354545454545454 0.5445454545454546
0.4409090909090909 0.5564646464646464
0.43808080808080807 0.544949494949495
0.3978787878787879 0.5045454545454546
0.4509090909090909 0.5664646464646464
0.4457575757575758 0.5503030303030303
0.4422222222222222 0.5422222222222222
0.4130303030303031 0.5196969696969698
0.47545454545454546 0.5954545454545455
0.45303030303030306 0.5596969696969697
0.48818181818181816 0.5967676767676768
0.44313131313131315 0.5567676767676768
0.4422222222222222 0.5422222222222222
0.4909090909090909 0.6038383838383838
0.45313131313131316 0.5642424242424242
0.4731313131313132 0.5842424242424242
0.44303030303030305 0.5521212121212121
0.4254545454545454 0.5272727272727272
0.44313131313131315 0.5567676767676768
0.42808080808080806 0.5303030303030303
0.44545454545454544 0.5521212121212121
0.4081818181818182 0.5192929292929293
0.43 0.5344444444444444
0.49636363636363634 0.6136363636363636
0.5156565656565657 0.6267676767676769
0.4478787878787879 0.556969696969697
0.4354545454545454 0.546969696969697
0.5109090909090909 0.6254545454545455
0.45272727272727276 0.5572727272727273
0.4409090909090909 0.5538383838383838
0.4603030303030303 0.566969696969697
0.5054545454545455 0.6145454545454546
0.43787878787878787 0.5445454545454546
0.46303030303030307 0.5696969696969697
0.43303030303030304 0.5421212121212121
0.45303030303030306 0.5645454545454546
0.4731313131313132 0.5842424242424242
0.47545454545454546 0.5845454545454546
0.45272727272727276 0.554949494949495
0.4080808080808081 0.5126262626262627
0.42272727272727273 0.5249494949494949
0.45545454545454545 0.5645454545454546
0.47090909090909094 0.5838383838383838
0.4781818181818182 0.5867676767676768
0.4982828282828283 0.6138383838383838
0.4204040404040404 0.5249494949494949
0.45505050505050504 0.5595959595959596
0.46565656565656566 0.5767676767676768
0.4204040404040404 0.5226262626262625
0.46313131313131317 0.5717171717171717
0.4381818181818182 0.5467676767676768
0.44 0.54
0.45565656565656565 0.5685858585858586
0.44303030303030305 0.5521212121212121
0.4354545454545454 0.5445454545454546
0.4727272727272728 0.574949494949495
0.4351515151515152 0.5348484848484849
0.4581818181818182 0.5692929292929293
0.41222222222222227 0.5144444444444445
0.4457575757575758 0.5503030303030303
0.43313131313131314 0.5467676767676768
0.42303030303030303 0.5206060606060605
0.4255555555555555 0.53
0.503030303030303 0.6121212121212122
0.45272727272727276 0.554949494949495
0.4404040404040404 0.5426262626262626
0.4507070707070707 0.5694949494949495
0.4782828282828283 0.5912121212121213
0.47545454545454546 0.5821212121212122
0.46565656565656566 0.5812121212121213
0.4731313131313132 0.5842424242424242
0.45313131313131316 0.5642424242424242
0.41333333333333333 0.5133333333333333
0.43303030303030304 0.5284848484848484
0.4481818181818182 0.5592929292929293
0.4422222222222222 0.5444444444444444
0.4404040404040404 0.5472727272727272
0.4504040404040404 0.554949494949495
0.47505050505050506 0.5795959595959597
0.5156565656565657 0.6267676767676769
0.4482828282828283 0.5612121212121213
0.4581818181818182 0.5648484848484849
0.46060606060606063 0.5696969696969697
0.4635353535353536 0.5823232323232324
0.47545454545454546 0.5821212121212122
0.44565656565656564 0.5567676767676768
0.4581818181818182 0.5754545454545454
0.4678787878787879 0.5745454545454546
0.4477777777777778 0.5544444444444444
0.45272727272727276 0.554949494949495
0.47000000000000003 0.5744444444444444
0.4730303030303031 0.5821212121212122
0.4727272727272728 0.574949494949495
0.43787878787878787 0.5594949494949495
0.46505050505050505 0.5719191919191919
0.46303030303030307 0.5696969696969697
0.4956565656565657 0.6092929292929293
0.4155555555555555 0.5133333333333333
0.4909090909090909 0.6012121212121213
0.4507070707070707 0.5592929292929293
0.4503030303030303 0.5593939393939393
0.45 0.55
0.4304040404040404 0.534949494949495
0.4604040404040404 0.5672727272727273
0.42272727272727273 0.5272727272727272
0.47565656565656567 0.5842424242424242
0.44555555555555554 0.5455555555555556
0.4604040404040404 0.564949494949495
0.4882828282828283 0.6012121212121213
0.40272727272727277 0.504949494949495
0.45545454545454545 0.5596969696969697
0.4678787878787879 0.5745454545454546
0.46060606060606063 0.5696969696969697
0.46555555555555556 0.5677777777777777
0.46545454545454545 0.5721212121212121
0.5007070707070707 0.6223232323232323
0.44505050505050503 0.5495959595959596
0.4604040404040404 0.5672727272727273
0.48363636363636364 0.6036363636363637
0.4155555555555555 0.5177777777777777
0.4206060606060606 0.5272727272727272
0.4127272727272727 0.5195959595959596
0.4778787878787879 0.5845454545454546
0.48090909090909095 0.5938383838383838
0.4172727272727273 0.5148484848484849
0.4522222222222222 0.5566666666666666
0.43 0.53
0.45505050505050504 0.5572727272727273
0.42787878787878786 0.5296969696969697
0.4306060606060606 0.5396969696969697
0.4604040404040404 0.5672727272727273
0.42303030303030303 0.5296969696969697
0.4578787878787879 0.5645454545454546
0.4382828282828283 0.5512121212121213
0.4907070707070707 0.6123232323232324
0.4478787878787879 0.5545454545454546
0.4480808080808081 0.5526262626262626
0.41515151515151516 0.5127272727272727
0.42303030303030303 0.5296969696969697
0.4493939393939394 0.546969696969697
0.43565656565656563 0.5467676767676768
0.48808080808080806 0.5949494949494949
0.45545454545454545 0.5621212121212121
0.4503030303030303 0.5593939393939393
0.4773737373737374 0.5795959595959597
0.46303030303030307 0.5696969696969697
0.413030303030303 0.5106060606060606
0.4581818181818182 0.5692929292929293
0.4206060606060606 0.5272727272727272
0.4781818181818182 0.5867676767676768
0.44545454545454544 0.5545454545454546
0.48505050505050507 0.591919191919192
0.4678787878787879 0.5745454545454546
0.46545454545454545 0.5721212121212121
0.4406060606060606 0.5496969696969697
0.4677777777777778 0.5700000000000001
0.49818181818181817 0.6067676767676768
0.42808080808080806 0.534949494949495
0.4404040404040404 0.544949494949495
0.4730303030303031 0.5821212121212122
0.43808080808080807 0.537979797979798
0.4509090909090909 0.5638383838383838
0.4481818181818182 0.5567676767676768
0.4315151515151515 0.526969696969697
0.4506060606060606 0.5596969696969697
0.48818181818181816 0.5992929292929293
0.4727272727272728 0.5772727272727273
0.45303030303030306 0.5621212121212121
0.4451515151515152 0.5448484848484849
0.4806060606060606 0.5896969696969697
0.47060606060606064 0.5791919191919193
0.48808080808080806 0.5949494949494949
0.4551515151515152 0.5548484848484849
0.4354545454545454 0.5396969696969697
0.41060606060606064 0.5172727272727273
0.42818181818181816 0.5372727272727272
0.43303030303030304 0.5396969696969697
0.4856565656565657 0.6012121212121213
0.4477777777777778 0.5477777777777777
0.4730303030303031 0.5821212121212122
0.46303030303030307 0.5696969696969697
0.45313131313131316 0.5642424242424242
0.4956565656565657 0.6092929292929293
0.4477777777777778 0.55
0.41505050505050506 0.5195959595959596
0.4727272727272728 0.5772727272727273
0.4573737373737374 0.5619191919191919
0.4680808080808081 0.5726262626262626
0.4204040404040404 0.5203030303030303
0.3877777777777778 0.4877777777777778
0.4255555555555555 0.53
0.48090909090909095 0.5938383838383838
0.43272727272727274 0.5372727272727272
0.4204040404040404 0.5226262626262625
0.49313131313131314 0.6067676767676768
0.5056565656565657 0.6192929292929293
0.42272727272727273 0.5272727272727272
0.4354545454545454 0.5527272727272727
0.503030303030303 0.6096969696969697
0.425050505050505 0.5272727272727272
0.48090909090909095 0.5964646464646465
0.4672727272727273 0.5690909090909091
0.4727272727272728 0.5772727272727273
0.4256565656565656 0.5367676767676768
0.4604040404040404 0.564949494949495
0.4636363636363636 0.5809090909090909
0.5036363636363637 0.6181818181818182
0.4781818181818182 0.5892929292929293
0.41545454545454547 0.5221212121212121
0.43303030303030304 0.5421212121212121
0.46505050505050505 0.5695959595959597
0.4682828282828283 0.5838383838383838
0.4131313131313131 0.5242424242424242
0.46303030303030307 0.5696969696969697
0.4581818181818182 0.5672727272727273
0.4573737373737374 0.5595959595959596
0.4077777777777778 0.5122222222222224
0.47505050505050506 0.5795959595959597
0.46545454545454545 0.576969696969697
0.41060606060606064 0.5217171717171717
0.45565656565656565 0.5667676767676768
0.48505050505050507 0.591919191919192
0.3955555555555556 0.4977777777777778
0.4580808080808081 0.5626262626262626
0.5191919191919192 0.637979797979798
0.425050505050505 0.5272727272727272
0.46313131313131317 0.5717171717171717
0.47505050505050506 0.581919191919192
0.4596969696969697 0.5642424242424242
0.48313131313131313 0.5967676767676768
0.4677777777777778 0.5722222222222222
0.44545454545454544 0.5545454545454546
0.46060606060606063 0.5696969696969697
0.42222222222222217 0.52
0.4172727272727273 0.5148484848484849
0.4255555555555555 0.5277777777777777
0.43272727272727274 0.534949494949495
0.46090909090909093 0.5712121212121213
0.4254545454545454 0.5272727272727272
0.47040404040404044 0.5772727272727273
0.4155555555555555 0.5133333333333333
0.48303030303030303 0.5985858585858587
0.46565656565656566 0.5792929292929293
0.41575757575757577 0.5226262626262625
0.4727272727272728 0.5795959595959597
0.44727272727272727 0.5490909090909091
0.4255555555555555 0.53
0.42303030303030303 0.5321212121212121
0.42313131313131314 0.5342424242424242
0.43808080808080807 0.544949494949495
0.4504040404040404 0.554949494949495
0.4581818181818182 0.5692929292929293
0.4306060606060606 0.5417171717171717
0.48545454545454547 0.5921212121212122
0.49818181818181817 0.6092929292929293
0.4782828282828283 0.5938383838383838
0.4730303030303031 0.5821212121212122
0.5263636363636364 0.647979797979798
0.42272727272727273 0.5272727272727272
0.4604040404040404 0.5672727272727273
0.45303030303030306 0.5596969696969697
0.48090909090909095 0.5938383838383838
0.5056565656565657 0.6167676767676769
0.4480808080808081 0.554949494949495
0.4578787878787879 0.566969696969697
0.4407070707070707 0.5492929292929293
0.4882828282828283 0.5985858585858587
0.4404040404040404 0.5472727272727272
0.46 0.5644444444444444
0.48303030303030303 0.5896969696969697
0.46060606060606063 0.5717171717171717
0.4204040404040404 0.5385858585858586
0.44272727272727275 0.5495959595959596
0.49313131313131314 0.6042424242424242
0.4580808080808081 0.564949494949495
0.45545454545454545 0.5596969696969697
0.45545454545454545 0.5621212121212121
0.46545454545454545 0.5696969696969697
0.44313131313131315 0.5567676767676768
0.4551515151515152 0.556969696969697
0.45272727272727276 0.554949494949495
0.48808080808080806 0.5926262626262626
0.4731313131313132 0.5842424242424242
0.43737373737373736 0.5395959595959596
0.44505050505050503 0.5495959595959596
0.4127272727272727 0.5172727272727273
0.45545454545454545 0.5645454545454546
0.42272727272727273 0.5249494949494949
0.4130303030303031 0.5172727272727273
0.48545454545454547 0.5921212121212122
0.43 0.53
0.43313131313131314 0.5417171717171717
0.43808080808080807 0.544949494949495
0.41222222222222227 0.5122222222222224
0.4730303030303031 0.5796969696969697
0.43272727272727274 0.534949494949495
0.46272727272727276 0.5672727272727273
0.42303030303030303 0.5227272727272727
