0.41000000000000003 0.86
0.34878787878787876 0.9714141414141413
0.22 0.84
0.5475757575757576 0.9015151515151515
0.49303030303030304 0.8823232323232323
0.5166666666666667 0.8790909090909091
0.3 0.84
0.38545454545454544 0.8556565656565657
0.32666666666666666 0.8414141414141414
0.5466666666666666 0.8888888888888888
0.44515151515151513 0.8933333333333333
0.5388888888888889 0.9044444444444444
0.40595959595959596 0.8712121212121212
0.41080808080808073 0.8665656565656565
0.25 0.84
0.4238383838383838 0.8844444444444444
0.45101010101010097 0.9156565656565656
0.22 0.84
0.45545454545454545 0.8796969696969696
0.31 0.85
0.41383838383838384 0.8691919191919191
0.5788888888888889 0.9077777777777778
0.35808080808080806 0.8598989898989899
0.41515151515151516 0.8515151515151514
0.39 0.88
0.22 0.98
0.39 0.87
0.5013131313131313 0.8906060606060606
0.44878787878787874 0.8665656565656565
0.4416161616161617 0.8641414141414142
0.5590909090909091 0.9102020202020202
0.24 0.84
0.5336363636363637 0.8745454545454546
0.34 0.99
0.34 0.92
0.48363636363636364 0.8763636363636365
0.41626262626262633 0.8541414141414142
0.28 0.86
0.25 0.92
0.34505050505050505 0.8564646464646464
0.43848484848484853 0.8888888888888888
0.5293939393939394 0.9209090909090909
0.28 0.84
0.29 0.84
0.4 0.88
0.31 0.86
0.4609090909090909 0.8822222222222221
0.5778787878787879 0.9172727272727272
0.39 0.87
0.40131313131313123 0.876060606060606
0.54 0.8836363636363638
0.4674747474747475 0.8670707070707071
0.27 0.84
0.5593939393939394 0.8846464646464647
0.36636363636363634 0.8514141414141414
0.3887878787878788 0.8542424242424242
0.43030303030303035 0.8521212121212123
0.5403030303030303 0.9136363636363636
0.42929292929292934 0.8613131313131313
0.5177777777777778 0.8955555555555555
0.33666666666666667 0.98010101010101
0.35313131313131313 0.8528282828282827
0.4731313131313132 0.8641414141414142
0.34 0.87
0.5809090909090909 0.9218181818181819
0.28 0.84
0.39252525252525255 0.8613131313131313
0.29 0.87
0.31686868686868686 0.8712121212121212
0.34 0.88
0.48090909090909084 0.8796969696969696
0.41000000000000003 0.86
0.47484848484848485 0.8697979797979798
0.3825252525252525 0.8528282828282827
0.551010101010101 0.8988888888888888
0.13 0.8300000000000001
0.47757575757575765 0.8731313131313132
0.42999999999999994 0.8881818181818181
0.38 0.86
0.4056565656565657 0.8641414141414142
0.3727272727272727 0.8626262626262625
0.4417171717171717 0.8691919191919191
0.4334343434343434 0.8748484848484849
0.48090909090909084 0.8881818181818181
0.4354545454545454 0.8718181818181817
0.23 0.85
0.46858585858585866 0.8911111111111112
0.5191919191919192 0.8942424242424243
0.40131313131313123 0.8665656565656565
0.27 0.98
0.4978787878787878 0.8966666666666666
0.22 0.8300000000000001
0.46606060606060606 0.99
0.33 0.86
0.43575757575757573 0.8866666666666667
0.43565656565656563 0.9108080808080807
0.29 0.84
0.4978787878787878 0.8796969696969696
0.38 0.86
0.5006060606060606 0.8955555555555555
0.3887878787878788 0.8772727272727272
0.19 0.84
0.3727272727272727 0.9214141414141414
0.5733333333333334 0.899090909090909
0.38 0.88
0.49787878787878787 0.8845454545454545
0.45545454545454545 0.8796969696969696
0.36 0.86
0.4354545454545454 0.8718181818181817
0.33 0.86
0.31 0.87
0.5403030303030303 0.8966666666666666
0.4 0.86
0.43636363636363634 0.8845454545454545
0.26 0.85
0.5077777777777778 0.8966666666666666
0.29 0.84
0.38 0.86
0.3 0.84
0.6081818181818182 0.9263636363636363
0.2 0.84
0.32666666666666666 0.8414141414141414
0.49707070707070705 0.8930303030303031
0.3923232323232323 0.8724242424242423
0.4236363636363637 0.8731313131313132
0.43727272727272726 0.8833333333333333
0.5318181818181819 0.8918181818181818
0.4609090909090909 0.9018181818181817
0.44767676767676773 0.8705050505050504
0.29 0.96
0.5035353535353535 0.8944444444444445
0.4506060606060607 0.8641414141414142
0.5884848484848485 0.9066666666666667
0.01 0.81
0.31 0.86
0.4847474747474747 0.8657575757575757
0.44878787878787874 0.8855555555555554
0.4506060606060607 0.8731313131313132
0.33666666666666667 0.8514141414141414
0.37909090909090915 0.863939393939394
0.37 0.87
0.33 0.89
0.5121212121212121 0.8893939393939394
0.6356565656565657 0.8986868686868688
0.02 0.99
0.5827272727272728 0.9245454545454546
0.3881818181818182 0.8578787878787879
0.5293939393939394 0.8930303030303031
0.43848484848484853 0.8705050505050504
0.35000000000000003 0.85
0.29 0.85
0.45959595959595967 0.8731313131313132
0.26 0.87
0.21 0.8300000000000001
0.43848484848484853 0.8613131313131313
0.4384848484848485 0.8796969696969696
0.37 0.86
0.5544444444444444 0.8888888888888888
0.45686868686868687 0.8796969696969696
0.37 0.86
0.28 0.84
0.41696969696969693 0.8866666666666667
0.4847474747474747 0.8762626262626263
0.4 0.88
0.4477777777777778 0.8922222222222222
0.48343434343434344 0.8783838383838384
0.4539393939393939 0.8845454545454545
0.5372727272727272 0.9061616161616162
0.5455555555555556 0.9415151515151514
0.3727272727272727 0.8724242424242423
0.45 0.88
0.35 0.8736363636363637
0.3823232323232323 0.8665656565656565
0.4724242424242424 0.8796969696969696
0.42939393939393944 0.8762626262626263
0.32676767676767676 0.8514141414141414
0.4 0.87
0.4890909090909091 0.8845454545454545
0.4267676767676768 0.8740404040404041
0.3727272727272727 0.8626262626262625
0.4893939393939394 0.8881818181818181
0.3 0.84
0.43363636363636365 0.8609090909090908
0.4878787878787879 0.8515151515151514
0.4469696969696969 0.8796969696969696
0.33 0.84
0.13 0.8300000000000001
0.4231313131313131 0.8970707070707069
0.36 0.9
0.22 0.84
0.43929292929292924 0.8855555555555554
0.45101010101010097 0.8691919191919191
0.4326262626262627 0.8641414141414142
0.39 0.87
0.42929292929292934 0.8705050505050504
0.4324242424242424 0.8784848484848484
0.4618181818181818 0.964848484848485
0.24 0.84
0.4415151515151515 0.8748484848484849
0.5171717171717172 0.8762626262626263
0.38 0.85
0.5151515151515151 0.8822222222222222
0.42030303030303023 0.8665656565656565
0.5863636363636364 0.9003030303030303
0.473030303030303 0.8669696969696971
0.41383838383838384 0.8598989898989899
0.35000000000000003 0.85
0.5037373737373737 0.8893939393939394
0.21 0.84
0.46272727272727265 0.8899999999999999
0.43 0.89
0.5277777777777778 0.8922222222222222
0.46030303030303027 0.8598989898989899
0.36 0.85
0.35000000000000003 0.85
0.4405050505050505 0.8955555555555555
0.29 0.84
0.35969696969696974 0.863939393939394
0.33020202020202016 0.8506060606060606
0.31 0.85
0.5293939393939394 0.8930303030303031
0.4803030303030303 0.8845454545454545
0.29 0.85
0.46606060606060606 0.8796969696969696
0.32 0.85
0.35000000000000003 0.85
0.39444444444444443 0.8655555555555555
0.33 0.85
0.25 0.84
0.41696969696969693 0.8772727272727272
0.48343434343434344 0.9041414141414141
0.40171717171717175 0.8705050505050504
0.4326262626262627 0.8731313131313132
0.32 0.84
0.45686868686868687 0.8521212121212121
0.42979797979797973 0.876060606060606
0.37 0.85
0.37 0.85
0.3 0.85
0.3 0.85
0.38 0.87
0.4217171717171717 0.8822222222222221
0.40454545454545454 0.99
0.5744444444444444 0.8915151515151515
0.33 0.87
0.31 0.86
0.4506060606060607 0.8641414141414142
0.39 0.88
0.42757575757575755 0.8933333333333333
0.4803030303030303 0.9021212121212121
0.4354545454545454 0.8627272727272727
0.5132323232323233 0.8768686868686868
0.3966666666666667 0.8641414141414142
0.3 0.99
0.47757575757575765 0.8911111111111112
0.5427272727272727 0.9071717171717172
0.46272727272727265 0.8899999999999999
0.49555555555555564 0.8911111111111112
0.46535353535353535 0.9009090909090909
0.5318181818181817 0.8881818181818181
0.36 0.84
0.4511111111111111 0.8822222222222221
0.47484848484848485 0.8955555555555555
0.44 0.9
0.35666666666666663 0.8556565656565657
0.3465656565656566 0.8514141414141414
0.39606060606060606 0.8613131313131313
0.42010101010101014 0.8888888888888888
0.5972727272727273 0.91
0.32 0.86
0.43 0.8655555555555555
0.49484848484848487 0.9031313131313131
0.5318181818181817 0.9051515151515152
0.4326262626262627 0.9001010101010102
0.46393939393939393 0.8866666666666667
0.38 0.87
0.19 0.9
0.42010101010101014 0.8613131313131313
0.39 0.85
0.4142424242424242 0.8748484848484849
0.4231313131313131 0.8784848484848484
0.23 0.84
0.34 0.85
0.5 0.8966666666666666
0.40595959595959596 0.8712121212121212
0.3727272727272727 0.8626262626262625
0.34707070707070703 0.8652525252525253
0.4405050505050505 0.886969696969697
0.26 0.97
0.25 0.84
0.5 0.9044444444444444
0.32 0.85
0.28 0.85
0.5692929292929293 0.9298989898989899
0.5112121212121212 0.8862626262626263
0.19 0.8300000000000001
0.3653535353535354 0.8601010101010101
0.26 0.8300000000000001
0.5006060606060606 0.8783838383838384
0.5624242424242425 0.9145454545454546
0.4355555555555556 0.8633333333333333
0.46393939393939393 0.8866666666666667
0.3918181818181818 0.8665656565656565
0.32 0.84
0.40595959595959596 0.8712121212121212
0.5708080808080809 0.9061616161616162
0.35000000000000003 0.85
0.43939393939393945 0.8721212121212122
0.4715151515151515 0.8845454545454545
0.4046464646464646 0.8556565656565657
0.41727272727272724 0.8899999999999999
0.43151515151515146 0.8724242424242423
0.3923232323232323 0.8626262626262625
0.3825252525252525 0.8626262626262625
0.35000000000000003 0.87
0.33 0.86
0.31 0.85
0.39 0.8718181818181817
0.45111111111111113 0.8633333333333333
0.33 0.85
0.43939393939393945 0.8515151515151514
0.48343434343434344 0.886969696969697
0.5645454545454546 0.9000000000000001
0.28 0.99
0.3981818181818182 0.8772727272727272
0.1 0.8300000000000001
0.29 0.84
0.42979797979797973 0.876060606060606
0.4046464646464646 0.8652525252525253
0.40141414141414145 0.8618181818181818
0.40131313131313123 0.876060606060606
0.323030303030303 0.8490909090909091
0.3693939393939394 0.863939393939394
0.5236363636363637 0.8918181818181818
0.41080808080808073 0.876060606060606
0.4677777777777777 0.895050505050505
0.36636363636363634 0.8811111111111111
0.4417171717171717 0.8784848484848484
0.4 0.88
0.3443434343434343 0.8475757575757575
0.46818181818181814 0.8823232323232323
0.5524242424242425 0.9055555555555556
0.492020202020202 0.8955555555555555
0.3557575757575758 0.8705050505050504
0.43848484848484853 0.8796969696969696
0.3728282828282828 0.952020202020202
0.39525252525252524 0.8691919191919191
0.5081818181818182 0.9081818181818181
0.5293939393939394 0.9011111111111112
0.31 0.87
0.5955555555555556 0.9182828282828283
0.33 0.85
0.4506060606060607 0.8731313131313132
0.33060606060606057 0.863939393939394
0.49555555555555564 0.8731313131313132
0.3465656565656566 0.8514141414141414
0.31 0.84
0.40131313131313123 0.8855555555555554
0.32 0.87
0.36494949494949497 0.8613131313131313
0.41080808080808073 0.876060606060606
0.4506060606060607 0.8821212121212122
0.4238383838383838 0.8748484848484849
0.3992929292929293 0.8683838383838384
0.27 0.84
0.37 0.86
0.41696969696969693 0.8772727272727272
0.5855555555555555 0.9122222222222222
0.36 0.86
0.44515151515151513 0.8678787878787879
0.583030303030303 0.9022222222222223
0.4354545454545454 0.8899999999999999
0.18 0.84
0.16 0.84
0.4163636363636364 0.8557575757575757
0.5418181818181818 0.9284848484848485
0.43575757575757573 0.8772727272727272
0.5121212121212121 0.8977777777777778
0.6732323232323232 0.9253535353535354
0.31 0.85
0.3793939393939394 0.8584848484848484
0.3825252525252525 0.8528282828282827
0.4972727272727272 0.8818181818181817
0.37 0.99
0.31 0.86
0.07 0.8200000000000001
0.4718181818181818 0.8718181818181817
0.3443434343434343 0.857070707070707
0.5481818181818182 0.9000000000000001
0.4231313131313131 0.8691919191919191
0.4627272727272727 0.8933333333333333
0.31 0.84
0.44515151515151513 0.8678787878787879
0.40595959595959596 0.891010101010101
0.36 0.86
0.34 0.98
0.36 0.84
0.3564646464646465 0.8613131313131313
0.45959595959595967 0.8731313131313132
0.37585858585858584 0.8652525252525253
0.4119191919191919 0.866969696969697
0.42010101010101014 0.8796969696969696
0.34 0.85
0.4122222222222222 0.8833333333333333
0.41090909090909095 0.8613131313131313
0.47525252525252526 0.8888888888888888
0.3 0.84
0.22 0.84
0.36636363636363634 0.8613131313131313
0.35000000000000003 0.86
0.3 0.84
0.4012121212121212 0.8757575757575757
0.5295959595959596 0.8857575757575759
0.5409090909090909 0.9033333333333333
0.22 0.84
0.41696969696969693 0.8584848484848484
0.22 0.84
0.18 0.8300000000000001
0.563939393939394 0.9003030303030303
0.3887878787878788 0.863939393939394
0.5623232323232323 0.8941414141414141
0.38 0.86
0.4215151515151515 0.8796969696969696
0.3443434343434343 0.8665656565656565
0.03 0.81
0.4847474747474747 0.8906060606060606
0.443030303030303 0.8748484848484849
0.4081818181818182 0.863939393939394
0.48090909090909084 0.8899999999999999
0.34 0.98
0.4021212121212121 0.8626262626262625
0.5403030303030303 0.9051515151515152
0.33 0.85
0.47757575757575765 0.8911111111111112
0.537070707070707 0.8978787878787878
0.44 0.91
0.5645454545454546 0.8918181818181818
0.47525252525252526 0.898080808080808
0.48818181818181816 0.8877777777777778
0.5148484848484848 0.8881818181818181
0.34878787878787876 0.8598989898989899
0.31 0.85
0.5045454545454546 0.8911111111111112
0.29 0.85
0.38848484848484854 0.8721212121212122
0.4388888888888889 0.9011111111111111
0.41585858585858587 0.8712121212121212
0.4075757575757576 0.8678787878787879
0.31 0.86
0.5427272727272727 0.9071717171717172
0.395050505050505 0.8652525252525253
0.3887878787878788 0.8772727272727272
0.38616161616161615 0.8712121212121212
0.17 0.8300000000000001
0.5148484848484848 0.8881818181818181
0.29 0.85
0.49303030303030304 0.8906060606060606
0.42010101010101014 0.8796969696969696
0.24 0.84
0.5178787878787878 0.8988888888888888
0.5155555555555555 0.9122222222222222
0.3923232323232323 0.8822222222222221
0.4417171717171717 0.8691919191919191
0.34 0.85
0.32 0.85
0.4326262626262627 0.8731313131313132
0.4803030303030303 0.8845454545454545
0.34 0.84
0.34030303030303033 0.8542424242424242
0.42636363636363633 0.8772727272727272
0.5940404040404039 0.898080808080808
0.4774747474747475 0.8770707070707071
0.45666666666666667 0.8736363636363637
0.28 0.85
0.5809090909090909 0.9163636363636365
0.25 0.8300000000000001
0.19 0.84
0.39252525252525255 0.8705050505050504
0.25 0.84
0.4774747474747475 0.8857575757575759
0.45666666666666667 0.8744444444444445
0.3 0.84
0.46555555555555556 0.8922222222222222
0.4909090909090909 0.8918181818181818
0.49363636363636365 0.8796969696969696
0.28 0.85
0.3465656565656566 0.8514141414141414
0.41878787878787876 0.8581818181818182
0.4081818181818182 0.8718181818181817
0.39525252525252524 0.8598989898989899
0.4224242424242425 0.8551515151515152
0.47858585858585856 0.8893939393939394
0.5857575757575757 0.9063636363636363
0.42 0.89
0.5072727272727273 0.9000000000000001
0.3 0.85
0.41696969696969693 0.8678787878787879
0.26 0.84
0.4033333333333333 0.8655555555555555
0.5205050505050505 0.8893939393939394
0.57 0.9044444444444444
0.46858585858585866 0.8821212121212122
0.4081818181818182 0.8736363636363637
0.4774747474747475 0.8857575757575759
0.6364646464646464 0.9405050505050505
0.5596969696969697 0.8967676767676768
0.3923232323232323 0.9606060606060605
0.4715151515151515 0.8845454545454545
0.3728282828282828 0.952020202020202
0.37 0.89
0.35969696969696974 0.8542424242424242
0.4909090909090909 0.8836363636363638
0.28 0.85
0.5960606060606061 0.9190909090909091
0.4046464646464646 0.8844444444444444
0.33 0.84
0.4354545454545454 0.8718181818181817
0.3918181818181818 0.8665656565656565
0.46959595959595957 0.8970707070707069
0.3981818181818182 0.8772727272727272
0.29 0.86
0.37 0.85
0.4601010101010101 0.8944444444444445
0.39 0.88
0.35191919191919196 0.8557575757575758
0.32 0.9
0.5261616161616162 0.9071717171717172
0.35666666666666663 0.8652525252525253
0.41848484848484846 0.8740404040404041
0.546969696969697 0.8944444444444445
0.5242424242424242 0.9021212121212121
0.4687878787878788 0.8857575757575759
0.5536363636363637 0.9091919191919191
0.35000000000000003 0.9500000000000001
0.49303030303030304 0.8906060606060606
0.3823232323232323 0.895050505050505
0.27 0.84
0.31 0.9
0.5770707070707071 0.9015151515151515
0.4536363636363636 0.8809090909090909
0.38 0.85
0.4075757575757576 0.8678787878787879
0.26 0.99
0.21 0.88
0.26 0.84
0.14 0.9400000000000001
0.37585858585858584 0.8652525252525253
0.4 0.86
0.5809090909090909 0.9218181818181819
0.35000000000000003 0.87
0.48444444444444446 0.8796969696969696
0.5066666666666666 0.8845454545454545
0.25 0.84
0.5172727272727273 0.8954545454545455
0.5581818181818181 0.899090909090909
0.37 0.88
0.31 0.85
0.41474747474747475 0.8955555555555555
0.4677777777777777 0.8665656565656565
0.25 0.84
0.4772727272727272 0.99
0.2 0.8300000000000001
0.48090909090909084 0.8809090909090909
0.44 0.88
0.4534343434343434 0.881010101010101
0.31 0.84
0.4471717171717172 0.8621212121212122
0.5203030303030303 0.896060606060606
0.42979797979797973 0.8855555555555554
0.22 0.84
0.37 0.86
0.3918181818181818 0.876060606060606
0.37 0.85
0.37 0.86
0.5372727272727272 0.8977777777777778
0.5066666666666666 0.8845454545454545
0.21 0.8300000000000001
0.534949494949495 0.9127272727272727
0.4618181818181818 0.881010101010101
0.43575757575757573 0.8772727272727272
0.40595959595959596 0.8613131313131313
0.5154545454545454 0.8757575757575757
0.23 0.84
0.46272727272727265 0.8809090909090909
0.4267676767676768 0.8740404040404041
0.5623232323232323 0.9088888888888889
0.43 0.8744444444444445
0.22 0.8300000000000001
0.25 0.85
0.43929292929292924 0.8665656565656565
0.4861616161616162 0.8944444444444445
0.4081818181818182 0.8930303030303031
0.39 0.87
0.38 0.85
0.42030303030303023 0.8665656565656565
0.5213131313131314 0.8930303030303031
0.5318181818181817 0.9051515151515152
0.36494949494949497 0.8705050505050504
0.4384848484848485 0.8966666666666666
0.5225252525252526 0.9001010101010102
0.5809090909090909 0.9218181818181819
0.3564646464646465 0.8514141414141414
0.4211111111111111 0.8922222222222222
0.4263636363636364 0.8718181818181817
0.36636363636363634 0.8613131313131313
0.6011111111111112 0.9199999999999999
0.49030303030303024 0.8822222222222221
0.35000000000000003 0.86
0.5754545454545454 0.9362626262626262
0.39909090909090905 0.9081818181818181
0.4715151515151515 0.8845454545454545
0.4445454545454546 0.8718181818181817
0.39 0.89
0.37 0.86
0.40595959595959596 0.8811111111111111
0.5863636363636364 0.9003030303030303
0.24 0.84
0.5511111111111111 0.9181818181818182
0.4978787878787878 0.8796969696969696
0.39 0.8809090909090909
0.32676767676767676 0.8514141414141414
0.27 0.84
0.23 0.84
0.25 0.8300000000000001
0.43 0.87
0.29707070707070704 0.8514141414141414
0.5112121212121212 0.8942424242424243
0.3606060606060606 0.8584848484848484
0.42626262626262634 0.846969696969697
0.18 0.8300000000000001
0.4075757575757576 0.8678787878787879
0.36636363636363634 0.8613131313131313
0.5566666666666666 0.8875757575757576
0.6409090909090909 0.9318181818181819
0.41303030303030297 0.8796969696969696
0.37 0.86
0.5263636363636364 0.886969696969697
0.46393939393939393 0.8772727272727272
0.4774747474747475 0.8857575757575759
0.36636363636363634 0.8613131313131313
0.47333333333333333 0.896060606060606
0.33666666666666667 0.8514141414141414
0.32 0.85
0.43848484848484853 0.8705050505050504
0.49363636363636365 0.9256565656565656
0.25 0.8300000000000001
0.34 0.86
0.4 0.87
0.5435353535353535 0.9075757575757575
0.4033333333333333 0.8744444444444445
0.39 0.86
0.4416161616161617 0.8731313131313132
0.5831313131313132 0.8978787878787878
0.46030303030303027 0.9621212121212122
0.35000000000000003 0.98
0.39 0.89
0.41696969696969693 0.8584848484848484
0.5293939393939394 0.9055555555555556
0.5908080808080808 0.9823232323232323
0.2 0.99
0.4257575757575757 0.8613131313131313
0.45919191919191926 0.8741414141414142
0.37 0.87
0.49000000000000005 0.8663636363636364
0.34 0.86
0.48090909090909084 0.8899999999999999
0.574040404040404 0.9756565656565657
0.38 0.88
0.41454545454545455 0.8509090909090908
0.4081818181818182 0.863939393939394
0.24 0.85
0.3887878787878788 0.863939393939394
0.45666666666666667 0.8655555555555555
0.3923232323232323 0.8822222222222221
0.32 0.85
0.6122222222222222 0.9298989898989899
0.3923232323232323 0.9704040404040403
0.37 0.87
0.4715151515151515 0.8845454545454545
0.45101010101010097 0.8877777777777778
0.31 0.86
0.47858585858585856 0.881010101010101
0.4334343434343435 0.8541414141414142
0.4334343434343434 0.8748484848484849
0.37 0.9400000000000001
0.06 0.9400000000000001
0.4257575757575757 0.8811111111111111
0.42757575757575755 0.946060606060606
0.38 0.86
0.5714141414141414 0.9003030303030303
0.47858585858585856 0.8893939393939394
0.4075757575757576 0.8772727272727272
0.3793939393939394 0.8584848484848484
0.5351515151515152 0.9022222222222223
0.47757575757575765 0.8821212121212122
0.26 0.84
0.3793939393939394 0.8866666666666667
0.26 0.84
0.5178787878787878 0.8823232323232323
0.4627272727272727 0.8757575757575757
0.32 0.86
0.5067676767676768 0.8877777777777778
0.4601010101010101 0.8770707070707071
0.46626262626262627 0.9041414141414141
0.563939393939394 0.9003030303030303
0.38595959595959595 0.8784848484848484
0.36292929292929293 0.8528282828282827
0.28 0.84
0.5154545454545455 0.9163636363636365
0.45666666666666667 0.9277777777777778
0.4627272727272727 0.946060606060606
0.48090909090909084 0.8899999999999999
0.44515151515151513 0.8757575757575757
0.37 0.86
0.5154545454545455 0.8918181818181818
0.27 0.84
0.44555555555555554 0.8712121212121212
0.31 0.84
0.551010101010101 0.9568686868686869
0.4627272727272727 0.8933333333333333
0.5374747474747474 0.9172727272727272
0.5072727272727273 0.8754545454545455
0.47444444444444445 0.8833333333333333
0.45101010101010097 0.8877777777777778
0.31 0.85
0.3887878787878788 0.863939393939394
0.42757575757575755 0.8757575757575757
0.25 0.84
0.4687878787878788 0.9291919191919192
0.49 0.899090909090909
0.4033333333333333 0.8744444444444445
0.4718181818181818 0.8718181818181817
0.38545454545454544 0.8556565656565657
0.31 0.84
0.6145454545454545 0.9072727272727272
0.5330303030303031 0.9033333333333333
0.40131313131313123 0.876060606060606
0.5455555555555556 0.8930303030303031
0.5733333333333334 0.9066666666666667
0.49484848484848487 0.963939393939394
0.5106060606060606 0.8818181818181818
0.39 0.86
0.39909090909090905 0.8809090909090909
0.3606060606060606 0.8772727272727272
0.574040404040404 0.9182828282828283
0.4324242424242424 0.8691919191919191
0.3 0.87
0.33 0.85
0.29 0.84
0.5035353535353535 0.9031313131313131
0.45828282828282824 0.9045454545454544
0.5233333333333333 0.9044444444444444
0.34 0.85
0.5466666666666666 0.8966666666666666
0.3981818181818182 0.8678787878787879
0.3825252525252525 0.8724242424242423
0.48818181818181816 0.9714141414141413
0.3923232323232323 0.8626262626262625
0.4021212121212121 0.8626262626262625
0.3 0.85
0.4954545454545455 0.8930303030303031
0.45101010101010097 0.8691919191919191
0.36 0.85
0.24 0.84
0.19 0.93
0.23 0.85
0.6011111111111112 0.9334343434343433
0.3557575757575758 0.8613131313131313
0.5093939393939394 0.8811111111111112
0.5770707070707071 0.9015151515151515
0.5154545454545455 0.8918181818181818
0.2782828282828283 0.8444444444444446
0.4718181818181818 0.8718181818181817
0.4922222222222222 0.8833333333333333
0.5238383838383839 0.9039393939393939
0.24 0.84
0.24 0.84
0.32 0.85
0.39 0.87
0.3564646464646465 0.8712121212121212
0.33 0.85
0.47757575757575765 0.8821212121212122
0.3981818181818182 0.8584848484848484
0.48696969696969694 0.881010101010101
0.5344444444444444 0.9071717171717172
0.49787878787878787 0.8757575757575757
0.4417171717171717 0.8784848484848484
0.34 0.85
0.34 0.86
0.49555555555555564 0.9450505050505051
0.48333333333333334 0.8922222222222222
0.5293939393939394 0.8902020202020202
0.39 0.86
0.33 0.86
0.39848484848484844 0.8736363636363637
0.3 0.85
0.4922222222222222 0.8966666666666666
0.4609090909090909 0.8822222222222221
0.4081818181818182 0.8930303030303031
0.25 0.84
0.35000000000000003 0.85
0.3564646464646465 0.8613131313131313
0.02 0.81
0.33 0.85
0.5293939393939394 0.8849494949494949
0.6484848484848484 0.9203030303030302
0.4588888888888889 0.8711111111111111
0.4012121212121212 0.866969696969697
0.02 0.8200000000000001
0.29 0.85
0.41000000000000003 0.87
0.3981818181818182 0.8584848484848484
0.40454545454545454 0.8598989898989899
0.4909090909090909 0.8918181818181818
0.6473737373737374 0.9253535353535354
0.4477777777777778 0.8744444444444445
0.48343434343434344 0.9041414141414141
0.5940404040404039 0.9192929292929293
0.41090909090909095 0.8796969696969696
0.41000000000000003 0.89
0.4217171717171717 0.8920202020202019
0.35000000000000003 0.92
0.43404040404040406 0.8770707070707071
0.4536363636363636 0.899090909090909
0.4253535353535354 0.8857575757575759
0.3209090909090909 0.8542424242424242
0.41383838383838384 0.8877777777777778
0.38090909090909086 0.8899999999999999
0.4122222222222222 0.8833333333333333
0.31 0.86
0.32 0.86
0.43575757575757573 0.8866666666666667
0.29 0.87
0.28 0.85
0.33060606060606057 0.863939393939394
0.32 0.86
0.2 0.84
0.49707070707070705 0.8930303030303031
0.44878787878787874 0.876060606060606
0.5366666666666666 0.8922222222222222
0.43929292929292924 0.8665656565656565
0.4384848484848485 0.8796969696969696
0.4033333333333333 0.8655555555555555
0.4886868686868687 0.8775757575757576
0.5563636363636364 0.8918181818181818
0.35000000000000003 0.84
0.5487878787878788 0.9033333333333333
0.47888888888888886 0.8970707070707069
0.4715151515151515 0.8845454545454545
0.5770707070707071 0.9088888888888889
0.54 0.9081818181818182
0.594040404040404 0.9172727272727272
0.43929292929292924 0.8855555555555554
0.4416161616161617 0.8731313131313132
0.32 0.86
0.37585858585858584 0.8556565656565657
0.3823232323232323 0.8665656565656565
0.5293939393939394 0.8930303030303031
0.5213131313131314 0.8930303030303031
0.4384848484848485 0.8796969696969696
0.4728282828282828 0.8930303030303031
0.4990909090909091 0.8918181818181818
0.42636363636363633 0.8678787878787879
0.5178787878787878 0.8906060606060606
0.4702020202020202 0.881010101010101
0.28 0.84
0.5293939393939394 0.8930303030303031
0.31 0.96
0.4618181818181818 0.8726262626262626
0.43 0.88
0.3564646464646465 0.8514141414141414
0.25 0.84
0.32 0.86
0.34 0.85
0.40171717171717175 0.8705050505050504
0.42979797979797973 0.876060606060606
0.5205050505050505 0.8893939393939394
0.3 0.87
0.34 0.85
0.19 0.99
0.3 0.89
0.4654545454545455 0.8745454545454546
0.3825252525252525 0.8528282828282827
0.46858585858585866 0.9001010101010102
0.41878787878787876 0.8845454545454545
0.40171717171717175 0.8613131313131313
0.33 0.85
0.4388888888888889 0.8655555555555555
0.29 0.91
0.4388888888888889 0.8744444444444445
0.44505050505050503 0.964848484848485
0.4536363636363636 0.8809090909090909
0.48656565656565665 0.9090909090909092
0.5564646464646464 0.9003030303030303
0.47525252525252526 0.9716161616161616
0.21 0.84
0.35000000000000003 0.87
0.43575757575757573 0.8678787878787879
0.4 0.88
0.5072727272727273 0.8836363636363638
0.3 0.84
0.45666666666666667 0.8533333333333333
0.5107070707070707 0.9015151515151515
0.38 0.86
0.23 0.84
0.488989898989899 0.8849494949494949
0.29 0.85
0.25 0.84
0.3237373737373737 0.8528282828282827
0.36 0.89
0.45959595959595967 0.8911111111111112
0.6566666666666667 0.95
0.39 0.86
0.4257575757575757 0.891010101010101
0.41585858585858587 0.8514141414141414
0.5006060606060606 0.886969696969697
0.36 0.88
0.5788888888888889 0.9077777777777778
0.5827272727272728 0.9027272727272727
0.488989898989899 0.8849494949494949
0.29 0.89
0.27 0.84
0.45686868686868687 0.8705050505050504
0.3825252525252525 0.8724242424242423
0.4263636363636364 0.8718181818181817
0.5456565656565656 0.8893939393939394
0.38 0.93
0.3 0.85
0.2878787878787879 0.8444444444444446
0.46393939393939393 0.8866666666666667
0.5311111111111111 0.8966666666666666
0.5091919191919192 0.8697979797979798
0.38 0.86
0.39252525252525255 0.9164646464646464
0.5072727272727273 0.8918181818181818
0.4861616161616162 0.8683838383838384
0.15 0.8300000000000001
0.47757575757575765 0.8911111111111112
0.5960606060606061 0.9066666666666667
0.31 0.85
0.5409090909090909 0.9033333333333333
0.28 0.88
0.5607070707070707 0.9041414141414141
0.4724242424242424 0.8712121212121212
0.14 0.84
0.31 0.86
0.4909090909090909 0.9163636363636365
0.36 0.86
0.17 0.8300000000000001
0.35000000000000003 0.98
0.5295959595959596 0.8857575757575759
0.34 0.85
0.46393939393939393 0.8866666666666667
0.3887878787878788 0.863939393939394
0.5798989898989899 0.9122222222222223
0.5566666666666666 0.9112121212121213
0.39 0.86
0.44131313131313127 0.8920202020202019
0.4 0.87
0.4263636363636364 0.8718181818181817
0.5447474747474748 0.8902020202020202
0.36 0.85
0.41383838383838384 0.8691919191919191
0.4893939393939394 0.8881818181818181
0.26 0.84
0.5409090909090909 0.926969696969697
0.29 0.84
0.4142424242424242 0.8748484848484849
0.36 0.84
0.5778787878787879 0.9172727272727272
0.3923232323232323 0.8626262626262625
0.36 0.87
0.5372727272727272 0.9061616161616162
0.36292929292929293 0.8528282828282827
0.47757575757575765 0.9001010101010102
0.42010101010101014 0.8613131313131313
0.37 0.8678787878787879
0.36 0.86
0.35666666666666663 0.8556565656565657
0.44767676767676773 0.99
0.2871717171717172 0.8415151515151514
0.44 0.89
0.5544444444444444 0.8966666666666666
0.27 0.84
0.583030303030303 0.9102020202020202
0.6187878787878789 0.9036363636363638
0.27 0.84
0.5366666666666666 0.91
0.3433333333333333 0.8626262626262625
0.29707070707070704 0.8514141414141414
0.39848484848484844 0.863939393939394
0.4687878787878788 0.8857575757575759
0.38616161616161615 0.9009090909090909
0.23 0.84
0.3728282828282828 0.8665656565656565
0.16 0.84
0.3693939393939394 0.8736363636363637
0.26 0.98
0.4 0.87
0.3887878787878788 0.8678787878787879
0.27 0.86
0.4536363636363636 0.8718181818181817
0.28 0.84
0.43404040404040406 0.8770707070707071
0.5827272727272726 0.922121212121212
0.35969696969696974 0.8542424242424242
0.5293939393939394 0.8902020202020202
0.34 0.87
0.49787878787878787 0.9021212121212121
0.4890909090909091 0.8757575757575757
0.45545454545454545 0.891010101010101
0.4952525252525253 0.8862626262626263
0.33 0.86
0.3825252525252525 0.8822222222222221
0.48343434343434344 0.8783838383838384
0.4774747474747475 0.8857575757575759
0.512020202020202 0.9072727272727272
0.31 0.85
0.28 0.85
0.26 0.9
0.37666666666666665 0.8691919191919191
0.3 0.88
0.3 0.84
0.45959595959595967 0.8731313131313132
0.5955555555555556 0.9039393939393939
0.48656565656565665 0.9090909090909092
0.3237373737373737 0.9508080808080808
0.47757575757575765 0.8911111111111112
0.48090909090909084 0.8881818181818181
0.44 0.9
0.5489898989898989 0.9003030303030303
0.4334343434343434 0.8844444444444444
0.4253535353535354 0.8770707070707071
0.47171717171717176 0.8515151515151514
0.35 0.8445454545454546
0.5456565656565656 0.8893939393939394
0.34030303030303033 0.8445454545454546
0.4078787878787879 0.8442424242424242
0.40171717171717175 0.8705050505050504
0.4354545454545454 0.8809090909090909
0.6011111111111112 0.9044444444444444
0.5601010101010101 0.8978787878787878
0.5622222222222222 0.8888888888888888
0.28 0.84
0.5155555555555555 0.8966666666666666
0.4417171717171717 0.8784848484848484
0.4728282828282828 0.8849494949494949
0.34 0.89
0.42333333333333334 0.8783838383838384
0.5072727272727273 0.8836363636363638
0.5233333333333333 0.8966666666666666
0.5278787878787878 0.899090909090909
0.29 0.84
0.36 0.86
0.48696969696969694 0.8893939393939394
0.36 0.86
0.4627272727272727 0.9109090909090909
0.45454545454545453 0.8866666666666667
0.37 0.86
0.5940404040404039 0.905151515151515
0.3887878787878788 0.8930303030303031
0.5295959595959596 0.9031313131313131
0.4146464646464647 0.8641414141414142
0.3981818181818182 0.8772727272727272
0.41383838383838384 0.8691919191919191
0.41090909090909095 0.8796969696969696
0.3606060606060606 0.8584848484848484
0.39 0.87
0.33 0.85
0.5593939393939394 0.8846464646464647
0.44878787878787874 0.895050505050505
0.492020202020202 0.8955555555555555
0.27 0.85
0.5261616161616162 0.8988888888888888
0.4075757575757576 0.8772727272727272
0.5006060606060606 0.9041414141414141
0.4231313131313131 0.8877777777777778
0.49707070707070705 0.9091919191919191
0.29 0.84
0.4890909090909091 0.8757575757575757
0.5095959595959596 0.9237373737373737
0.4354545454545454 0.8899999999999999
0.22 0.85
0.5900000000000001 0.91
0.39 0.87
0.43565656565656563 0.8811111111111111
0.45545454545454545 0.922121212121212
0.4539393939393939 0.8757575757575757
0.4326262626262627 0.8731313131313132
0.4534343434343434 0.8977777777777778
0.5645454545454546 0.8954545454545455
0.32 0.88
0.46818181818181814 0.8740404040404041
0.42929292929292934 0.898080808080808
0.5035353535353535 0.9291919191919192
0.3727272727272727 0.9214141414141414
0.29 0.84
0.5063636363636363 0.8881818181818181
0.5938383838383838 0.9750505050505051
0.47484848484848485 0.886969696969697
0.39 0.8627272727272727
0.5566666666666666 0.9033333333333333
0.4033333333333333 0.8566666666666667
0.5032323232323233 0.8942424242424243
0.5960606060606061 0.899090909090909
0.5890909090909091 0.8981818181818181
0.36 0.85
0.43151515151515146 0.8822222222222221
0.4432323232323232 0.8795959595959596
0.6027272727272728 0.9254545454545454
0.26 0.84
0.45101010101010097 0.8691919191919191
0.4 0.87
0.4021212121212121 0.8724242424242423
0.4922222222222222 0.8922222222222222
0.24 0.84
0.49363636363636365 0.8796969696969696
0.34 0.99
0.27 0.84
0.5183838383838384 0.8769696969696971
0.35000000000000003 0.86
0.41090909090909095 0.8796969696969696
0.6364646464646464 0.9263636363636363
0.5494949494949495 0.9180808080808082
0.4 0.89
0.45141414141414143 0.8683838383838384
0.29 0.85
0.4236363636363637 0.8641414141414142
0.38 0.86
0.23 0.84
0.42636363636363633 0.8584848484848484
0.518888888888889 0.8922222222222222
0.5494949494949495 0.981010101010101
0.37 0.86
0.4417171717171717 0.8784848484848484
0.4405050505050505 0.8697979797979798
0.45686868686868687 0.898080808080808
0.37 0.87
0.35000000000000003 0.86
0.29181818181818187 0.8445454545454546
0.4075757575757576 0.8866666666666667
0.4477777777777778 0.8744444444444445
0.4046464646464646 0.8652525252525253
0.4774747474747475 0.9031313131313131
0.35000000000000003 0.88
0.5536363636363637 0.9495959595959595
0.4056565656565657 0.8731313131313132
0.3 0.84
0.29 0.9500000000000001
0.44272727272727275 0.8770707070707071
0.3633333333333333 0.8665656565656565
0.4601010101010101 0.8944444444444445
0.48090909090909084 0.8881818181818181
0.33 0.87
0.42030303030303023 0.876060606060606
0.46858585858585866 0.8911111111111112
0.5154545454545455 0.8836363636363638
0.27 0.86
0.4384848484848485 0.8712121212121212
0.28 0.85
0.4056565656565657 0.8641414141414142
0.4146464646464647 0.8731313131313132
0.29 0.85
0.5351515151515152 0.8942424242424243
0.3 0.84
0.22 0.93
0.39848484848484844 0.863939393939394
0.5784848484848484 0.9013131313131313
0.5051515151515151 0.9066666666666667
0.4539393939393939 0.8933333333333333
0.4477777777777778 0.8833333333333333
0.5677777777777778 0.9055555555555556
0.4707070707070707 0.8920202020202019
0.26 0.84
0.42333333333333334 0.8697979797979798
0.32 0.84
0.5255555555555556 0.873030303030303
0.5409090909090909 0.8954545454545455
0.42030303030303023 0.876060606060606
0.26 0.84
0.4861616161616162 0.8770707070707071
0.41919191919191917 0.8484848484848485
0.25 0.84
0.4354545454545454 0.8718181818181817
0.35000000000000003 0.85
0.6161616161616161 0.8876767676767677
0.44505050505050503 0.8726262626262626
0.34030303030303033 0.8542424242424242
0.17 0.99
0.32 0.85
0.49484848484848487 0.8944444444444445
0.5374747474747474 0.8930303030303031
0.6409090909090909 0.9318181818181819
0.41696969696969693 0.8678787878787879
0.48343434343434344 0.8783838383838384
0.34 0.84
0.47858585858585856 0.8893939393939394
0.5590909090909091 0.9102020202020202
0.5311111111111111 0.8966666666666666
0.5900000000000001 0.9172727272727272
0.32 0.85
0.5191919191919192 0.9102020202020202
0.36636363636363634 0.8613131313131313
0.36 0.85
0.6435353535353535 0.9192929292929293
0.4534343434343434 0.8893939393939394
0.23 0.84
0.19 0.84
0.4231313131313131 0.8691919191919191
0.29 0.86
0.41696969696969693 0.8678787878787879
0.4715151515151515 0.8933333333333333
0.1 0.96
0.34 0.85
0.4512121212121213 0.8741414141414142
0.35000000000000003 0.85
0.38 0.86
0.5374747474747474 0.8849494949494949
0.4687878787878788 0.8857575757575759
0.4445454545454546 0.8718181818181817
0.31 0.85
0.3433333333333333 0.8528282828282827
0.21 0.84
0.43 0.8744444444444445
0.4417171717171717 0.8877777777777778
0.5382828282828283 0.9031313131313131
0.5121212121212121 0.8893939393939394
0.35313131313131313 0.8528282828282827
0.23 0.84
0.4445454545454546 0.8718181818181817
0.3538383838383838 0.8665656565656565
0.36 0.84
0.33 0.84
0.3 0.85
0.33 0.87
0.3923232323232323 0.8528282828282827
0.49484848484848487 0.8857575757575759
0.4663636363636363 0.8833333333333333
0.3465656565656566 0.8613131313131313
0.4506060606060607 0.8821212121212122
0.11 0.93
0.4 0.88
0.4417171717171717 0.8784848484848484
0.43848484848484853 0.8705050505050504
0.37 0.8584848484848484
0.29 0.86
0.24 0.85
0.4893939393939394 0.8796969696969696
0.4636363636363637 0.8563636363636364
0.34 0.9500000000000001
0.26 0.87
0.34 0.86
0.5788888888888889 0.9152525252525252
0.5177777777777778 0.9041414141414141
0.35000000000000003 0.85
0.27 0.84
0.4576767676767677 0.8955555555555555
0.24 0.8300000000000001
0.43404040404040406 0.8683838383838384
0.4166666666666667 0.8857575757575759
0.44272727272727275 0.8683838383838384
0.21 0.84
0.33 0.86
0.28 0.84
0.3966666666666667 0.8641414141414142
0.5077777777777778 0.9666666666666666
0.16 0.99
0.4506060606060607 0.8731313131313132
0.3564646464646465 0.8613131313131313
0.4081818181818182 0.8627272727272727
0.5006060606060606 0.886969696969697
0.41696969696969693 0.8772727272727272
0.39525252525252524 0.8598989898989899
0.16 0.84
0.46858585858585866 0.8731313131313132
0.35 0.8542424242424242
0.5344444444444444 0.9071717171717172
0.40131313131313123 0.8665656565656565
0.35000000000000003 0.87
0.18 0.8300000000000001
0.49787878787878787 0.8933333333333333
0.5006060606060606 0.8697979797979798
0.34272727272727277 0.8552525252525254
0.2787878787878788 0.8456565656565658
0.5409090909090909 0.9112121212121213
0.4416161616161617 0.9180808080808082
0.41000000000000003 0.87
0.3887878787878788 0.8736363636363637
0.4231313131313131 0.8691919191919191
0.46959595959595957 0.8691919191919191
0.5278787878787878 0.9066666666666667
0.34 0.85
0.5213131313131314 0.8768686868686868
0.3727272727272727 0.8626262626262625
0.4146464646464647 0.8641414141414142
0.36292929292929293 0.8430303030303029
0.37 0.88
0.4954545454545455 0.9124242424242425
0.38 0.86
0.44515151515151513 0.8678787878787879
0.44515151515151513 0.8757575757575757
0.32 0.86
0.5077777777777778 0.8966666666666666
0.4 0.88
0.33 0.86
0.4922222222222222 0.8833333333333333
0.31 0.85
0.4952525252525253 0.8862626262626263
0.4384848484848485 0.9051515151515152
0.39 0.86
0.34 0.86
0.41696969696969693 0.8772727272727272
0.3 0.85
0.40131313131313123 0.8665656565656565
0.33 0.85
0.40454545454545454 0.8877777777777778
0.38 0.87
0.4166666666666667 0.8596969696969697
0.51 0.9011111111111111
0.33 0.85
0.3 0.85
0.33 0.85
0.3887878787878788 0.8542424242424242
0.3465656565656566 0.8613131313131313
0.41878787878787876 0.8757575757575757
0.35000000000000003 0.84
0.29 0.96
0.4146464646464647 0.9540404040404041
0.35313131313131313 0.8822222222222221
0.47484848484848485 0.8783838383838384
0.53 0.8790909090909091
0.46555555555555556 0.8744444444444445
0.42 0.87
0.546969696969697 0.9031313131313131
0.34 0.84
0.5803030303030303 0.8954545454545455
0.37 0.85
0.43 0.8744444444444445
0.4238383838383838 0.8652525252525253
0.47333333333333333 0.8866666666666667
0.4803030303030303 0.8845454545454545
0.31 0.84
0.39252525252525255 0.8613131313131313
0.5590909090909091 0.9102020202020202
0.4687878787878788 0.8857575757575759
0.5225252525252526 0.9270707070707072
0.2772727272727273 0.8415151515151514
0.6098989898989899 0.9111111111111111
0.28 0.84
0.4217171717171717 0.8724242424242423
0.5354545454545454 0.899090909090909
0.4081818181818182 0.8542424242424242
0.40454545454545454 0.8691919191919191
0.49363636363636365 0.8796969696969696
0.46555555555555556 0.8655555555555555
0.6499999999999999 0.9099999999999999
0.5103030303030304 0.889090909090909
0.3 0.85
0.665151515151515 0.9223232323232322
0.49707070707070705 0.9334343434343435
0.5072727272727273 0.8836363636363638
0.42828282828282827 0.8726262626262626
0.4046464646464646 0.8748484848484849
0.1 0.8300000000000001
0.5270707070707071 0.8883838383838384
0.37 0.97
0.3433333333333333 0.8528282828282827
0.5293939393939394 0.8849494949494949
0.4326262626262627 0.8821212121212122
0.26 0.8300000000000001
0.3557575757575758 0.8613131313131313
0.563939393939394 0.9227272727272727
0.6293939393939394 0.9405050505050505
0.5844444444444444 0.9015151515151515
0.5622222222222222 0.8888888888888888
0.3923232323232323 0.8724242424242423
0.29 0.85
0.4146464646464647 0.8641414141414142
0.31 0.85
0.551010101010101 0.9154545454545454
0.4990909090909091 0.8836363636363638
0.34 0.91
0.43 0.87
0.5072727272727273 0.8836363636363638
0.35000000000000003 0.87
0.39 0.86
0.36737373737373735 0.8784848484848484
0.43575757575757573 0.8678787878787879
0.17 0.8300000000000001
0.4263636363636364 0.8718181818181817
0.39848484848484844 0.863939393939394
0.3253535353535353 0.876060606060606
0.46626262626262627 0.886969696969697
0.4539393939393939 0.866969696969697
0.29 0.84
0.4166666666666667 0.8683838383838384
0.46030303030303027 0.8691919191919191
0.5590909090909091 0.9022222222222223
0.26 0.84
0.37909090909090915 0.8736363636363637
0.25 0.84
0.4142424242424242 0.8652525252525253
0.47757575757575765 0.9001010101010102
0.19 0.92
0.16 0.84
0.46222222222222215 0.8652525252525253
0.24 0.84
0.46959595959595957 0.8784848484848484
0.31 0.84
0.46555555555555556 0.8744444444444445
0.36 0.86
0.40171717171717175 0.8705050505050504
0.3086868686868686 0.8460606060606061
0.49363636363636365 0.9033333333333333
0.4334343434343434 0.9228282828282828
0.42757575757575755 0.8757575757575757
0.2 0.84
0.42010101010101014 0.8705050505050504
0.37 0.8678787878787879
0.5127272727272727 0.8915151515151515
0.35666666666666663 0.9516161616161616
0.37585858585858584 0.8556565656565657
0.42030303030303023 0.876060606060606
0.38 0.86
0.3348484848484848 0.8475757575757575
0.5315151515151515 0.9090909090909092
0.619090909090909 0.9213131313131313
0.25 0.99
0.5155555555555555 0.9044444444444444
0.4893939393939394 0.8712121212121212
0.5787878787878789 0.9063636363636363
0.4075757575757576 0.8678787878787879
0.41313131313131307 0.8591919191919191
0.35000000000000003 0.87
0.5178787878787878 0.8906060606060606
0.5057575757575757 0.8693939393939394
0.2 0.86
0.5668686868686869 0.9613131313131312
0.3981818181818182 0.8678787878787879
0.21 0.84
0.42636363636363633 0.8584848484848484
0.5960606060606061 0.9112121212121213
0.5777777777777777 0.9433333333333332
0.39 0.85
0.4215151515151515 0.8796969696969696
0.36 0.86
0.5718181818181819 0.8845454545454546
0.42010101010101014 0.8613131313131313
0.39 0.86
0.35878787878787877 0.8436363636363636
0.3182828282828282 0.8460606060606061
0.37 0.87
0.3887878787878788 0.8542424242424242
0.36292929292929293 0.8528282828282827
0.3823232323232323 0.876060606060606
0.33 0.84
0.43404040404040406 0.8770707070707071
0.35000000000000003 0.86
0.19 0.92
0.39 0.88
0.37909090909090915 0.863939393939394
0.48333333333333334 0.8922222222222222
0.5431313131313131 0.8942424242424243
0.5592929292929293 0.8988888888888888
0.3443434343434343 0.9710101010101009
0.4990909090909091 0.8836363636363638
0.5077777777777778 0.8733333333333333
0.38595959595959595 0.8784848484848484
0.5453535353535354 0.9039393939393939
0.34 0.85
0.21 0.85
0.34 0.85
0.4130303030303031 0.8520202020202021
0.5172727272727272 0.899090909090909
0.22 0.84
0.44515151515151513 0.866969696969697
0.5251515151515151 0.8875757575757576
0.4824242424242424 0.8915151515151515
0.36 0.86
0.27 0.84
0.42030303030303023 0.8665656565656565
0.36626262626262623 0.8652525252525253
0.34 0.87
0.4536363636363636 0.8718181818181817
0.5093939393939394 0.8875757575757576
0.38 0.86
0.32 0.8444444444444444
0.48090909090909084 0.8712121212121212
0.35000000000000003 0.85
0.46272727272727265 0.8809090909090909
0.43848484848484853 0.8613131313131313
0.49909090909090903 0.8877777777777778
0.32 0.84
0.1 0.8300000000000001
0.31 0.84
0.33060606060606057 0.8445454545454546
0.33666666666666667 0.8514141414141414
0.5521212121212121 0.9213131313131313
0.4275757575757576 0.99
0.46555555555555556 0.8833333333333333
0.5754545454545454 0.9055555555555556
0.5544444444444444 0.9044444444444444
0.3727272727272727 0.8626262626262625
0.33060606060606057 0.8542424242424242
0.39525252525252524 0.9156565656565656
0.27 0.84
0.5154545454545455 0.8918181818181818
0.37 0.85
0.4 0.86
0.38616161616161615 0.8514141414141414
0.26 0.85
0.44272727272727275 0.8683838383838384
0.47484848484848485 0.8783838383838384
0.42 0.88
0.4872727272727273 0.9660606060606061
0.3981818181818182 0.8866666666666667
0.28 0.85
0.2 0.98
0.38 0.89
0.33 0.9
0.48444444444444446 0.8888888888888888
0.5623232323232323 0.9088888888888889
0.4046464646464646 0.8748484848484849
0.4766666666666667 0.8811111111111111
0.4890909090909091 0.8933333333333333
0.35000000000000003 0.86
0.48545454545454547 0.8616161616161616
0.5015151515151515 0.8954545454545455
0.5205050505050505 0.8977777777777778
0.46272727272727265 0.8718181818181817
0.28 0.84
0.43 0.8744444444444445
0.5263636363636364 0.8955555555555555
0.42 0.9
0.38 0.86
0.12 0.8300000000000001
0.3924242424242424 0.866969696969697
0.47444444444444445 0.8833333333333333
0.5645454545454546 0.9190909090909091
0.23 0.84
0.32 0.85
0.33666666666666667 0.8613131313131313
0.4506060606060607 0.8641414141414142
0.4142424242424242 0.8652525252525253
0.5590909090909091 0.9102020202020202
0.38545454545454544 0.8556565656565657
0.4990909090909091 0.9000000000000001
0.595050505050505 0.9298989898989899
0.39525252525252524 0.8598989898989899
0.26 0.84
0.5293939393939394 0.8930303030303031
0.4724242424242424 0.8796969696969696
0.46818181818181814 0.8823232323232323
0.35666666666666663 0.8652525252525253
0.36292929292929293 0.8626262626262625
0.3209090909090909 0.8542424242424242
0.45454545454545453 0.8866666666666667
0.38 0.91
0.40454545454545454 0.8712121212121212
0.21 0.84
0.40898989898989896 0.8615151515151515
0.5233333333333333 0.8881818181818181
0.4238383838383838 0.8844444444444444
0.42757575757575755 0.8845454545454545
0.4166666666666667 0.8770707070707071
0.519090909090909 0.8928282828282827
0.4718181818181818 0.8809090909090909
0.44515151515151513 0.8772727272727272
0.28 0.84
0.45545454545454545 0.9136363636363636
0.5374747474747474 0.8930303030303031
0.4890909090909091 0.8845454545454545
0.41696969696969693 0.8678787878787879
0.41474747474747475 0.8697979797979798
0.4142424242424242 0.8844444444444444
0.5037373737373737 0.881010101010101
0.5318181818181819 0.91
0.14 0.8300000000000001
0.4324242424242424 0.8784848484848484
0.39909090909090905 0.8809090909090909
0.18 0.8300000000000001
0.395050505050505 0.8556565656565657
0.4774747474747475 0.8857575757575759
0.37 0.87
0.5466666666666666 0.9044444444444444
0.6087878787878788 0.9077777777777778
0.41080808080808073 0.857070707070707
0.4469696969696969 0.8796969696969696
0.4334343434343434 0.8748484848484849
0.4166666666666667 0.8683838383838384
0.33 0.86
0.09 0.8300000000000001
0.37626262626262624 0.8613131313131313
0.4627272727272727 0.8933333333333333
0.29 0.86
0.3825252525252525 0.8528282828282827
0.4231313131313131 0.8691919191919191
0.38 0.87
0.41 0.866969696969697
0.5051515151515151 0.8915151515151515
0.47444444444444445 0.8744444444444445
0.3887878787878788 0.8866666666666667
0.537070707070707 0.8978787878787878
0.09 0.8300000000000001
0.42636363636363633 0.896060606060606
0.4739393939393939 0.8626262626262626
0.42030303030303023 0.8665656565656565
0.5645454545454546 0.9112121212121213
0.34 0.86
0.45 0.88
0.4405050505050505 0.8783838383838384
0.4687878787878788 0.8944444444444445
0.407979797979798 0.8683838383838384
0.57 0.9044444444444444
0.4 0.89
0.38 0.9
0.38090909090909086 0.8627272727272727
0.4636363636363636 0.8515151515151514
0.47484848484848485 0.886969696969697
0.5390909090909091 0.896060606060606
0.46222222222222215 0.8748484848484849
0.488989898989899 0.9011111111111112
0.4506060606060607 0.8911111111111112
0.4326262626262627 0.8821212121212122
0.29 0.9400000000000001
0.41080808080808073 0.8665656565656565
0.38767676767676773 0.8641414141414142
0.45101010101010097 0.924949494949495
0.4021212121212121 0.8626262626262625
0.49707070707070705 0.8930303030303031
0.4081818181818182 0.8809090909090909
0.38595959595959595 0.8598989898989899
0.5294949494949495 0.9802020202020201
0.33 0.86
0.5318181818181817 0.8966666666666666
0.5242424242424242 0.8933333333333333
0.4581818181818182 0.8754545454545455
0.36464646464646466 0.8444444444444446
0.3887878787878788 0.863939393939394
0.48444444444444446 0.8796969696969696
0.5154545454545454 0.8845454545454545
0.5112121212121212 0.8942424242424243
0.4319191919191919 0.8783838383838384
0.4417171717171717 0.8877777777777778
0.25 0.84
0.39848484848484844 0.8736363636363637
0.5135353535353536 0.9001010101010102
0.37 0.85
0.5481818181818182 0.9081818181818182
0.4990909090909091 0.8836363636363638
0.4021212121212121 0.8724242424242423
0.5487878787878788 0.8954545454545455
0.32 0.99
0.31 0.85
0.33 0.85
0.520909090909091 0.8944444444444445
0.15 0.8300000000000001
0.3 0.84
0.5127272727272727 0.899090909090909
0.43404040404040406 0.8683838383838384
0.35000000000000003 0.86
0.4417171717171717 0.9156565656565656
0.37585858585858584 0.8652525252525253
0.5091919191919192 0.8783838383838384
0.4445454545454546 0.8809090909090909
0.4324242424242424 0.8598989898989899
0.35000000000000003 0.88
0.5330303030303031 0.9033333333333333
0.39606060606060606 0.8811111111111111
0.19 0.8300000000000001
0.41727272727272724 0.8899999999999999
0.5447474747474748 0.9055555555555556
0.36 0.87
0.5077777777777778 0.9122222222222222
0.4354545454545454 0.8899999999999999
0.4119191919191919 0.8724242424242423
0.5405050505050505 0.9001010101010102
0.5908080808080808 0.9132323232323232
0.5191919191919192 0.9022222222222223
0.45959595959595967 0.8911111111111112
0.4724242424242424 0.8881818181818181
0.4581818181818182 0.8836363636363638
0.15 0.8300000000000001
0.3 0.84
0.5724242424242424 0.8954545454545455
0.38 0.9
0.42636363636363633 0.8772727272727272
0.4416161616161617 0.8821212121212122
0.29 0.84
0.04 0.8200000000000001
0.5344444444444444 0.8988888888888888
0.5148484848484848 0.8881818181818181
0.4996969696969697 0.8757575757575757
0.39 0.89
0.22 0.84
0.5263636363636364 0.8955555555555555
0.3335353535353535 0.8528282828282827
0.3825252525252525 0.8724242424242423
0.4384848484848485 0.8796969696969696
0.5733333333333334 0.8866666666666667
0.5677777777777778 0.9055555555555556
0.42010101010101014 0.8613131313131313
0.3433333333333333 0.8528282828282827
0.17 0.8300000000000001
0.4 0.87
0.24 0.85
0.25 0.89
0.4081818181818182 0.8542424242424242
0.6085858585858586 0.9188888888888889
0.4257575757575757 0.8613131313131313
0.34232323232323236 0.8455555555555556
0.24 0.85
0.33 0.98
0.39787878787878783 0.8475757575757575
0.5051515151515151 0.8849494949494949
0.5172727272727272 0.9263636363636363
0.27 0.84
0.5213131313131314 0.8930303030303031
0.44555555555555554 0.891010101010101
0.34 0.87
0.3 0.85
0.3906060606060606 0.8683838383838384
0.32 0.84
0.5236363636363637 0.9245454545454546
0.48696969696969694 0.8893939393939394
0.3538383838383838 0.8475757575757575
0.26 0.86
0.4 0.86
0.25 0.84
0.4 0.89
0.3727272727272727 0.8626262626262625
0.4122222222222222 0.8744444444444445
0.3 0.84
0.43848484848484853 0.8613131313131313
0.34 0.89
0.18 0.8300000000000001
0.37 0.98
0.22 0.84
0.38 0.85
0.46272727272727265 0.8899999999999999
0.4687878787878788 0.8857575757575759
0.36 0.87
0.24 0.85
0.554040404040404 0.9229292929292929
0.4056565656565657 0.8821212121212122
0.4384848484848485 0.8796969696969696
0.42333333333333334 0.8697979797979798
0.32 0.87
0.23 0.84
0.45141414141414143 0.8770707070707071
0.45101010101010097 0.8970707070707069
0.4715151515151515 0.9021212121212121
0.446969696969697 0.8736363636363637
0.35808080808080806 0.8598989898989899
0.44 0.87
0.57 0.9044444444444444
0.27 0.9
0.33 0.86
0.37626262626262624 0.8613131313131313
0.4581818181818182 0.8836363636363638
0.47444444444444445 0.9011111111111111
0.36292929292929293 0.9018181818181817
0.39 0.8718181818181817
0.37868686868686874 0.8731313131313132
0.5855555555555555 0.9044444444444444
0.44515151515151513 0.8757575757575757
0.35000000000000003 0.87
0.42636363636363633 0.8678787878787879
0.39 0.87
0.3727272727272727 0.8626262626262625
0.6312121212121211 0.9152525252525252
0.22 0.84
0.36 0.86
0.35000000000000003 0.85
0.3901010101010101 0.8505050505050507
0.33 0.85
0.44272727272727275 0.8770707070707071
0.40595959595959596 0.8712121212121212
0.14 0.8300000000000001
0.5475757575757576 0.8941414141414141
0.41474747474747475 0.8955555555555555
0.39606060606060606 0.8613131313131313
0.36 0.85
0.33 0.84
0.49787878787878787 0.8845454545454545
0.3923232323232323 0.8626262626262625
0.5093939393939394 0.8796969696969696
0.4774747474747475 0.8770707070707071
0.5233333333333333 0.8966666666666666
0.3 0.85
0.5066666666666666 0.8845454545454545
0.23 0.97
0.29 0.84
0.4477777777777778 0.8744444444444445
0.3825252525252525 0.8724242424242423
0.492020202020202 0.886969696969697
0.3825252525252525 0.8626262626262625
0.38333333333333336 0.8705050505050504
0.34 0.84
0.47484848484848485 0.9127272727272727
0.36 0.85
0.4081818181818182 0.863939393939394
0.33 0.87
0.26 0.84
0.5006060606060606 0.8955555555555555
0.36626262626262623 0.8414141414141414
0.31 0.84
0.395050505050505 0.8844444444444444
0.5072727272727273 0.8918181818181818
0.4021212121212121 0.8724242424242423
0.4198989898989899 0.881010101010101
0.4217171717171717 0.8822222222222221
0.3512121212121212 0.8584848484848484
0.39848484848484844 0.8736363636363637
0.5277777777777778 0.91
0.33020202020202016 0.8506060606060606
0.44272727272727275 0.8770707070707071
0.35000000000000003 0.86
0.4687878787878788 0.8857575757575759
0.47444444444444445 0.8833333333333333
0.35666666666666663 0.8652525252525253
0.6213131313131313 0.931010101010101
0.28 0.85
0.43363636363636365 0.8754545454545455
0.5095959595959596 0.8906060606060606
0.5205050505050505 0.8977777777777778
0.5409090909090909 0.8954545454545455
0.4217171717171717 0.8626262626262625
0.39 0.86
0.44878787878787874 0.876060606060606
0.49757575757575756 0.8915151515151515
0.4534343434343434 0.881010101010101
0.51 0.9722222222222222
0.4142424242424242 0.8652525252525253
0.4490909090909091 0.886969696969697
0.5037373737373737 0.8977777777777778
0.33 0.86
0.33 0.99
0.395050505050505 0.8748484848484849
0.3725252525252525 0.8428282828282827
0.46626262626262627 0.8783838383838384
0.43727272727272726 0.8833333333333333
0.49909090909090903 0.899090909090909
0.5431313131313131 0.8942424242424243
0.4 0.98
0.5233333333333333 0.8966666666666666
0.37 0.87
0.6603030303030303 0.9188888888888889
0.34 0.86
0.38 0.87
0.28 0.84
0.533030303030303 0.9021212121212121
0.36636363636363634 0.8613131313131313
0.5455555555555556 0.8849494949494949
0.23 0.84
0.37626262626262624 0.8613131313131313
0.41080808080808073 0.876060606060606
0.4405050505050505 0.886969696969697
0.22 0.84
0.3 0.86
0.4021212121212121 0.8920202020202019
0.11 0.99
0.3801010101010101 0.8488888888888889
0.35000000000000003 0.87
0.42333333333333334 0.8783838383838384
0.38333333333333336 0.8705050505050504
0.43 0.8655555555555555
0.4857575757575757 0.9033333333333333
0.5315151515151515 0.9001010101010102
0.38 0.99
0.5668686868686869 0.9397979797979797
0.35000000000000003 0.86
0.4 0.87
0.36 0.87
0.21 0.8300000000000001
0.22 0.8300000000000001
0.28 0.85
0.51 0.8663636363636364
0.395050505050505 0.8748484848484849
0.5622222222222222 0.9199999999999999
0.49555555555555564 0.8911111111111112
0.46626262626262627 0.8783838383838384
0.3 0.88
0.4805050505050505 0.9018181818181817
0.39444444444444443 0.8744444444444445
0.35171717171717176 0.8641414141414142
0.4 0.84
0.5028282828282828 0.9072727272727272
0.5657575757575757 0.8915151515151515
0.45686868686868687 0.9164646464646464
0.48696969696969694 0.881010101010101
0.4477777777777778 0.8833333333333333
0.4416161616161617 0.8731313131313132
0.49363636363636365 0.8796969696969696
0.5628282828282829 0.8856565656565657
0.3823232323232323 0.9045454545454544
0.34 0.86
0.36 0.86
0.563939393939394 0.9077777777777778
0.41 0.866969696969697
0.42979797979797973 0.8855555555555554
0.36292929292929293 0.8430303030303029
0.35000000000000003 0.9500000000000001
0.45666666666666667 0.8736363636363637
0.08 0.8300000000000001
0.38 0.86
0.5063636363636363 0.9055555555555556
0.39636363636363636 0.8509090909090908
0.6293939393939394 0.9122222222222223
0.21 0.8300000000000001
0.35 0.8542424242424242
0.3335353535353535 0.8626262626262625
0.44878787878787874 0.8855555555555554
0.4238383838383838 0.8748484848484849
0.40454545454545454 0.8691919191919191
0.46606060606060606 0.898080808080808
0.4990909090909091 0.8918181818181818
0.4978787878787878 0.8881818181818181
0.41585858585858587 0.8811111111111111
0.5178787878787878 0.8823232323232323
0.38767676767676773 0.8551515151515152
0.5148484848484848 0.8881818181818181
0.23 0.8300000000000001
0.32 0.86
0.5754545454545454 0.8902020202020202
0.4319191919191919 0.8783838383838384
0.4953535353535353 0.8893939393939394
0.36 0.84
0.33 0.85
0.4231313131313131 0.8691919191919191
0.28 0.9500000000000001
0.443030303030303 0.8748484848484849
0.34 0.87
0.4146464646464647 0.8731313131313132
0.5511111111111111 0.9341414141414142
0.4388888888888889 0.8833333333333333
0.43 0.87
0.4702020202020202 0.881010101010101
0.41383838383838384 0.8784848484848484
0.26 0.85
0.3693939393939394 0.8736363636363637
0.29 0.86
0.46717171717171724 0.8741414141414142
0.29 0.84
0.407979797979798 0.8683838383838384
0.683131313131313 0.9336363636363636
0.25 0.85
0.39 0.8718181818181817
0.5132323232323233 0.8930303030303031
0.4526262626262626 0.894040404040404
0.44747474747474747 0.8595959595959596
0.49484848484848487 0.8944444444444445
0.3823232323232323 0.857070707070707
0.38 0.89
0.4354545454545454 0.8718181818181817
0.42333333333333334 0.886969696969697
0.5293939393939394 0.8849494949494949
0.43404040404040406 0.8770707070707071
0.39252525252525255 0.8796969696969696
0.29 0.86
0.2 0.84
0.38636363636363635 0.860909090909091
0.4081818181818182 0.863939393939394
0.21 0.84
0.5006060606060606 0.8697979797979798
0.38 0.84
0.4827272727272727 0.896060606060606
0.43929292929292924 0.895050505050505
0.26 0.9400000000000001
0.3923232323232323 0.8626262626262625
0.3 0.87
0.41696969696969693 0.8866666666666667
0.3433333333333333 0.8528282828282827
0.3887878787878788 0.8678787878787879
0.46030303030303027 0.8784848484848484
0.40060606060606063 0.8590909090909092
0.33 0.86
0.39 0.87
0.5293939393939394 0.8978787878787878
0.3927272727272727 0.8590909090909091
0.43848484848484853 0.8705050505050504
0.5225252525252526 0.9090909090909092
0.3693939393939394 0.8542424242424242
0.43575757575757573 0.8772727272727272
0.43151515151515146 0.8822222222222221
0.3727272727272727 0.8528282828282827
0.49515151515151523 0.8781818181818183
0.5607070707070707 0.8955555555555555
0.63 0.9099999999999999
0.5696969696969697 0.8941414141414141
0.27 0.85
0.5788888888888889 0.9003030303030303
0.35363636363636364 0.8627272727272727
0.5066666666666666 0.8933333333333333
0.39606060606060606 0.8811111111111111
0.5271717171717172 0.9022222222222223
0.4257575757575757 0.8811111111111111
0.5205050505050505 0.8977777777777778
0.5148484848484848 0.8966666666666666
0.36292929292929293 0.8724242424242423
0.33 0.98
0.36 0.86
0.5112121212121212 0.8862626262626263
0.36626262626262623 0.8556565656565657
0.33 0.85
0.5900000000000001 0.9027272727272727
0.46555555555555556 0.8922222222222222
0.42030303030303023 0.8855555555555554
0.22 0.84
0.16 0.8300000000000001
0.29 0.97
0.28 0.85
0.48444444444444446 0.9256565656565656
0.6364646464646464 0.9192929292929293
0.46858585858585866 0.8731313131313132
0.543030303030303 0.899090909090909
0.5645454545454546 0.9033333333333333
0.35000000000000003 0.87
0.533030303030303 0.9021212121212121
0.35313131313131313 0.8528282828282827
0.35000000000000003 0.85
0.546969696969697 0.8857575757575759
0.3 0.85
0.39 0.87
0.48090909090909084 0.9136363636363636
0.33666666666666667 0.8514141414141414
0.5263636363636364 0.8955555555555555
0.28 0.84
0.5217171717171717 0.8978787878787878
0.40131313131313123 0.8665656565656565
0.4890909090909091 0.8845454545454545
0.29707070707070704 0.8514141414141414
0.48090909090909084 0.8899999999999999
0.46626262626262627 0.886969696969697
0.38 0.85
0.44767676767676773 0.8796969696969696
0.32 0.98
0.25 0.84
0.5172727272727273 0.8954545454545455
0.32 0.84
0.39 0.88
0.5251515151515151 0.8954545454545455
0.41585858585858587 0.8712121212121212
0.34 0.88
0.38333333333333336 0.8705050505050504
0.33 0.85
0.546969696969697 0.8857575757575759
0.5178787878787879 0.8942424242424243
0.4953535353535353 0.881010101010101
0.41 0.8757575757575757
0.2918181818181818 0.8463636363636363
0.45454545454545453 0.8866666666666667
0.3564646464646465 0.8712121212121212
0.3693939393939394 0.863939393939394
0.5328282828282829 0.9015151515151515
0.4861616161616162 0.8857575757575759
0.26 0.87
0.443030303030303 0.894040404040404
0.4253535353535354 0.8857575757575759
0.4257575757575757 0.8613131313131313
0.4990909090909091 0.8754545454545455
0.27 0.86
0.38 0.87
0.31 0.85
0.08 0.8300000000000001
0.3887878787878788 0.8678787878787879
0.38 0.87
0.42636363636363633 0.8678787878787879
0.39 0.86
0.5037373737373737 0.8893939393939394
0.4 0.88
0.5295959595959596 0.9118181818181819
0.39525252525252524 0.8784848484848484
0.27 0.84
0.48696969696969694 0.881010101010101
0.5091919191919192 0.886969696969697
0.5077777777777778 0.9044444444444444
0.4334343434343434 0.8748484848484849
0.39 0.88
0.5155555555555555 0.8966666666666666
0.32 0.85
0.47181818181818175 0.8748484848484849
0.38545454545454544 0.8748484848484849
0.41878787878787876 0.8845454545454545
0.45 0.8918181818181818
0.5205050505050505 0.9061616161616162
0.33 0.86
0.3 0.84
0.08 0.8200000000000001
0.42010101010101014 0.8705050505050504
0.4921212121212121 0.8866666666666667
0.4554545454545455 0.8645454545454546
0.32 0.9400000000000001
0.4075757575757576 0.8772727272727272
0.45828282828282824 0.8855555555555554
0.36636363636363634 0.8613131313131313
0.5645454545454546 0.8781818181818182
0.26 0.84
0.28 0.98
0.45666666666666667 0.8833333333333333
0.5844444444444444 0.9457575757575758
0.33 0.87
0.28 0.84
0.42010101010101014 0.8705050505050504
0.26 0.84
0.4109090909090909 0.860909090909091
0.39 0.87
0.41787878787878785 0.8736363636363637
0.31 0.85
0.4601010101010101 0.99
0.37 0.9
0.3887878787878788 0.8542424242424242
0.44505050505050503 0.8726262626262626
0.46959595959595957 0.8691919191919191
0.5415151515151515 0.9003030303030303
0.16 0.89
0.46959595959595957 0.8877777777777778
0.48303030303030303 0.876969696969697
0.35000000000000003 0.85
0.29 0.85
0.19 0.84
0.4890909090909091 0.8845454545454545
0.45828282828282824 0.857070707070707
0.40131313131313123 0.8665656565656565
0.45454545454545453 0.8772727272727272
0.38 0.86
0.4687878787878788 0.8857575757575759
0.36 0.86
0.43 0.89
0.43777777777777777 0.8733333333333333
0.39525252525252524 0.8598989898989899
0.5245454545454545 0.8736363636363635
0.48646464646464643 0.875151515151515
0.4909090909090909 0.8836363636363638
0.44878787878787874 0.876060606060606
0.26 0.9
0.5536363636363637 0.9011111111111112
0.5506060606060605 0.9066666666666667
0.24 0.9
0.3237373737373737 0.8430303030303029
0.44272727272727275 0.8770707070707071
0.43727272727272726 0.8833333333333333
0.5670707070707071 0.9022222222222223
0.4677777777777777 0.8855555555555554
0.48333333333333334 0.8833333333333333
0.37 0.86
0.36 0.88
0.4166666666666667 0.8683838383838384
0.4263636363636364 0.8809090909090909
0.3887878787878788 0.8445454545454546
0.5372727272727272 0.8977777777777778
0.5233333333333333 0.8966666666666666
0.24 0.84
0.38 0.89
0.3825252525252525 0.8430303030303029
0.5191919191919192 0.8862626262626263
0.5984848484848485 0.9132323232323232
0.36626262626262623 0.8556565656565657
0.3 0.85
0.583030303030303 0.9181818181818182
0.39 0.8627272727272727
0.36 0.86
0.35000000000000003 0.84
0.3 0.84
0.36 0.86
0.34 0.84
0.5601010101010101 0.9055555555555556
0.29 0.85
0.3 0.84
0.5733333333333334 0.899090909090909
0.19 0.9500000000000001
0.4764646464646465 0.8906060606060606
0.5213131313131314 0.8849494949494949
0.45959595959595967 0.8821212121212122
0.5006060606060606 0.8955555555555555
0.5063636363636363 0.8881818181818181
0.44 0.88
0.4324242424242424 0.8691919191919191
0.443030303030303 0.8748484848484849
0.619090909090909 0.9075757575757575
0.36 0.89
0.27 0.84
0.32 0.86
0.3727272727272727 0.8626262626262625
0.44878787878787874 0.876060606060606
0.5342424242424243 0.9027272727272727
0.38545454545454544 0.99
0.35313131313131313 0.8528282828282827
0.32 0.87
0.42 0.86
0.4847474747474747 0.8988888888888888
0.4238383838383838 0.8748484848484849
0.47757575757575765 0.8821212121212122
0.39 0.87
0.33 0.86
0.37414141414141416 0.8613131313131313
0.47333333333333333 0.8866666666666667
0.6013131313131312 0.9077777777777778
0.4021212121212121 0.8528282828282827
0.42010101010101014 0.8705050505050504
0.4319191919191919 0.886969696969697
0.3 0.85
0.17 0.8300000000000001
0.40171717171717175 0.8796969696969696
0.38545454545454544 0.8556565656565657
0.4056565656565657 0.8641414141414142
0.5455555555555556 0.9091919191919191
0.3923232323232323 0.8724242424242423
0.5645454545454546 0.8893939393939394
0.5148484848484848 0.8796969696969696
0.5566666666666666 0.8954545454545455
0.19 0.84
0.5524242424242425 0.8978787878787878
0.41383838383838384 0.9528282828282828
0.45959595959595967 0.8731313131313132
0.44272727272727275 0.8857575757575759
0.41000000000000003 0.9
0.5382828282828283 0.8944444444444445
0.26 0.84
0.38767676767676773 0.8641414141414142
0.5293939393939394 0.9055555555555556
0.520909090909091 0.9118181818181819
0.46030303030303027 0.8877777777777778
0.3793939393939394 0.8678787878787879
0.38545454545454544 0.8556565656565657
0.24 0.84
0.38 0.88
0.5355555555555556 0.8869696969696971
0.4 0.86
0.33 0.84
0.32 0.85
0.38333333333333336 0.8613131313131313
0.41383838383838384 0.8784848484848484
0.554040404040404 0.9145454545454546
0.3887878787878788 0.8542424242424242
0.33666666666666667 0.8514141414141414
0.33060606060606057 0.8542424242424242
0.446969696969697 0.8930303030303031
0.3 0.86
0.5263636363636364 0.9081818181818181
0.29 0.85
0.5733333333333334 0.9066666666666667
0.5015151515151515 0.8875757575757576
0.43151515151515146 0.8724242424242423
0.6162626262626263 0.9077777777777778
0.31 0.89
0.49363636363636365 0.8954545454545455
0.39848484848484844 0.863939393939394
0.49484848484848487 0.8944444444444445
0.33 0.85
0.5974747474747475 0.9155555555555555
0.28 0.87
0.5845454545454545 0.89
0.5524242424242425 0.9055555555555556
0.4847474747474747 0.8906060606060606
0.46606060606060606 0.8888888888888888
0.31 0.84
0.4081818181818182 0.863939393939394
0.42999999999999994 0.8796969696969696
0.5247474747474747 0.9504040404040404
0.5427272727272727 0.8988888888888888
0.4774747474747475 0.8770707070707071
0.5015151515151515 0.9336363636363636
0.5636363636363636 0.9155555555555555
0.4217171717171717 0.8724242424242423
0.4177777777777778 0.8533333333333333
0.4384848484848485 0.8796969696969696
0.23 0.92
0.42636363636363633 0.9618181818181819
0.37 0.85
0.4764646464646465 0.9154545454545454
0.537070707070707 0.8902020202020202
0.3718181818181818 0.8627272727272727
0.5581818181818181 0.8763636363636363
0.42030303030303023 0.857070707070707
0.3465656565656566 0.8514141414141414
0.4627272727272727 0.8757575757575757
0.5213131313131314 0.8930303030303031
0.4728282828282828 0.9011111111111112
0.5242424242424242 0.9109090909090909
0.45686868686868687 0.8796969696969696
0.37626262626262624 0.8613131313131313
0.6267676767676768 0.9336363636363636
0.35969696969696974 0.863939393939394
0.43 0.8744444444444445
0.5572727272727273 0.9136363636363636
0.5186868686868686 0.8934343434343435
0.49303030303030304 0.8906060606060606
0.5572727272727273 0.9051515151515152
0.39 0.84
0.28 0.84
0.3981818181818182 0.8772727272727272
0.37 0.8678787878787879
0.26 0.84
0.6065656565656565 0.9015151515151515
0.5225252525252526 0.8821212121212122
0.4978787878787878 0.8966666666666666
0.5395959595959596 0.9256565656565656
0.5657575757575757 0.9136363636363636
0.4119191919191919 0.8626262626262625
0.47444444444444445 0.8833333333333333
0.41878787878787876 0.8845454545454545
0.3 0.84
0.29 0.84
0.29 0.84
0.3693939393939394 0.8542424242424242
0.551010101010101 0.8988888888888888
0.31 0.84
0.36 0.86
0.5205050505050505 0.8893939393939394
0.42 0.86
0.6053535353535353 0.9144444444444444
0.32 0.84
0.5697979797979797 0.9011111111111112
0.39 0.85
0.37 0.9
0.39909090909090905 0.8718181818181817
0.31 0.84
0.3981818181818182 0.8678787878787879
0.3335353535353535 0.8528282828282827
0.25 0.8300000000000001
0.47444444444444445 0.8655555555555555
0.407979797979798 0.8683838383838384
0.35000000000000003 0.84
0.3 0.85
0.3981818181818182 0.8772727272727272
0.29 0.86
0.3557575757575758 0.8613131313131313
0.41474747474747475 0.8783838383838384
0.4978787878787878 0.8881818181818181
0.3538383838383838 0.8665656565656565
0.5318181818181819 0.8918181818181818
0.551010101010101 0.9154545454545454
0.3015151515151515 0.8445454545454546
0.4257575757575757 0.891010101010101
0.5233333333333333 0.8966666666666666
0.5487878787878788 0.898080808080808
0.6312121212121211 0.9302020202020201
0.3924242424242424 0.8757575757575757
0.5491919191919192 0.881010101010101
0.13 0.8300000000000001
0.5327272727272727 0.8841414141414142
0.33 0.85
0.6215151515151516 0.9209090909090909
0.4417171717171717 0.8877777777777778
0.40535353535353535 0.858080808080808
0.41080808080808073 0.8475757575757575
0.31 0.85
0.48727272727272725 0.8645454545454545
0.4324242424242424 0.8598989898989899
0.33 0.86
0.5178787878787878 0.8740404040404041
0.5827272727272728 0.8881818181818182
0.5277777777777778 0.9722222222222222
0.4326262626262627 0.8731313131313132
0.17 0.8300000000000001
0.29 0.8300000000000001
0.27 0.84
0.3 0.87
0.33 0.85
0.4021212121212121 0.8724242424242423
0.3564646464646465 0.9504040404040404
0.37 0.8678787878787879
0.41696969696969693 0.8678787878787879
0.3 0.85
0.41878787878787876 0.8757575757575757
0.43848484848484853 0.8613131313131313
0.3 0.84
0.4536363636363636 0.8809090909090909
0.26 0.84
0.4 0.88
0.26 0.84
0.47444444444444445 0.8833333333333333
0.537070707070707 0.8902020202020202
0.47484848484848485 0.8955555555555555
0.36636363636363634 0.8514141414141414
0.3825252525252525 0.8724242424242423
0.33 0.84
0.3335353535353535 0.8528282828282827
0.395050505050505 0.8652525252525253
0.4803030303030303 0.8933333333333333
0.35888888888888887 0.8566666666666667
0.4627272727272727 0.866969696969697
0.4021212121212121 0.8822222222222221
0.6118181818181818 0.9245454545454546
0.41000000000000003 0.86
0.45959595959595967 0.8731313131313132
0.37909090909090915 0.8736363636363637
0.4354545454545454 0.8809090909090909
0.4687878787878788 0.9205050505050506
0.53989898989899 0.8769696969696971
0.4417171717171717 0.8691919191919191
0.49303030303030304 0.8823232323232323
0.4445454545454546 0.9081818181818181
0.35000000000000003 0.85
0.49707070707070705 0.9011111111111112
0.36 0.9500000000000001
0.47444444444444445 0.8833333333333333
0.4027272727272727 0.8527272727272728
0.28494949494949495 0.8456565656565657
0.37 0.85
0.33 0.86
0.3158585858585858 0.8475757575757575
0.3823232323232323 0.8665656565656565
0.5955555555555556 0.9039393939393939
0.14 0.84
0.4539393939393939 0.8757575757575757
0.33 0.87
0.666969696969697 0.9663636363636363
0.5152525252525252 0.9045454545454544
0.45666666666666667 0.981111111111111
0.3 0.86
0.5293939393939394 0.9011111111111112
0.46626262626262627 0.886969696969697
0.4490909090909091 0.886969696969697
0.5487878787878788 0.8954545454545455
0.3923232323232323 0.8626262626262625
0.31 0.84
0.5403030303030303 0.8881818181818181
0.3936363636363637 0.8574747474747475
0.24 0.84
0.5271717171717172 0.8782828282828283
0.3465656565656566 0.8514141414141414
0.35000000000000003 0.84
0.37616161616161614 0.8414141414141414
0.33 0.86
0.5884848484848485 0.9066666666666667
0.25 0.89
0.4142424242424242 0.894040404040404
0.4319191919191919 0.8783838383838384
0.34 0.84
0.42 0.87
0.4416161616161617 0.8731313131313132
0.35000000000000003 0.86
0.5972727272727273 0.9172727272727272
0.39 0.88
0.5564646464646464 0.9152525252525252
0.4872727272727273 0.8942424242424243
0.18 0.89
0.488989898989899 0.8849494949494949
0.5236363636363637 0.8836363636363638
0.46626262626262627 0.886969696969697
0.6930303030303031 0.9354545454545454
0.34 0.85
0.5409090909090909 0.8875757575757576
0.33 0.86
0.614949494949495 0.9820202020202022
0.5754545454545454 0.9027272727272727
0.5148484848484848 0.9136363636363636
0.39252525252525255 0.8521212121212121
0.35000000000000003 0.86
0.4978787878787878 0.8966666666666666
0.2 0.8300000000000001
0.43848484848484853 0.8888888888888888
0.32 0.86
0.5045454545454546 0.9001010101010102
0.3564646464646465 0.8613131313131313
0.32 0.85
0.443030303030303 0.894040404040404
0.4715151515151515 0.9021212121212121
0.18 0.8300000000000001
0.43 0.8744444444444445
0.41787878787878785 0.9221212121212121
0.37626262626262624 0.8514141414141414
0.4046464646464646 0.8748484848484849
0.32 0.86
0.5154545454545455 0.9000000000000001
0.36 0.99
0.33 0.84
0.31 0.85
0.3 0.85
0.36636363636363634 0.8514141414141414
0.6213131313131313 0.9236363636363636
0.27 0.86
0.36 0.85
0.44515151515151513 0.8845454545454545
0.33 0.86
0.26 0.84
0.42636363636363633 0.9806060606060605
0.18 0.8300000000000001
0.5251515151515151 0.8954545454545455
0.36070707070707075 0.8551515151515152
0.5172727272727273 0.8954545454545455
0.21 0.84
0.4081818181818182 0.863939393939394
0.4324242424242424 0.8691919191919191
0.4445454545454546 0.8718181818181817
0.3335353535353535 0.8626262626262625
0.46555555555555556 0.8744444444444445
0.41000000000000003 0.9
0.45959595959595967 0.8911111111111112
0.5236363636363637 0.9000000000000001
0.26 0.84
0.31 0.86
0.4416161616161617 0.8911111111111112
0.5236363636363637 0.8836363636363638
0.4978787878787878 0.8712121212121212
0.28 0.84
0.34 0.85
0.29 0.98
0.23 0.84
0.49747474747474746 0.8970707070707069
0.4334343434343434 0.99
0.4702020202020202 0.8893939393939394
0.29 0.84
0.40545454545454546 0.8636363636363635
0.3845454545454545 0.8509090909090911
0.35808080808080806 0.8691919191919191
0.4461616161616162 0.8603030303030303
0.18 0.84
0.3887878787878788 0.863939393939394
0.32676767676767676 0.8613131313131313
0.18 0.99
0.5590909090909091 0.9102020202020202
0.5422222222222223 0.8856565656565657
0.47818181818181815 0.8645454545454546
0.4021212121212121 0.8822222222222221
0.41727272727272724 0.8809090909090909
0.5261616161616162 0.9651515151515152
0.2871717171717172 0.8514141414141414
0.35000000000000003 0.85
0.31 0.85
0.4417171717171717 0.8784848484848484
0.3981818181818182 0.8678787878787879
0.4618181818181818 0.881010101010101
0.42757575757575755 0.8757575757575757
0.21 0.84
0.512020202020202 0.9072727272727272
0.5592929292929293 0.9071717171717172
0.35000000000000003 0.84
0.5251515151515151 0.8875757575757576
0.36 0.86
0.5213131313131314 0.8930303030303031
0.4263636363636364 0.8718181818181817
0.520909090909091 0.8944444444444445
0.44505050505050503 0.881010101010101
0.24 0.84
0.5112121212121212 0.9022222222222223
0.39606060606060606 0.8613131313131313
0.3 0.87
0.29 0.85
0.3823232323232323 0.8855555555555554
0.29 0.85
0.41585858585858587 0.8712121212121212
0.4031313131313131 0.8726262626262626
0.41000000000000003 0.88
0.49777777777777776 0.8711111111111111
0.5590909090909091 0.8942424242424243
0.33 0.9500000000000001
0.5351515151515152 0.8942424242424243
0.3693939393939394 0.8445454545454546
0.49 0.8711111111111111
0.537070707070707 0.8978787878787878
0.24 0.84
0.5382828282828283 0.9031313131313131
0.31686868686868686 0.8613131313131313
0.35808080808080806 0.8691919191919191
0.49555555555555564 0.9090909090909092
0.33 0.87
0.33 0.9
0.40171717171717175 0.8613131313131313
0.49484848484848487 0.8770707070707071
0.5696969696969697 0.9015151515151515
0.44 0.87
0.33 0.86
0.4324242424242424 0.8598989898989899
0.4978787878787878 0.8881818181818181
0.37626262626262624 0.8613131313131313
0.43575757575757573 0.8772727272727272
0.4670707070707071 0.873939393939394
0.5491919191919192 0.8883838383838384
0.40595959595959596 0.8712121212121212
0.6601010101010101 0.9469696969696969
0.4417171717171717 0.8691919191919191
0.29 0.84
0.36 0.98
0.37666666666666665 0.8655555555555555
0.4588888888888889 0.8633333333333333
0.4890909090909091 0.8845454545454545
0.4702020202020202 0.8893939393939394
0.46030303030303027 0.8877777777777778
0.34 0.87
0.37585858585858584 0.8652525252525253
0.5960606060606061 0.899090909090909
0.4539393939393939 0.8757575757575757
0.34 0.85
0.32 0.85
0.4598989898989899 0.8740404040404041
0.47444444444444445 0.8744444444444445
0.41878787878787876 0.8757575757575757
0.3924242424242424 0.866969696969697
0.5191919191919192 0.8942424242424243
0.520909090909091 0.8857575757575759
0.446969696969697 0.8736363636363637
0.19 0.84
0.4526262626262626 0.8844444444444444
0.37909090909090915 0.8736363636363637
0.4211111111111111 0.8744444444444445
0.46 0.98
0.39 0.86
0.4506060606060607 0.8821212121212122
0.43666666666666665 0.9816161616161617
0.611010101010101 0.9087878787878787
0.51 0.8833333333333333
0.26 0.84
0.5293939393939394 0.8978787878787878
0.3727272727272727 0.8626262626262625
0.43848484848484853 0.8888888888888888
0.30333333333333334 0.8456565656565657
0.23 0.84
0.518888888888889 0.91
0.29 0.88
0.35969696969696974 0.863939393939394
0.35 0.863939393939394
0.27 0.85
0.28 0.97
0.4702020202020202 0.8726262626262626
0.36 0.86
0.5403030303030303 0.8966666666666666
0.4827272727272727 0.8836363636363638
0.3 0.85
0.4803030303030303 0.8757575757575757
0.5989898989898991 0.9102020202020202
0.4803030303030303 0.8845454545454545
0.17 0.8300000000000001
0.3041414141414141 0.9018181818181817
0.4231313131313131 0.8784848484848484
0.32 0.86
0.43575757575757573 0.8772727272727272
0.15 0.8300000000000001
0.4326262626262627 0.8731313131313132
0.4 0.86
0.33 0.87
0.4253535353535354 0.9291919191919192
0.5095959595959596 0.8906060606060606
0.43575757575757573 0.8772727272727272
0.36 0.87
0.4215151515151515 0.8966666666666666
0.41090909090909095 0.8705050505050504
0.26 0.87
0.39 0.84
0.6180808080808081 0.8891919191919193
0.42929292929292934 0.898080808080808
0.42787878787878797 0.8585858585858587
0.4354545454545454 0.8718181818181817
0.21 0.84
0.29 0.85
0.4861616161616162 0.8944444444444445
0.5601010101010101 0.9132323232323232
0.36 0.97
0.23 0.84
0.39 0.87
0.4778787878787879 0.8875757575757576
0.38616161616161615 0.8811111111111111
0.48090909090909084 0.8899999999999999
0.5288888888888889 0.9229292929292929
0.5172727272727272 0.899090909090909
0.4354545454545454 0.899090909090909
0.3727272727272727 0.8528282828282827
0.5855555555555555 0.9044444444444444
0.4687878787878788 0.8770707070707071
0.4506060606060607 0.8731313131313132
0.35969696969696974 0.8542424242424242
0.33 0.86
0.4 0.88
0.31 0.85
0.4081818181818182 0.8718181818181817
0.39535353535353535 0.848080808080808
0.4511111111111111 0.8920202020202019
0.43848484848484853 0.8888888888888888
0.6263636363636363 0.9596969696969697
0.543030303030303 0.899090909090909
0.4445454545454546 0.8718181818181817
0.4334343434343434 0.9036363636363636
0.5063636363636363 0.8651515151515151
0.42 0.86
0.33 0.85
0.5330303030303031 0.8875757575757576
0.6177777777777778 0.9358585858585857
0.5622222222222222 0.9044444444444444
0.38 0.87
0.48777777777777775 0.863939393939394
0.31 0.91
0.37 0.86
0.3978787878787879 0.8460606060606061
0.5628282828282829 0.8925252525252526
0.4142424242424242 0.8652525252525253
0.4244444444444445 0.8511111111111114
0.36 0.85
0.34 0.84
0.4 0.88
0.11 0.8300000000000001
0.37 0.86
0.4081818181818182 0.8718181818181817
0.44767676767676773 0.8888888888888888
0.5670707070707071 0.9181818181818182
0.3374747474747474 0.8556565656565657
0.19 0.8300000000000001
0.41787878787878785 0.8833333333333333
0.22 0.84
0.27 0.84
0.28 0.84
0.43484848484848493 0.8641414141414142
0.18 0.86
0.4576767676767677 0.8783838383838384
0.34 0.88
0.32 0.85
0.3182828282828282 0.8460606060606061
0.36 0.87
0.48444444444444446 0.8796969696969696
0.5972727272727273 0.91
0.11 0.8300000000000001
0.34 0.87
0.27 0.89
0.42 0.86
0.5918181818181818 0.9015151515151515
0.44131313131313127 0.8724242424242423
0.5374747474747474 0.9172727272727272
0.34878787878787876 0.8598989898989899
0.47444444444444445 0.8655555555555555
0.43727272727272726 0.8833333333333333
0.16 0.8300000000000001
0.4388888888888889 0.8655555555555555
0.41383838383838384 0.8691919191919191
0.36292929292929293 0.8528282828282827
0.35000000000000003 0.86
0.5 0.97
0.3253535353535353 0.8475757575757575
0.4724242424242424 0.8712121212121212
0.37 0.86
0.44878787878787874 0.895050505050505
0.21 0.84
0.37 0.8584848484848484
0.29 0.85
0.3823232323232323 0.8665656565656565
0.3374747474747474 0.8556565656565657
0.5 0.8966666666666666
0.38 0.87
0.46 0.88
0.4978787878787878 0.8881818181818181
0.4805050505050505 0.8920202020202019
0.31 0.88
0.4146464646464647 0.8821212121212122
0.41727272727272724 0.99
0.49363636363636354 0.8781818181818181
0.23 0.85
0.32 0.85
0.21 0.84
0.22 0.84
0.3 0.85
0.4217171717171717 0.8724242424242423
0.14 0.8300000000000001
0.45959595959595967 0.8731313131313132
0.5191919191919192 0.8862626262626263
0.11 0.8300000000000001
0.4893939393939394 0.8881818181818181
0.3 0.84
0.33 0.85
0.43 0.88
0.3 0.85
0.2821212121212121 0.8445454545454546
0.36 0.9
0.54 0.9000000000000001
0.4388888888888889 0.8744444444444445
0.5398989898989899 0.9005050505050506
0.44767676767676773 0.9808080808080808
0.4128282828282828 0.8734343434343435
0.38616161616161615 0.8613131313131313
0.5809090909090909 0.8915151515151515
0.4 0.86
0.517070707070707 0.8783838383838383
0.5918181818181818 0.9162626262626262
0.29 0.85
0.38545454545454544 0.8652525252525253
0.3324242424242424 0.8584848484848484
0.21 0.84
0.31 0.85
0.5445454545454546 0.9081818181818181
0.29707070707070704 0.8514141414141414
0.4231313131313131 0.8691919191919191
0.45666666666666667 0.8833333333333333
0.37909090909090915 0.8736363636363637
0.40595959595959596 0.8712121212121212
0.42979797979797973 0.876060606060606
0.38 0.87
0.3606060606060606 0.8678787878787879
0.44767676767676773 0.8705050505050504
0.45545454545454545 0.8712121212121212
0.3966666666666667 0.8821212121212122
0.36070707070707075 0.8641414141414142
0.32 0.84
0.05 0.8200000000000001
0.36737373737373735 0.8598989898989899
0.45 0.88
0.395050505050505 0.8748484848484849
0.5566666666666666 0.9190909090909091
0.4081818181818182 0.8833333333333333
0.42030303030303023 0.876060606060606
0.5657575757575757 0.899090909090909
0.4702020202020202 0.8893939393939394
0.3564646464646465 0.8613131313131313
0.41474747474747475 0.8783838383838384
0.35727272727272724 0.8581818181818182
0.4536363636363636 0.8495959595959596
0.41000000000000003 0.86
0.5991919191919192 0.9162626262626262
0.41000000000000003 0.89
0.3465656565656566 0.8811111111111111
0.31 0.85
0.33 0.85
0.5172727272727273 0.8736363636363635
0.39 0.87
0.3418181818181818 0.8866666666666667
0.44333333333333336 0.8823232323232323
0.49707070707070705 0.8930303030303031
0.5681818181818181 0.91
0.4477777777777778 0.8833333333333333
0.44505050505050503 0.8893939393939394
0.5354545454545454 0.899090909090909
0.40454545454545454 0.8598989898989899
0.4326262626262627 0.99
0.35000000000000003 0.86
0.27 0.84
0.35000000000000003 0.9
0.39 0.86
0.49303030303030304 0.8906060606060606
0.22 0.84
0.18 0.8300000000000001
0.4774747474747475 0.8770707070707071
0.31 0.85
0.44878787878787874 0.9805050505050504
0.38666666666666666 0.8715151515151515
0.518888888888889 0.8922222222222222
0.25 0.85
0.37 0.84
0.5675757575757576 0.9154545454545454
0.37 0.9500000000000001
0.32090909090909087 0.8506060606060606
0.33020202020202016 0.8506060606060606
0.36 0.86
0.41696969696969693 0.8866666666666667
0.23 0.84
0.25 0.84
0.36626262626262623 0.8556565656565657
0.3728282828282828 0.933030303030303
0.19 0.92
0.5447474747474748 0.9055555555555556
0.36636363636363634 0.8613131313131313
0.3728282828282828 0.857070707070707
0.49 0.8899999999999999
0.3693939393939394 0.863939393939394
0.5067676767676768 0.8970707070707069
0.34 0.84
0.5155555555555555 0.8811111111111111
0.4081818181818182 0.8542424242424242
0.4166666666666667 0.8857575757575759
0.5563636363636364 0.8836363636363638
0.4827272727272727 0.9081818181818182
0.31 0.84
0.5154545454545454 0.8933333333333333
0.21 0.98
0.6065656565656565 0.9826262626262626
0.46606060606060606 0.8796969696969696
0.32 0.85
0.3793939393939394 0.8678787878787879
0.48696969696969694 0.8893939393939394
0.42929292929292934 0.8705050505050504
0.3 0.84
0.3887878787878788 0.8736363636363637
0.5800000000000001 0.8866666666666667
0.44515151515151513 0.866969696969697
0.33 0.86
0.5900000000000001 0.9172727272727272
0.5374747474747474 0.9091919191919191
0.4257575757575757 0.8613131313131313
0.3 0.84
0.38545454545454544 0.8652525252525253
0.4 0.87
0.446969696969697 0.8833333333333333
0.39606060606060606 0.9009090909090909
0.3 0.84
0.3793939393939394 0.8772727272727272
0.4390909090909091 0.8645454545454546
0.5455555555555556 0.9011111111111112
0.33 0.86
0.4 0.87
0.5261616161616162 0.8988888888888888
0.4639393939393939 0.8966666666666666
0.33 0.85
0.4238383838383838 0.8748484848484849
0.40131313131313123 0.8665656565656565
0.44515151515151513 0.866969696969697
0.45686868686868687 0.8796969696969696
0.23 0.84
0.25 0.84
0.47757575757575765 0.8821212121212122
0.37626262626262624 0.8712121212121212
0.4075757575757576 0.8772727272727272
0.38 0.87
0.43636363636363634 0.8845454545454545
0.49747474747474746 0.9063636363636363
0.28 0.85
0.37 0.87
0.31 0.86
0.3923232323232323 0.8724242424242423
0.4939393939393939 0.8826262626262626
0.4715151515151515 0.8757575757575757
0.46606060606060606 0.8796969696969696
0.5708080808080809 0.9145454545454546
0.4914141414141414 0.8726262626262626
0.57 0.8966666666666666
0.33 0.85
0.45363636363636367 0.870909090909091
0.4209090909090909 0.8545454545454546
0.33 0.85
0.3887878787878788 0.8584848484848484
0.49 0.8711111111111111
0.48343434343434344 0.8783838383838384
0.4326262626262627 0.981010101010101
0.36626262626262623 0.9228282828282828
0.35 0.863939393939394
0.5315151515151515 0.981010101010101
0.38 0.86
0.36 0.86
0.5112121212121212 0.8862626262626263
0.40454545454545454 0.8691919191919191
0.49909090909090903 0.8899999999999999
0.32 0.85
0.47484848484848485 0.886969696969697
0.4677777777777777 0.8855555555555554
0.42636363636363633 0.8866666666666667
0.32 0.9
0.5112121212121212 0.8862626262626263
0.5447474747474748 0.9055555555555556
0.37626262626262624 0.8514141414141414
0.41080808080808073 0.876060606060606
0.45666666666666667 0.8655555555555555
0.45545454545454545 0.8881818181818181
0.4477777777777778 0.9544444444444444
0.44515151515151513 0.8772727272727272
0.4893939393939394 0.99
0.4952525252525253 0.9660606060606061
0.31 0.84
0.6027272727272728 0.9111111111111111
0.5330303030303031 0.8954545454545455
0.4384848484848485 0.8712121212121212
0.4211111111111111 0.8833333333333333
0.3992929292929293 0.8770707070707071
0.49303030303030304 0.8988888888888888
0.21 0.84
0.4627272727272727 0.866969696969697
0.19 0.84
0.4142424242424242 0.8652525252525253
0.5855555555555555 0.9122222222222222
0.17 0.8300000000000001
0.3377777777777778 0.8444444444444444
0.35969696969696974 0.8930303030303031
0.5809090909090909 0.9490909090909092
0.33 0.85
0.46272727272727265 0.8718181818181817
0.3887878787878788 0.8678787878787879
0.32 0.85
0.3 0.85
0.5566666666666666 0.8954545454545455
0.47444444444444445 0.8922222222222222
0.3 0.84
0.5456565656565656 0.8977777777777778
0.3538383838383838 0.8665656565656565
0.40595959595959596 0.8712121212121212
0.5346464646464646 0.9342424242424241
0.36070707070707075 0.8551515151515152
0.29 0.85
0.19 0.8300000000000001
0.34 0.84
0.39 0.88
0.5431313131313131 0.8809090909090909
0.41878787878787876 0.866969696969697
0.33 0.86
0.46606060606060606 0.8796969696969696
0.4 0.9
0.46393939393939393 0.8866666666666667
0.43575757575757573 0.8772727272727272
0.40171717171717175 0.8888888888888888
0.48696969696969694 0.9145454545454546
0.4921212121212121 0.8866666666666667
0.29 0.87
0.4166666666666667 0.8770707070707071
0.4477777777777778 0.8744444444444445
0.27 0.9400000000000001
0.42 0.88
0.29 0.91
0.5 0.92
0.5601010101010101 0.8978787878787878
0.5880808080808081 0.8926262626262627
0.31 0.85
0.3 0.87
0.49787878787878787 0.8757575757575757
0.5013131313131313 0.8823232323232323
0.2 0.84
0.44515151515151513 0.8757575757575757
