0.26 0.88
0.22797979797979798 0.99
0.07 0.85
0.45171717171717174 0.9162626262626262
0.38535353535353534 0.8988888888888888
0.3906060606060606 0.8948484848484849
0.16 0.87
0.26070707070707066 0.8748484848484849
0.19797979797979798 0.8612121212121212
0.43 0.9122222222222222
0.3309090909090909 0.9284848484848485
0.43777777777777777 0.9199999999999999
0.2673737373737374 0.891010101010101
0.28737373737373734 0.8855555555555554
0.09 0.89
0.28949494949494947 0.9132323232323232
0.31161616161616157 0.99
0.1 0.85
0.35363636363636364 0.8966666666666666
0.18 0.88
0.29303030303030303 0.8877777777777778
0.4667676767676767 0.9227272727272727
0.25585858585858584 0.8784848484848484
0.29393939393939394 0.8757575757575757
0.25 0.97
0.06 0.99
0.25 0.9
0.38535353535353534 0.932020202020202
0.30636363636363634 0.8855555555555554
0.3157575757575758 0.8821212121212122
0.43939393939393945 0.9341414141414142
0.11 0.87
0.39727272727272733 0.8972727272727273
0.14 0.99
0.17 0.99
0.38181818181818183 0.8981818181818182
0.29606060606060614 0.8713131313131314
0.12 0.99
0.09 0.99
0.24444444444444444 0.864848484848485
0.318989898989899 0.9808080808080808
0.4219191919191919 0.9823232323232323
0.12 0.89
0.14 0.86
0.22 0.99
0.16 0.99
0.3139393939393939 0.9116161616161615
0.4485858585858586 0.9657575757575758
0.25 0.9
0.27787878787878784 0.9425252525252524
0.4090909090909091 0.9081818181818182
0.3371717171717172 0.8844444444444445
0.13 0.86
0.43212121212121213 0.8987878787878788
0.24757575757575756 0.8811111111111111
0.2627272727272727 0.8736363636363637
0.28969696969696973 0.8696969696969699
0.41303030303030297 0.9815151515151515
0.3097979797979798 0.8888888888888888
0.3975757575757576 0.9213131313131313
0.18818181818181817 0.99
0.23555555555555552 0.8724242424242423
0.34545454545454546 0.8801010101010102
0.22 0.97
0.4672727272727273 0.9596969696969697
0.13 0.87
0.2822222222222222 0.8796969696969696
0.08 0.99
0.19808080808080808 0.99
0.15 0.99
0.36212121212121207 0.8966666666666666
0.23 0.89
0.35464646464646465 0.886969696969697
0.25515151515151513 0.8822222222222221
0.4267676767676768 0.932020202020202
0.02 0.84
0.35171717171717176 0.9001010101010102
0.3196969696969697 0.9645454545454545
0.24 0.89
0.2977777777777778 0.8821212121212122
0.24535353535353532 0.8822222222222221
0.31161616161616157 0.8970707070707069
0.2990909090909091 0.9036363636363636
0.36212121212121207 0.9051515151515152
0.31727272727272726 0.899090909090909
0.05 0.98
0.34272727272727277 0.9180808080808082
0.4154545454545455 0.9181818181818182
0.28737373737373734 0.8855555555555554
0.11 0.99
0.3875757575757576 0.9136363636363636
0.06 0.84
0.3097979797979798 0.99
0.19 0.97
0.3042424242424242 0.9054545454545455
0.2871717171717172 0.99
0.12 0.89
0.3706060606060606 0.8966666666666666
0.23 0.89
0.3804040404040404 0.9470707070707071
0.27606060606060606 0.9806060606060605
0.04 0.85
0.23555555555555552 0.99
0.4596969696969697 0.9142424242424243
0.25 0.98
0.36606060606060603 0.9109090909090909
0.35363636363636364 0.8966666666666666
0.19 0.89
0.31727272727272726 0.899090909090909
0.21 0.91
0.14 0.99
0.40454545454545454 0.9390909090909091
0.23 0.89
0.32212121212121214 0.9109090909090909
0.16 0.86
0.4066666666666666 0.9199999999999999
0.16 0.87
0.25 0.88
0.16 0.86
0.5021212121212121 0.9475757575757575
0.06 0.85
0.17818181818181816 0.8513131313131312
0.39202020202020205 0.9172727272727272
0.25515151515151513 0.8920202020202019
0.3157575757575758 0.9001010101010102
0.3015151515151515 0.9221212121212121
0.4172727272727273 0.9163636363636365
0.3139393939393939 0.99
0.3281818181818182 0.898080808080808
0.14 0.99
0.38191919191919194 0.9205050505050506
0.3247474747474748 0.8821212121212122
0.4672727272727273 0.9218181818181819
0.0 0.99
0.2 0.88
0.3687878787878788 0.8906060606060606
0.3158585858585858 0.914040404040404
0.3247474747474748 0.8911111111111112
0.21787878787878787 0.8712121212121212
0.25303030303030305 0.9124242424242425
0.23 0.96
0.17 0.99
0.38636363636363635 0.9061616161616162
0.5104040404040404 0.9112121212121214
0.0 0.99
0.47363636363636363 0.9609090909090909
0.26606060606060605 0.8766666666666667
0.4081818181818182 0.9172727272727272
0.318989898989899 0.898080808080808
0.22 0.88
0.15 0.9400000000000001
0.34272727272727277 0.9001010101010102
0.08 0.99
0.05 0.86
0.3097979797979798 0.8888888888888888
0.3451515151515151 0.8966666666666666
0.24 0.89
0.43777777777777777 0.9044444444444444
0.3281818181818182 0.9072727272727272
0.22 0.89
0.17 0.89
0.2948484848484848 0.9336363636363636
0.3695959595959596 0.8916161616161616
0.26 0.91
0.3233333333333333 0.9633333333333333
0.35464646464646465 0.8955555555555555
0.33969696969696966 0.9109090909090909
0.4115151515151515 0.9313131313131313
0.4162626262626263 0.99
0.24535353535353532 0.99
0.29 0.9400000000000001
0.22393939393939394 0.9803030303030303
0.26838383838383834 0.914040404040404
0.36212121212121207 0.8966666666666666
0.34161616161616165 0.9002020202020202
0.21787878787878787 0.8811111111111111
0.27 0.89
0.36606060606060603 0.9109090909090909
0.3273737373737374 0.9154545454545454
0.24535353535353532 0.9116161616161615
0.3706060606060606 0.9136363636363636
0.16 0.87
0.29727272727272724 0.8790909090909091
0.3343434343434344 0.8757575757575757
0.3451515151515151 0.9051515151515152
0.19 0.86
0.01 0.85
0.29303030303030303 0.99
0.18 0.99
0.07 0.87
0.30636363636363634 0.933030303030303
0.31161616161616157 0.8970707070707069
0.3157575757575758 0.8911111111111112
0.25 0.93
0.3006060606060606 0.8888888888888888
0.3023232323232323 0.8970707070707069
0.3276767676767677 0.99
0.06 0.9500000000000001
0.346969696969697 0.8906060606060606
0.39747474747474754 0.9002020202020202
0.24 0.88
0.3954545454545455 0.8981818181818182
0.28737373737373734 0.895050505050505
0.4667676767676767 0.9152525252525252
0.35484848484848486 0.8827272727272728
0.29303030303030303 0.8877777777777778
0.22 0.86
0.38636363636363635 0.9145454545454546
0.04 0.88
0.33545454545454545 0.9172727272727272
0.28 0.9400000000000001
0.37666666666666665 0.9188888888888889
0.31161616161616157 0.8784848484848484
0.21 0.87
0.21 0.87
0.3288888888888889 0.99
0.17 0.86
0.24333333333333332 0.8930303030303031
0.22797979797979798 0.9156565656565656
0.15 0.88
0.4081818181818182 0.9091919191919191
0.35727272727272724 0.9109090909090909
0.16 0.91
0.3373737373737374 0.9072727272727272
0.2 0.9400000000000001
0.21 0.88
0.2877777777777778 0.8922222222222222
0.21 0.87
0.11 0.86
0.2948484848484848 0.9054545454545455
0.36323232323232324 0.9556565656565656
0.2914141414141414 0.8888888888888888
0.3157575757575758 0.8911111111111112
0.2 0.87
0.3097979797979798 0.8796969696969696
0.30636363636363634 0.895050505050505
0.23 0.88
0.24 0.87
0.14 0.89
0.17 0.9
0.25 0.9
0.28454545454545455 0.9214141414141414
0.25585858585858584 0.99
0.45646464646464646 0.9062626262626262
0.2 0.99
0.12 0.98
0.3157575757575758 0.8821212121212122
0.22 0.99
0.31333333333333335 0.9548484848484848
0.35727272727272724 0.9812121212121211
0.31727272727272726 0.8899999999999999
0.40010101010101007 0.9011111111111112
0.2977777777777778 0.8821212121212122
0.15 0.99
0.35171717171717176 0.9090909090909092
0.41848484848484846 0.932020202020202
0.33545454545454545 0.9172727272727272
0.36070707070707075 0.9180808080808082
0.31686868686868686 0.99
0.40454545454545454 0.9136363636363636
0.22 0.86
0.3041414141414141 0.9116161616161615
0.35464646464646465 0.9298989898989899
0.28 0.98
0.24151515151515152 0.8844444444444444
0.22777777777777777 0.8811111111111111
0.25747474747474747 0.891010101010101
0.2914141414141414 0.99
0.48818181818181816 0.9245454545454546
0.16 0.98
0.31444444444444447 0.8833333333333333
0.37323232323232325 0.9291919191919192
0.396060606060606 0.9390909090909091
0.3157575757575758 0.99
0.323030303030303 0.9242424242424243
0.25 0.9
0.04 0.99
0.3006060606060606 0.8888888888888888
0.25 0.88
0.28949494949494947 0.894040404040404
0.3023232323232323 0.8970707070707069
0.1 0.99
0.21 0.88
0.4066666666666666 0.9277777777777777
0.2772727272727273 0.9009090909090909
0.24535353535353532 0.8920202020202019
0.2319191919191919 0.894040404040404
0.3288888888888889 0.9213131313131313
0.09 0.99
0.1 0.85
0.39888888888888885 0.9277777777777777
0.2 0.86
0.16 0.87
0.4319191919191919 0.99
0.40747474747474755 0.9022222222222223
0.03 0.98
0.2695959595959596 0.8760606060606061
0.09 0.86
0.3718181818181818 0.8955555555555555
0.43666666666666665 0.9732323232323233
0.32666666666666666 0.8866666666666666
0.323030303030303 0.9054545454545455
0.26838383838383834 0.895050505050505
0.2 0.86
0.2673737373737374 0.9207070707070707
0.43666666666666665 0.9396969696969697
0.21 0.88
0.32060606060606067 0.8890909090909092
0.34848484848484845 0.9109090909090909
0.27030303030303027 0.8844444444444444
0.2990909090909091 0.9354545454545454
0.29434343434343435 0.9018181818181817
0.26494949494949493 0.8920202020202019
0.25515151515151513 0.8822222222222221
0.23 0.98
0.19 0.98
0.18 0.87
0.2809090909090909 0.899090909090909
0.33444444444444443 0.8866666666666666
0.21 0.88
0.302020202020202 0.8676767676767676
0.36323232323232324 0.9127272727272727
0.43363636363636365 0.9163636363636365
0.08 0.99
0.27606060606060606 0.9148484848484848
0.0 0.9
0.16 0.9500000000000001
0.29686868686868684 0.9045454545454544
0.27989898989898987 0.8844444444444444
0.2884848484848485 0.8791919191919192
0.27787878787878784 0.9045454545454544
0.2196969696969697 0.9054545454545455
0.25303030303030305 0.8930303030303031
0.4090909090909091 0.9163636363636365
0.28737373737373734 0.895050505050505
0.3253535353535353 0.9710101010101009
0.24757575757575756 0.9009090909090909
0.32090909090909087 0.9063636363636363
0.24 0.99
0.2398989898989899 0.876060606060606
0.3687878787878788 0.9154545454545454
0.444949494949495 0.9285858585858585
0.3718181818181818 0.9127272727272727
0.24545454545454548 0.99
0.3097979797979798 0.9164646464646464
0.2398989898989899 0.99
0.28373737373737373 0.8877777777777778
0.3718181818181818 0.99
0.4162626262626263 0.9253535353535354
0.16 0.99
0.48797979797979796 0.9397979797979797
0.2 0.89
0.3247474747474748 0.8911111111111112
0.21424242424242423 0.9027272727272727
0.35171717171717176 0.9001010101010102
0.22777777777777777 0.8712121212121212
0.17 0.86
0.27787878787878784 0.9710101010101009
0.14 0.98
0.26383838383838387 0.8888888888888888
0.28737373737373734 0.9045454545454544
0.3337373737373738 0.9090909090909092
0.28949494949494947 0.894040404040404
0.30373737373737375 0.8944444444444445
0.13 0.9
0.24 0.88
0.2948484848484848 0.9054545454545455
0.4688888888888889 0.9433333333333332
0.23 0.88
0.3042424242424242 0.8866666666666667
0.4553535353535354 0.9261616161616162
0.31727272727272726 0.9809090909090908
0.05 0.85
0.04 0.87
0.3021212121212121 0.8821212121212121
0.41 0.99
0.3136363636363636 0.896060606060606
0.38636363636363635 0.9396969696969697
0.5697979797979797 0.9447474747474747
0.17 0.9400000000000001
0.26666666666666666 0.8772727272727272
0.25515151515151513 0.8724242424242423
0.3827272727272727 0.8981818181818181
0.2 0.99
0.16 0.9500000000000001
0.0 0.98
0.33545454545454545 0.899090909090909
0.2304040404040404 0.895050505050505
0.4254545454545455 0.9245454545454546
0.3023232323232323 0.8877777777777778
0.34848484848484845 0.946060606060606
0.16 0.86
0.3042424242424242 0.8866666666666667
0.2673737373737374 0.99
0.23 0.88
0.13 0.99
0.21 0.87
0.22777777777777777 0.8811111111111111
0.3337373737373738 0.9001010101010102
0.26070707070707066 0.8844444444444444
0.3088888888888889 0.8841414141414141
0.3097979797979798 0.9072727272727272
0.18 0.88
0.2966666666666667 0.9633333333333333
0.3006060606060606 0.898080808080808
0.3465656565656566 0.9164646464646464
0.16 0.87
0.05 0.89
0.23767676767676768 0.8811111111111111
0.2 0.96
0.16 0.88
0.2957575757575758 0.9021212121212121
0.3906060606060606 0.9031313131313131
0.4306060606060606 0.9190909090909091
0.12 0.85
0.28545454545454546 0.8772727272727272
0.11 0.85
0.03 0.92
0.4592929292929293 0.9227272727272727
0.2627272727272727 0.8833333333333333
0.45171717171717174 0.9088888888888889
0.24 0.89
0.3196969696969697 0.973030303030303
0.2304040404040404 0.99
0.0 0.8300000000000001
0.3770707070707071 0.9403030303030303
0.2990909090909091 0.9036363636363636
0.2821212121212121 0.8930303030303031
0.3445454545454545 0.9172727272727272
0.17 0.99
0.26494949494949493 0.8920202020202019
0.41303030303030297 0.922121212121212
0.17 0.88
0.35171717171717176 0.9090909090909092
0.42959595959595964 0.9209090909090909
0.28 0.99
0.43363636363636365 0.9163636363636365
0.3373737373737374 0.9532323232323232
0.34878787878787876 0.9156565656565656
0.3875757575757576 0.9051515151515152
0.24656565656565654 0.8784848484848484
0.17 0.87
0.36969696969696975 0.9270707070707072
0.17 0.88
0.29515151515151516 0.8890909090909092
0.3233333333333333 0.99
0.2772727272727273 0.9009090909090909
0.28545454545454546 0.8866666666666667
0.15 0.93
0.41848484848484846 0.932020202020202
0.27989898989898987 0.894040404040404
0.27606060606060606 0.896060606060606
0.25747474747474747 0.9009090909090909
0.03 0.86
0.3875757575757576 0.9136363636363636
0.16 0.99
0.38535353535353534 0.9154545454545454
0.3097979797979798 0.898080808080808
0.1 0.88
0.4019191919191919 0.9237373737373737
0.4066666666666666 0.9666666666666666
0.26494949494949493 0.941010101010101
0.31161616161616157 0.8970707070707069
0.19 0.88
0.19 0.87
0.3157575757575758 0.9001010101010102
0.35727272727272724 0.9196969696969697
0.21 0.86
0.23363636363636364 0.8833333333333333
0.3042424242424242 0.9054545454545455
0.48797979797979796 0.9192929292929293
0.3558585858585859 0.9031313131313131
0.31121212121212116 0.9124242424242425
0.18 0.86
0.45 0.9654545454545456
0.07 0.86
0.04 0.99
0.2822222222222222 0.898080808080808
0.12 0.89
0.3558585858585859 0.9031313131313131
0.3322222222222222 0.8922222222222222
0.18 0.86
0.35 0.9188888888888889
0.3845454545454545 0.9245454545454546
0.3557575757575758 0.9072727272727272
0.15 0.98
0.22777777777777777 0.8811111111111111
0.31333333333333335 0.8845454545454545
0.2990909090909091 0.899090909090909
0.28373737373737373 0.8784848484848484
0.3036363636363637 0.8721212121212122
0.3695959595959596 0.9229292929292929
0.48818181818181816 0.9203030303030302
0.27 0.99
0.4009090909090909 0.9409090909090909
0.17 0.98
0.28545454545454546 0.8866666666666667
0.14 0.85
0.2966666666666667 0.8922222222222222
0.39474747474747474 0.9061616161616162
0.45333333333333337 0.9277777777777777
0.34272727272727277 0.9540404040404041
0.2821212121212121 0.9415151515151515
0.36454545454545456 0.9205050505050506
0.5233333333333333 0.9758585858585858
0.46646464646464647 0.9254545454545454
0.24535353535353532 0.99
0.34848484848484845 0.9109090909090909
0.2398989898989899 0.99
0.23 0.99
0.24333333333333332 0.8736363636363637
0.3845454545454545 0.9081818181818182
0.14 0.89
0.47 0.9584848484848485
0.27989898989898987 0.9804040404040404
0.16 0.87
0.30818181818181817 0.8899999999999999
0.27787878787878784 0.8855555555555554
0.33020202020202016 0.9807070707070706
0.27606060606060606 0.99
0.1 0.99
0.23 0.88
0.3384848484848485 0.9205050505050506
0.25 0.93
0.2650505050505051 0.8731313131313131
0.18 0.99
0.4019191919191919 0.9568686868686869
0.25111111111111106 0.8844444444444444
0.3273737373737374 0.8988888888888888
0.3992929292929293 0.9205050505050506
0.3924242424242424 0.9284848484848485
0.3558585858585859 0.9118181818181819
0.43242424242424243 0.9334343434343435
0.13 0.99
0.38535353535353534 0.9154545454545454
0.25888888888888884 0.99
0.14 0.88
0.16 0.99
0.46646464646464647 0.9162626262626262
0.32636363636363636 0.9172727272727272
0.25 0.88
0.2948484848484848 0.896060606060606
0.08 0.99
0.03 0.99
0.13 0.86
0.01 0.99
0.26070707070707066 0.894040404040404
0.26 0.89
0.4672727272727273 0.9596969696969697
0.2 0.99
0.3465656565656566 0.9072727272727272
0.3748484848484848 0.9021212121212121
0.12 0.86
0.41484848484848486 0.9112121212121213
0.45212121212121215 0.9142424242424243
0.22 0.98
0.17 0.88
0.30313131313131314 0.99
0.3158585858585858 0.895050505050505
0.12 0.85
0.29686868686868684 0.99
0.04 0.86
0.35363636363636364 0.9081818181818181
0.29 0.9
0.3528282828282828 0.9061616161616162
0.18 0.86
0.3274747474747475 0.8860606060606061
0.37 0.9336363636363636
0.29686868686868684 0.9805050505050504
0.07 0.86
0.22 0.9
0.26838383838383834 0.914040404040404
0.21 0.87
0.2 0.9500000000000001
0.4198989898989899 0.9229292929292929
0.3748484848484848 0.9109090909090909
0.06 0.84
0.40616161616161617 0.9384848484848485
0.3528282828282828 0.9061616161616162
0.3136363636363636 0.9148484848484848
0.2673737373737374 0.891010101010101
0.3748484848484848 0.9021212121212121
0.09 0.85
0.33545454545454545 0.9081818181818181
0.3273737373737374 0.9154545454545454
0.46646464646464647 0.9236363636363636
0.31444444444444447 0.8922222222222222
0.07 0.84
0.11 0.97
0.29686868686868684 0.895050505050505
0.36454545454545456 0.9291919191919192
0.27242424242424246 0.99
0.23 0.91
0.23 0.88
0.29686868686868684 0.8855555555555554
0.4081818181818182 0.9172727272727272
0.40454545454545454 0.973030303030303
0.2546464646464647 0.9808080808080808
0.32818181818181813 0.9815151515151515
0.38767676767676773 0.9450505050505051
0.4672727272727273 0.9824242424242424
0.23767676767676768 0.8811111111111111
0.3055555555555556 0.981111111111111
0.30818181818181817 0.8899999999999999
0.23767676767676768 0.8811111111111111
0.4766666666666667 0.9433333333333332
0.3335353535353535 0.9214141414141414
0.17 0.92
0.4526262626262626 0.9823232323232323
0.2809090909090909 0.99
0.34848484848484845 0.9021212121212121
0.32636363636363636 0.899090909090909
0.23 0.99
0.23 0.91
0.2673737373737374 0.98010101010101
0.4667676767676767 0.9152525252525252
0.1 0.86
0.43141414141414147 0.9501010101010101
0.3706060606060606 0.9051515151515152
0.2809090909090909 0.9809090909090908
0.21787878787878787 0.8811111111111111
0.16 0.87
0.1 0.85
0.06 0.84
0.27 0.9
0.18818181818181817 0.9009090909090909
0.39949494949494957 0.9181818181818182
0.25727272727272726 0.8866666666666667
0.30606060606060614 0.8727272727272728
0.02 0.86
0.28545454545454546 0.896060606060606
0.23767676767676768 0.891010101010101
0.4306060606060606 0.9112121212121213
0.543939393939394 0.9641414141414142
0.31121212121212116 0.9136363636363636
0.23 0.89
0.3975757575757576 0.9041414141414141
0.323030303030303 0.9054545454545455
0.36454545454545456 0.9118181818181819
0.23767676767676768 0.891010101010101
0.3324242424242424 0.9242424242424243
0.21787878787878787 0.8712121212121212
0.17 0.91
0.318989898989899 0.9072727272727272
0.3465656565656566 0.99
0.07 0.86
0.21 0.96
0.25 0.9400000000000001
0.4611111111111111 0.928181818181818
0.2966666666666667 0.9011111111111111
0.24 0.89
0.3247474747474748 0.9001010101010102
0.4603030303030303 0.9132323232323232
0.32090909090909087 0.99
0.17 0.99
0.25 0.99
0.2948484848484848 0.8866666666666667
0.42959595959595964 0.9285858585858585
0.467979797979798 0.99
0.03 0.99
0.2772727272727273 0.891010101010101
0.3474747474747475 0.8901010101010102
0.22 0.9
0.35090909090909095 0.8827272727272728
0.22 0.88
0.35363636363636364 0.9172727272727272
0.45212121212121215 0.99
0.25 0.99
0.2781818181818182 0.8690909090909091
0.2821212121212121 0.8930303030303031
0.06 0.98
0.2627272727272727 0.9027272727272727
0.3322222222222222 0.8922222222222222
0.26494949494949493 0.99
0.21 0.87
0.46626262626262627 0.9814141414141414
0.25515151515151513 0.99
0.24 0.9
0.35727272727272724 0.9109090909090909
0.32090909090909087 0.9714141414141413
0.17 0.98
0.37797979797979797 0.9061616161616162
0.3046464646464647 0.87989898989899
0.2990909090909091 0.9036363636363636
0.19 0.99
0.0 0.99
0.2871717171717172 0.9108080808080807
0.31333333333333335 0.99
0.22 0.89
0.4592929292929293 0.9227272727272727
0.37797979797979797 0.9564646464646465
0.28545454545454546 0.9430303030303031
0.26666666666666666 0.8866666666666667
0.4234343434343435 0.9181818181818182
0.35171717171717176 0.9001010101010102
0.1 0.87
0.26666666666666666 0.99
0.14 0.87
0.3936363636363637 0.9071717171717172
0.34848484848484845 0.9021212121212121
0.18 0.89
0.35808080808080806 0.9063636363636363
0.3471717171717172 0.9031313131313131
0.34606060606060607 0.99
0.4592929292929293 0.9227272727272727
0.26515151515151514 0.9807070707070706
0.24535353535353532 0.8822222222222221
0.14 0.85
0.3927272727272727 0.99
0.3322222222222222 0.99
0.3309090909090909 0.99
0.35363636363636364 0.9172727272727272
0.3309090909090909 0.9021212121212121
0.23 0.91
0.4009090909090909 0.9081818181818182
0.11 0.86
0.29707070707070704 0.9009090909090909
0.19 0.86
0.41848484848484846 0.99
0.33969696969696966 0.9109090909090909
0.42434343434343436 0.9819191919191919
0.3927272727272727 0.9000000000000001
0.35 0.91
0.32090909090909087 0.9063636363636363
0.19 0.92
0.2627272727272727 0.9027272727272727
0.32212121212121214 0.9021212121212121
0.1 0.85
0.3384848484848485 0.99
0.3627272727272727 0.9263636363636363
0.3055555555555556 0.8922222222222222
0.33545454545454545 0.899090909090909
0.27030303030303027 0.8844444444444444
0.16 0.88
0.5254545454545454 0.92
0.42272727272727273 0.9348484848484848
0.27787878787878784 0.9805050505050504
0.42434343434343436 0.9091919191919191
0.4596969696969697 0.9293939393939394
0.3558585858585859 0.99
0.396969696969697 0.896969696969697
0.25 0.89
0.2809090909090909 0.9809090909090908
0.24787878787878787 0.99
0.47363636363636363 0.9326262626262626
0.3023232323232323 0.8877777777777778
0.15 0.99
0.18 0.88
0.14 0.88
0.37323232323232325 0.9205050505050506
0.3158585858585858 0.99
0.4222222222222222 0.9277777777777777
0.21 0.9
0.43777777777777777 0.9199999999999999
0.28545454545454546 0.896060606060606
0.25515151515151513 0.9018181818181817
0.33949494949494946 0.99
0.26494949494949493 0.8822222222222221
0.26494949494949493 0.8920202020202019
0.16 0.87
0.34030303030303033 0.9221212121212121
0.32090909090909087 0.8970707070707069
0.23 0.88
0.11 0.9
0.04 0.99
0.09 0.99
0.495050505050505 0.9829292929292928
0.2546464646464647 0.9164646464646464
0.3801010101010101 0.8972727272727273
0.46646464646464647 0.9162626262626262
0.4009090909090909 0.9081818181818182
0.17272727272727276 0.8540404040404042
0.33545454545454545 0.8899999999999999
0.35888888888888887 0.91
0.4377777777777778 0.9111111111111111
0.1 0.9400000000000001
0.13 0.97
0.18 0.89
0.25 0.89
0.23767676767676768 0.891010101010101
0.2 0.86
0.35171717171717176 0.9090909090909092
0.28545454545454546 0.8866666666666667
0.3695959595959596 0.8977777777777778
0.41020202020202023 0.932020202020202
0.36606060606060603 0.9021212121212121
0.32090909090909087 0.9156565656565656
0.21 0.88
0.22 0.88
0.35171717171717176 0.99
0.35888888888888887 0.9188888888888889
0.42959595959595964 0.9132323232323232
0.25 0.9
0.18 0.89
0.27242424242424246 0.8930303030303031
0.19 0.87
0.39888888888888885 0.9199999999999999
0.3139393939393939 0.9214141414141414
0.27242424242424246 0.9803030303030303
0.08 0.93
0.2 0.87
0.22777777777777777 0.891010101010101
0.0 0.98
0.22 0.87
0.4162626262626263 0.9091919191919191
0.536969696969697 0.9412121212121212
0.3422222222222222 0.8866666666666666
0.2957575757575758 0.8933333333333333
0.0 0.84
0.14 0.89
0.26 0.89
0.27606060606060606 0.8772727272727272
0.28373737373737373 0.8784848484848484
0.3845454545454545 0.9245454545454546
0.5504040404040405 0.9447474747474747
0.3322222222222222 0.9011111111111111
0.36323232323232324 0.99
0.495050505050505 0.9546464646464645
0.3006060606060606 0.9072727272727272
0.25 0.9500000000000001
0.28454545454545455 0.9606060606060605
0.2 0.99
0.3297979797979798 0.8944444444444445
0.32636363636363636 0.99
0.31242424242424244 0.9118181818181819
0.21424242424242423 0.8736363636363637
0.28373737373737373 0.9807070707070706
0.27181818181818185 0.99
0.2966666666666667 0.9277777777777778
0.19 0.92
0.19 0.9500000000000001
0.3042424242424242 0.99
0.1 0.99
0.17 0.85
0.22393939393939394 0.8833333333333333
0.18 0.92
0.06 0.97
0.39202020202020205 0.9091919191919191
0.30636363636363634 0.895050505050505
0.38555555555555554 0.91
0.29686868686868684 0.895050505050505
0.33666666666666667 0.9306060606060605
0.2966666666666667 0.9011111111111111
0.3896969696969697 0.8987878787878788
0.4254545454545455 0.9163636363636365
0.18 0.87
0.4384848484848485 0.926969696969697
0.33949494949494946 0.9435353535353534
0.35727272727272724 0.9109090909090909
0.46646464646464647 0.931010101010101
0.4172727272727273 0.9736363636363636
0.45666666666666667 0.9576767676767677
0.30636363636363634 0.914040404040404
0.3247474747474748 0.9001010101010102
0.16 0.98
0.26070707070707066 0.894040404040404
0.26838383838383834 0.8855555555555554
0.4081818181818182 0.9091919191919191
0.4081818181818182 0.9172727272727272
0.33666666666666667 0.9306060606060605
0.36777777777777776 0.973838383838384
0.3927272727272727 0.9081818181818182
0.2948484848484848 0.8866666666666667
0.4019191919191919 0.9154545454545454
0.3695959595959596 0.9061616161616162
0.14 0.86
0.4162626262626263 0.9172727272727272
0.13 0.99
0.3612121212121212 0.8893939393939394
0.28 0.9
0.23767676767676768 0.8811111111111111
0.12 0.85
0.19 0.98
0.19 0.88
0.2914141414141414 0.9164646464646464
0.30636363636363634 0.9045454545454544
0.39474747474747474 0.9145454545454546
0.13 0.99
0.21 0.88
0.03 0.99
0.16 0.99
0.34272727272727277 0.8990909090909092
0.25515151515151513 0.8822222222222221
0.34272727272727277 0.981010101010101
0.31333333333333335 0.9636363636363635
0.2914141414141414 0.8796969696969696
0.17 0.88
0.3233333333333333 0.8922222222222222
0.14 0.99
0.3233333333333333 0.8922222222222222
0.30252525252525253 0.99
0.33545454545454545 0.9172727272727272
0.35171717171717176 0.981010101010101
0.4518181818181818 0.9227272727272727
0.3281818181818182 0.99
0.07 0.85
0.19 0.92
0.3042424242424242 0.896060606060606
0.26 0.9
0.3927272727272727 0.9081818181818182
0.18 0.87
0.3244444444444444 0.8688888888888888
0.4222222222222222 0.9236363636363636
0.24 0.89
0.08 0.87
0.3839393939393939 0.9091919191919191
0.17 0.91
0.09 0.88
0.20616161616161613 0.9704040404040403
0.2 0.99
0.3337373737373738 0.9090909090909092
0.55 0.99
0.23 0.9
0.2871717171717172 0.99
0.2673737373737374 0.8811111111111111
0.3804040404040404 0.9127272727272727
0.22 0.98
0.4667676767676767 0.9302020202020201
0.48090909090909095 0.9245454545454546
0.3839393939393939 0.9172727272727272
0.15 0.99
0.11 0.87
0.3281818181818182 0.898080808080808
0.25515151515151513 0.9802020202020201
0.30818181818181817 0.899090909090909
0.4115151515151515 0.9145454545454546
0.18 0.99
0.18 0.86
0.15353535353535355 0.8540404040404042
0.323030303030303 0.9524242424242424
0.4222222222222222 0.9122222222222222
0.3804040404040404 0.8955555555555555
0.22 0.88
0.273030303030303 0.99
0.4009090909090909 0.9163636363636365
0.3558585858585859 0.8857575757575759
0.01 0.98
0.35171717171717176 0.9270707070707072
0.4824242424242424 0.9293939393939394
0.17 0.87
0.4306060606060606 0.9348484848484848
0.09 0.99
0.41474747474747475 0.9298989898989899
0.35363636363636364 0.8881818181818181
0.01 0.85
0.18 0.89
0.37636363636363634 0.99
0.22 0.9
0.03 0.97
0.19 0.99
0.3906060606060606 0.9118181818181819
0.18 0.89
0.323030303030303 0.9148484848484848
0.2627272727272727 0.8930303030303031
0.48797979797979796 0.9334343434343433
0.4384848484848485 0.9348484848484848
0.23 0.89
0.3041414141414141 0.99
0.27 0.9
0.31727272727272726 0.899090909090909
0.42959595959595964 0.9055555555555556
0.23 0.88
0.3023232323232323 0.8970707070707069
0.3706060606060606 0.9051515151515152
0.14 0.92
0.42272727272727273 0.99
0.16 0.88
0.28949494949494947 0.9132323232323232
0.21 0.87
0.45666666666666667 0.9657575757575758
0.26494949494949493 0.8822222222222221
0.22 0.9400000000000001
0.4115151515151515 0.9313131313131313
0.24535353535353532 0.8724242424242423
0.35171717171717176 0.981010101010101
0.3006060606060606 0.8888888888888888
0.25727272727272726 0.9148484848484848
0.23 0.89
0.24151515151515152 0.894040404040404
0.2822222222222222 0.99
0.18818181818181817 0.8712121212121212
0.29 0.93
0.44555555555555554 0.9199999999999999
0.1 0.9
0.4553535353535354 0.9341414141414142
0.5157575757575759 0.9157575757575758
0.13 0.9500000000000001
0.39444444444444443 0.9722222222222222
0.2257575757575757 0.9802020202020201
0.19808080808080808 0.8613131313131313
0.27242424242424246 0.8930303030303031
0.3558585858585859 0.9031313131313131
0.23767676767676768 0.99
0.1 0.85
0.25888888888888884 0.9045454545454544
0.02 0.97
0.25303030303030305 0.8930303030303031
0.09 0.99
0.24 0.91
0.27606060606060606 0.896060606060606
0.12 0.99
0.32636363636363636 0.899090909090909
0.16 0.87
0.3297979797979798 0.9031313131313131
0.4384848484848485 0.9815151515151515
0.24333333333333332 0.8833333333333333
0.4219191919191919 0.9055555555555556
0.21 0.99
0.36606060606060603 0.9284848484848485
0.34848484848484845 0.9021212121212121
0.30696969696969695 0.98010101010101
0.39949494949494957 0.9102020202020202
0.21 0.9500000000000001
0.25515151515151513 0.99
0.36323232323232324 0.8955555555555555
0.36454545454545456 0.9118181818181819
0.37414141414141416 0.9532323232323232
0.18 0.93
0.15 0.99
0.08 0.99
0.26515151515151514 0.8877777777777778
0.06 0.99
0.16 0.87
0.3247474747474748 0.8911111111111112
0.48797979797979796 0.9254545454545454
0.35171717171717176 0.99
0.18656565656565655 0.99
0.35171717171717176 0.9360606060606061
0.3706060606060606 0.9136363636363636
0.26 0.99
0.4518181818181818 0.9227272727272727
0.2990909090909091 0.9132323232323232
0.3211111111111111 0.8944444444444445
0.3181818181818182 0.8676767676767676
0.23363636363636364 0.8736363636363637
0.4115151515151515 0.9229292929292929
0.23363636363636364 0.863939393939394
0.26242424242424245 0.8733333333333333
0.2914141414141414 0.8888888888888888
0.31727272727272726 0.9354545454545454
0.4688888888888889 0.9277777777777777
0.4526262626262626 0.9209090909090909
0.43777777777777777 0.9122222222222222
0.16 0.9
0.41444444444444445 0.9199999999999999
0.32090909090909087 0.9156565656565656
0.3758585858585859 0.9091919191919191
0.1 0.99
0.3288888888888889 0.8955555555555555
0.3927272727272727 0.9081818181818182
0.4222222222222222 0.9122222222222222
0.4293939393939394 0.9142424242424243
0.12 0.86
0.22 0.89
0.3695959595959596 0.9061616161616162
0.19 0.89
0.3309090909090909 0.99
0.323030303030303 0.9618181818181819
0.2 0.89
0.495050505050505 0.9263636363636363
0.2627272727272727 0.99
0.3992929292929293 0.9378787878787879
0.3067676767676768 0.8821212121212122
0.28545454545454546 0.896060606060606
0.29303030303030303 0.8970707070707069
0.2914141414141414 0.944040404040404
0.25727272727272726 0.8772727272727272
0.25 0.91
0.19 0.87
0.43212121212121213 0.8987878787878788
0.30636363636363634 0.9425252525252524
0.3804040404040404 0.9642424242424242
0.12 0.97
0.41020202020202023 0.9485858585858585
0.2948484848484848 0.896060606060606
0.3804040404040404 0.9556565656565656
0.3023232323232323 0.99
0.3839393939393939 0.9819191919191919
0.15 0.87
0.35727272727272724 0.9021212121212121
0.38535353535353534 0.99
0.31727272727272726 0.9172727272727272
0.05 0.99
0.48090909090909095 0.9318181818181819
0.24 0.91
0.29707070707070704 0.9108080808080807
0.3451515151515151 0.99
0.33969696969696966 0.8933333333333333
0.3157575757575758 0.9001010101010102
0.33606060606060606 0.9732323232323233
0.4384848484848485 0.9190909090909091
0.18 0.99
0.3605050505050505 0.8988888888888888
0.3097979797979798 0.99
0.37323232323232325 0.99
0.23555555555555552 0.99
0.13 0.87
0.37909090909090903 0.9051515151515152
0.47424242424242424 0.99
0.36323232323232324 0.9041414141414141
0.2809090909090909 0.899090909090909
0.4463636363636364 0.9348484848484848
0.2966666666666667 0.8833333333333333
0.39949494949494957 0.9181818181818182
0.4672727272727273 0.9218181818181819
0.47919191919191917 0.9119191919191919
0.22 0.88
0.29434343434343435 0.9214141414141414
0.3301010101010101 0.8957575757575758
0.4951515151515151 0.9469696969696969
0.11 0.86
0.32090909090909087 0.8970707070707069
0.25 0.9
0.27474747474747474 0.9018181818181817
0.36777777777777776 0.91
0.1 0.86
0.3557575757575758 0.898080808080808
0.19 0.99
0.1 0.89
0.4036363636363637 0.8984848484848486
0.23 0.89
0.3006060606060606 0.898080808080808
0.5233333333333333 0.9405050505050505
0.4056565656565657 0.99
0.25 0.99
0.3297979797979798 0.8857575757575759
0.18 0.88
0.3067676767676768 0.8821212121212122
0.23 0.88
0.09 0.91
0.2948484848484848 0.8866666666666667
0.38555555555555554 0.91
0.38767676767676773 0.99
0.23 0.89
0.31161616161616157 0.9063636363636363
0.3374747474747475 0.8955555555555555
0.3281818181818182 0.9808080808080808
0.23 0.97
0.21 0.89
0.19484848484848485 0.863939393939394
0.28545454545454546 0.9712121212121212
0.3322222222222222 0.8922222222222222
0.27030303030303027 0.894040404040404
0.3558585858585859 0.9726262626262626
0.19 0.98
0.42434343434343436 0.99
0.2977777777777778 0.9270707070707072
0.15 0.86
0.1 0.99
0.3384848484848485 0.9031313131313131
0.25888888888888884 0.895050505050505
0.3471717171717172 0.9205050505050506
0.3706060606060606 0.9136363636363636
0.2 0.99
0.29686868686868684 0.9045454545454544
0.34272727272727277 0.9180808080808082
0.4009090909090909 0.9000000000000001
0.1 0.99
0.33666666666666667 0.8966666666666666
0.13 0.9400000000000001
0.2977777777777778 0.8821212121212122
0.3067676767676768 0.8911111111111112
0.16 0.96
0.4234343434343435 0.9102020202020202
0.15 0.87
0.04 0.99
0.27242424242424246 0.8930303030303031
0.4754545454545454 0.9150505050505049
0.39909090909090905 0.9824242424242424
0.33969696969696966 0.9284848484848485
0.3322222222222222 0.9011111111111111
0.4603030303030303 0.9209090909090909
0.3237373737373737 0.9802020202020201
0.14 0.86
0.3203030303030303 0.886969696969697
0.18 0.86
0.3962626262626263 0.8972727272727273
0.4306060606060606 0.9190909090909091
0.29686868686868684 0.9045454545454544
0.14 0.92
0.3558585858585859 0.9031313131313131
0.2732323232323232 0.8742424242424243
0.12 0.98
0.31727272727272726 0.899090909090909
0.2 0.88
0.4868686868686869 0.9070707070707071
0.34444444444444444 0.8977777777777778
0.23363636363636364 0.8736363636363637
0.01 0.99
0.17 0.89
0.37323232323232325 0.963939393939394
0.4162626262626263 0.9091919191919191
0.543939393939394 0.977070707070707
0.2948484848484848 0.896060606060606
0.36323232323232324 0.8955555555555555
0.2 0.87
0.3695959595959596 0.9061616161616162
0.43939393939393945 0.9421212121212121
0.4222222222222222 0.9199999999999999
0.48818181818181816 0.9463636363636364
0.19 0.89
0.39949494949494957 0.9820202020202022
0.23767676767676768 0.891010101010101
0.21 0.87
0.5304040404040404 0.9475757575757575
0.3528282828282828 0.9061616161616162
0.09 0.86
0.06 0.96
0.3023232323232323 0.8877777777777778
0.09 0.99
0.2948484848484848 0.8866666666666667
0.35727272727272724 0.9636363636363635
0.0 0.99
0.19 0.88
0.3394949494949495 0.8901010101010102
0.22 0.88
0.23 0.89
0.4162626262626263 0.9091919191919191
0.3558585858585859 0.9118181818181819
0.32636363636363636 0.8899999999999999
0.17 0.88
0.2257575757575757 0.8724242424242423
0.03 0.97
0.31444444444444447 0.9011111111111111
0.31161616161616157 0.9435353535353534
0.3992929292929293 0.9291919191919192
0.38636363636363635 0.9145454545454546
0.2257575757575757 0.8920202020202019
0.08 0.89
0.31727272727272726 0.899090909090909
0.2398989898989899 0.9805050505050504
0.22 0.87
0.2 0.86
0.13 0.97
0.17 0.99
0.26494949494949493 0.8822222222222221
0.37323232323232325 0.9118181818181819
0.3209090909090909 0.9124242424242425
0.22777777777777777 0.891010101010101
0.3337373737373738 0.9090909090909092
0.0 0.99
0.25 0.91
0.32090909090909087 0.8970707070707069
0.3097979797979798 0.898080808080808
0.26666666666666666 0.8866666666666667
0.12 0.99
0.05 0.99
0.3706060606060606 0.9051515151515152
0.33272727272727276 0.880909090909091
0.18 0.99
0.08 0.99
0.2 0.96
0.4667676767676767 0.9376767676767677
0.3975757575757576 0.9556565656565656
0.21 0.89
0.13 0.9500000000000001
0.34606060606060607 0.9728282828282828
0.1 0.86
0.3297979797979798 0.8944444444444445
0.31242424242424244 0.963939393939394
0.3384848484848485 0.8944444444444445
0.09 0.85
0.15 0.9400000000000001
0.14 0.87
0.2887878787878788 0.9001010101010102
0.3911111111111111 0.99
0.01 0.99
0.3247474747474748 0.8911111111111112
0.23767676767676768 0.8811111111111111
0.2990909090909091 0.8899999999999999
0.3718181818181818 0.9127272727272727
0.2948484848484848 0.9618181818181819
0.28373737373737373 0.8877777777777778
0.02 0.99
0.3337373737373738 0.8911111111111112
0.23363636363636364 0.8736363636363637
0.41020202020202023 0.932020202020202
0.28737373737373734 0.8855555555555554
0.22 0.9400000000000001
0.02 0.85
0.3748484848484848 0.9196969696969697
0.36323232323232324 0.8955555555555555
0.2297979797979798 0.8726262626262626
0.157979797979798 0.854949494949495
0.4306060606060606 0.9506060606060606
0.3157575757575758 0.99
0.27 0.91
0.2627272727272727 0.9512121212121213
0.3023232323232323 0.8877777777777778
0.32090909090909087 0.8877777777777778
0.4293939393939394 0.9218181818181819
0.22 0.87
0.40010101010101007 0.9011111111111112
0.24535353535353532 0.9018181818181817
0.2977777777777778 0.8821212121212122
0.24535353535353532 0.8626262626262625
0.22 0.99
0.34030303030303033 0.99
0.23 0.89
0.3042424242424242 0.896060606060606
0.3309090909090909 0.9021212121212121
0.18 0.9
0.41444444444444445 0.9199999999999999
0.26 0.92
0.2 0.97
0.36777777777777776 0.9188888888888889
0.19 0.87
0.39151515151515154 0.9022222222222223
0.32818181818181813 0.99
0.25 0.96
0.21 0.96
0.2948484848484848 0.9054545454545455
0.13 0.98
0.27787878787878784 0.9235353535353534
0.2 0.88
0.28373737373737373 0.99
0.25 0.89
0.31242424242424244 0.8857575757575759
0.38555555555555554 0.9277777777777778
0.2 0.87
0.13 0.96
0.21 0.86
0.25303030303030305 0.8736363636363637
0.2546464646464647 0.8796969696969696
0.32212121212121214 0.9021212121212121
0.18 0.87
0.12 0.99
0.2887878787878788 0.99
0.2257575757575757 0.99
0.36323232323232324 0.9041414141414141
0.40636363636363637 0.900909090909091
0.3411111111111111 0.8922222222222222
0.26 0.9
0.407979797979798 0.9291919191919192
0.2 0.87
0.4463636363636364 0.9112121212121213
0.23 0.88
0.3233333333333333 0.8922222222222222
0.28949494949494947 0.8844444444444444
0.3324242424242424 0.9148484848484848
0.35727272727272724 0.9109090909090909
0.17 0.88
0.2822222222222222 0.8888888888888888
0.43939393939393945 0.9421212121212121
0.3471717171717172 0.9031313131313131
0.37868686868686874 0.99
0.15848484848484848 0.9405050505050505
0.4951515151515151 0.9254545454545454
0.11 0.88
0.28454545454545455 0.9018181818181817
0.43696969696969695 0.9142424242424243
0.27242424242424246 0.8833333333333333
0.28373737373737373 0.8970707070707069
0.3465656565656566 0.9072727272727272
0.3322222222222222 0.8833333333333333
0.5433333333333333 0.9299999999999999
0.41939393939393943 0.9118181818181819
0.15 0.89
0.5501010101010101 0.9426262626262625
0.3839393939393939 0.99
0.3927272727272727 0.9081818181818182
0.33606060606060606 0.8977777777777778
0.27989898989898987 0.9036363636363636
0.0 0.84
0.4164646464646465 0.9031313131313131
0.21 0.99
0.2257575757575757 0.9214141414141414
0.4081818181818182 0.9011111111111112
0.3247474747474748 0.9090909090909092
0.1 0.86
0.2546464646464647 0.8888888888888888
0.4592929292929293 0.9825252525252525
0.5162626262626262 0.9829292929292928
0.47383838383838384 0.9162626262626262
0.43777777777777777 0.9122222222222222
0.26494949494949493 0.9704040404040403
0.13 0.98
0.3067676767676768 0.8821212121212122
0.18 0.87
0.4267676767676768 0.9568686868686869
0.3845454545454545 0.9000000000000001
0.15 0.99
0.28 0.89
0.3927272727272727 0.9000000000000001
0.19 0.9
0.25 0.89
0.24656565656565654 0.99
0.3136363636363636 0.896060606060606
0.02 0.84
0.30818181818181817 0.899090909090909
0.27242424242424246 0.8833333333333333
0.2114141414141414 0.99
0.35464646464646465 0.9127272727272727
0.3309090909090909 0.8845454545454545
0.17 0.86
0.31242424242424244 0.8944444444444445
0.32090909090909087 0.8877777777777778
0.43939393939393945 0.9261616161616162
0.1 0.87
0.25303030303030305 0.9221212121212121
0.11 0.87
0.27989898989898987 0.8844444444444444
0.34272727272727277 0.972020202020202
0.02 0.99
0.02 0.99
0.3086868686868686 0.8844444444444444
0.06 0.98
0.33020202020202016 0.9063636363636363
0.16 0.87
0.3411111111111111 0.9011111111111111
0.21 0.89
0.2914141414141414 0.898080808080808
0.21272727272727274 0.8652525252525253
0.39121212121212123 0.9663636363636363
0.2990909090909091 0.99
0.32212121212121214 0.9109090909090909
0.06 0.86
0.3006060606060606 0.9072727272727272
0.25727272727272726 0.8866666666666667
0.4218181818181818 0.9066666666666667
0.2319191919191919 0.99
0.25111111111111106 0.8844444444444444
0.29686868686868684 0.914040404040404
0.24 0.9
0.2304040404040404 0.9235353535353534
0.3966666666666667 0.9450505050505051
0.516060606060606 0.9350505050505049
0.05 0.99
0.41444444444444445 0.9277777777777777
0.36212121212121207 0.8881818181818181
0.4812121212121212 0.9203030303030302
0.2948484848484848 0.896060606060606
0.283030303030303 0.8777777777777778
0.22 0.99
0.3936363636363637 0.9071717171717172
0.3845454545454545 0.8921212121212121
0.03 0.99
0.4592929292929293 0.99
0.28545454545454546 0.8866666666666667
0.04 0.9400000000000001
0.28545454545454546 0.8772727272727272
0.47 0.9427272727272727
0.46111111111111114 0.99
0.25 0.87
0.32818181818181813 0.8966666666666666
0.22 0.88
0.4409090909090909 0.9063636363636364
0.3006060606060606 0.8888888888888888
0.25 0.89
0.21333333333333332 0.8533333333333333
0.2223232323232323 0.8652525252525253
0.25 0.89
0.2627272727272727 0.8736363636363637
0.24535353535353532 0.8724242424242423
0.25888888888888884 0.9805050505050504
0.19 0.85
0.3297979797979798 0.9031313131313131
0.21 0.9
0.04 0.99
0.25 0.9500000000000001
0.25303030303030305 0.8930303030303031
0.35888888888888887 0.9277777777777778
0.4154545454545455 0.9102020202020202
0.4267676767676768 0.9154545454545454
0.2209090909090909 0.99
0.3927272727272727 0.9081818181818182
0.36777777777777776 0.8888888888888888
0.26515151515151514 0.9807070707070706
0.45212121212121215 0.9326262626262626
0.21 0.88
0.05 0.99
0.19 0.89
0.2887878787878788 0.8685858585858587
0.3718181818181818 0.9263636363636363
0.06 0.9
0.3309090909090909 0.8933333333333333
0.41484848484848486 0.9033333333333333
0.3839393939393939 0.9445454545454546
0.22 0.89
0.12 0.87
0.28737373737373734 0.8855555555555554
0.25111111111111106 0.8844444444444444
0.18 0.97
0.31727272727272726 0.899090909090909
0.406969696969697 0.9112121212121213
0.24 0.89
0.19555555555555557 0.8533333333333333
0.36212121212121207 0.8966666666666666
0.22 0.88
0.3445454545454545 0.9081818181818181
0.3097979797979798 0.8888888888888888
0.4019191919191919 0.9027272727272727
0.18 0.86
0.0 0.97
0.17 0.87
0.22393939393939394 0.8736363636363637
0.21787878787878787 0.8811111111111111
0.41474747474747475 0.99
0.24333333333333332 0.99
0.3411111111111111 0.9011111111111111
0.4603030303030303 0.9209090909090909
0.44555555555555554 0.9199999999999999
0.24535353535353532 0.9018181818181817
0.22393939393939394 0.8736363636363637
0.26515151515151514 0.99
0.11 0.88
0.4009090909090909 0.9163636363636365
0.24 0.87
0.24 0.89
0.24757575757575756 0.8811111111111111
0.11 0.98
0.3384848484848485 0.8857575757575759
0.36323232323232324 0.9041414141414141
0.25 0.97
0.3755555555555556 0.99
0.27606060606060606 0.99
0.15 0.93
0.03 0.99
0.23 0.99
0.17 0.99
0.3465656565656566 0.9072727272727272
0.4590909090909091 0.9383838383838383
0.27989898989898987 0.99
0.3911111111111111 0.9044444444444444
0.36606060606060603 0.9196969696969697
0.19 0.89
0.3472727272727273 0.876969696969697
0.39909090909090905 0.9112121212121213
0.4031313131313131 0.9229292929292929
0.32636363636363636 0.8899999999999999
0.16 0.87
0.3233333333333333 0.8922222222222222
0.40616161616161617 0.9213131313131313
0.26 0.99
0.21 0.9
0.01 0.96
0.2957575757575758 0.8845454545454545
0.35 0.9011111111111111
0.4542424242424242 0.9506060606060606
0.08 0.87
0.18 0.89
0.21787878787878787 0.9108080808080807
0.3157575757575758 0.8821212121212122
0.28949494949494947 0.894040404040404
0.43939393939393945 0.99
0.26070707070707066 0.8748484848484849
0.3927272727272727 0.9245454545454546
0.4490909090909091 0.9814141414141414
0.28373737373737373 0.8784848484848484
0.14 0.86
0.4081818181818182 0.9172727272727272
0.36212121212121207 0.8966666666666666
0.3687878787878788 0.8988888888888888
0.24151515151515152 0.894040404040404
0.24535353535353532 0.8920202020202019
0.21424242424242423 0.9124242424242425
0.323030303030303 0.9148484848484848
0.18 0.99
0.30272727272727273 0.9306060606060605
0.08 0.85
0.2958585858585859 0.8776767676767676
0.396060606060606 0.9136363636363636
0.28949494949494947 0.942020202020202
0.31333333333333335 0.9021212121212121
0.31242424242424244 0.8944444444444445
0.4293939393939394 0.9152525252525252
0.3445454545454545 0.9172727272727272
0.3136363636363636 0.9054545454545455
0.14 0.85
0.3451515151515151 0.99
0.4162626262626263 0.9091919191919191
0.35727272727272724 0.9109090909090909
0.2948484848484848 0.896060606060606
0.3203030303030303 0.8955555555555555
0.27989898989898987 0.9708080808080808
0.37797979797979797 0.8977777777777778
0.43727272727272726 0.9245454545454546
0.01 0.93
0.31161616161616157 0.8970707070707069
0.29 0.9718181818181817
0.02 0.98
0.26070707070707066 0.8748484848484849
0.3558585858585859 0.9031313131313131
0.22 0.9400000000000001
0.43777777777777777 0.9277777777777777
0.4891919191919192 0.9302020202020201
0.28737373737373734 0.8855555555555554
0.3451515151515151 0.9051515151515152
0.2990909090909091 0.894040404040404
0.3211111111111111 0.8944444444444445
0.2 0.88
0.0 0.99
0.24757575757575756 0.891010101010101
0.33969696969696966 0.9812121212121211
0.16 0.99
0.25515151515151513 0.8822222222222221
0.3023232323232323 0.8877777777777778
0.25 0.92
0.30454545454545456 0.8933333333333333
0.41424242424242425 0.9142424242424243
0.35 0.9011111111111111
0.26666666666666666 0.99
0.42959595959595964 0.9209090909090909
0.0 0.98
0.2948484848484848 0.99
0.3543434343434343 0.8775757575757576
0.29686868686868684 0.895050505050505
0.4463636363636364 0.9348484848484848
0.2 0.9500000000000001
0.29 0.9400000000000001
0.3374747474747475 0.9041414141414141
0.3558585858585859 0.9118181818181819
0.31242424242424244 0.8857575757575759
0.45333333333333337 0.9199999999999999
0.25 0.97
0.24 0.99
0.2809090909090909 0.8899999999999999
0.3181818181818182 0.8676767676767676
0.36323232323232324 0.9213131313131313
0.3793939393939394 0.9242424242424243
0.3182828282828282 0.9132323232323232
0.3839393939393939 0.99
0.3337373737373738 0.981010101010101
0.3157575757575758 0.9450505050505051
0.1 0.99
0.28737373737373734 0.895050505050505
0.2887878787878788 0.8911111111111112
0.31161616161616157 0.99
0.26494949494949493 0.9018181818181817
0.39202020202020205 0.9253535353535354
0.29 0.9809090909090908
0.27444444444444444 0.8877777777777778
0.35313131313131313 0.99
0.21 0.99
0.40454545454545454 0.9136363636363636
0.3836363636363636 0.9196969696969697
0.36 0.9000000000000001
0.21111111111111114 0.8636363636363638
0.2627272727272727 0.8930303030303031
0.3373737373737374 0.9072727272727272
0.3748484848484848 0.9109090909090909
0.40747474747474755 0.9181818181818182
0.3288888888888889 0.9127272727272727
0.31161616161616157 0.9156565656565656
0.11 0.88
0.27242424242424246 0.9609090909090909
0.37868686868686874 0.9360606060606061
0.24 0.88
0.4254545454545455 0.9409090909090909
0.3845454545454545 0.9000000000000001
0.27474747474747474 0.9802020202020201
0.4306060606060606 0.9112121212121213
0.15 0.99
0.14 0.9
0.19 0.88
0.3906060606060606 0.9291919191919192
0.02 0.96
0.19 0.86
0.4218181818181818 0.9218181818181819
0.3297979797979798 0.8944444444444445
0.22 0.91
0.3023232323232323 0.99
0.26070707070707066 0.8844444444444444
0.3804040404040404 0.9041414141414141
0.31727272727272726 0.9445454545454545
0.29303030303030303 0.8784848484848484
0.2 0.99
0.4306060606060606 0.926969696969697
0.25747474747474747 0.9405050505050505
0.03 0.86
0.2990909090909091 0.9809090909090908
0.43727272727272726 0.9285858585858585
0.22 0.9
0.39888888888888885 0.9666666666666666
0.31727272727272726 0.9081818181818181
0.27474747474747474 0.9018181818181817
0.3966666666666667 0.9360606060606061
0.47565656565656567 0.9362626262626262
0.40747474747474755 0.9261616161616162
0.34272727272727277 0.9180808080808082
0.36212121212121207 0.9136363636363636
0.36 0.9572727272727273
0.01 0.87
0.17 0.86
0.4463636363636364 0.9190909090909091
0.23 0.99
0.3042424242424242 0.9054545454545455
0.3247474747474748 0.9360606060606061
0.16 0.88
0.0 0.97
0.41848484848484846 0.932020202020202
0.3875757575757576 0.9051515151515152
0.3890909090909091 0.8978787878787879
0.25 0.99
0.07 0.88
0.3975757575757576 0.9127272727272727
0.21595959595959593 0.8724242424242423
0.25515151515151513 0.9018181818181817
0.33666666666666667 0.9306060606060605
0.45333333333333337 0.9
0.4526262626262626 0.9209090909090909
0.3006060606060606 0.8888888888888888
0.2257575757575757 0.8724242424242423
0.01 0.88
0.27 0.89
0.13 0.86
0.07 0.99
0.2627272727272727 0.8736363636363637
0.5245454545454545 0.9253535353535354
0.2772727272727273 0.891010101010101
0.2188888888888889 0.8645454545454546
0.13 0.86
0.11 0.99
0.2621212121212121 0.8645454545454545
0.39202020202020205 0.9011111111111112
0.3718181818181818 0.99
0.12 0.87
0.4081818181818182 0.9091919191919191
0.29707070707070704 0.9504040404040404
0.16 0.99
0.19 0.89
0.29505050505050506 0.8944444444444445
0.18 0.88
0.4009090909090909 0.99
0.37797979797979797 0.9145454545454546
0.2398989898989899 0.876060606060606
0.05 0.99
0.26 0.89
0.11 0.87
0.26 0.99
0.24535353535353532 0.8920202020202019
0.3055555555555556 0.9011111111111111
0.15 0.85
0.3006060606060606 0.8796969696969696
0.13 0.99
0.03 0.85
0.21 0.99
0.09 0.98
0.24 0.88
0.33545454545454545 0.9172727272727272
0.3471717171717172 0.9031313131313131
0.18 0.97
0.1 0.99
0.42828282828282827 0.99
0.2977777777777778 0.99
0.33666666666666667 0.8966666666666666
0.3288888888888889 0.8955555555555555
0.15 0.99
0.1 0.87
0.3471717171717172 0.8944444444444445
0.32090909090909087 0.99
0.34848484848484845 0.99
0.3015151515151515 0.9027272727272727
0.25585858585858584 0.8877777777777778
0.28 0.9
0.45333333333333337 0.9199999999999999
0.07 0.99
0.2 0.9
0.25747474747474747 0.891010101010101
0.36818181818181817 0.9000000000000001
0.35 0.99
0.23555555555555552 0.99
0.2809090909090909 0.899090909090909
0.2797979797979798 0.8911111111111112
0.46111111111111114 0.9199999999999999
0.3309090909090909 0.8933333333333333
0.19 0.98
0.2948484848484848 0.896060606060606
0.25 0.9
0.24535353535353532 0.8920202020202019
0.5041414141414141 0.9376767676767677
0.06 0.85
0.23 0.97
0.22 0.87
0.2597979797979798 0.8678787878787879
0.2 0.87
0.3384848484848485 0.9031313131313131
0.2673737373737374 0.891010101010101
0.02 0.85
0.4443434343434344 0.9088888888888889
0.30313131313131314 0.9814141414141414
0.25747474747474747 0.8811111111111111
0.23 0.87
0.16 0.84
0.36606060606060603 0.9021212121212121
0.26494949494949493 0.8822222222222221
0.406969696969697 0.9033333333333333
0.3558585858585859 0.8944444444444445
0.4222222222222222 0.9199999999999999
0.15 0.89
0.3748484848484848 0.9109090909090909
0.03 0.99
0.14 0.86
0.3322222222222222 0.9188888888888889
0.25515151515151513 0.8920202020202019
0.3718181818181818 0.9127272727272727
0.26494949494949493 0.8920202020202019
0.2822222222222222 0.8888888888888888
0.17 0.85
0.35464646464646465 0.99
0.23 0.87
0.2821212121212121 0.8833333333333333
0.2 0.99
0.1 0.97
0.3718181818181818 0.9213131313131313
0.21777777777777776 0.8612121212121212
0.16 0.88
0.26070707070707066 0.9708080808080808
0.4009090909090909 0.9163636363636365
0.27474747474747474 0.8920202020202019
0.3276767676767677 0.8977777777777778
0.29434343434343435 0.9508080808080808
0.24787878787878787 0.9336363636363636
0.27242424242424246 0.9027272727272727
0.39444444444444443 0.981111111111111
0.23727272727272727 0.8691919191919191
0.3384848484848485 0.8944444444444445
0.22 0.89
0.3558585858585859 0.9031313131313131
0.35 0.91
0.2319191919191919 0.9804040404040404
0.5033333333333333 0.9752525252525253
0.16 0.89
0.34363636363636363 0.9000000000000001
0.3936363636363637 0.9154545454545454
0.4031313131313131 0.9145454545454546
0.4306060606060606 0.9190909090909091
0.27474747474747474 0.8920202020202019
0.24 0.88
0.3158585858585858 0.9045454545454544
0.4066666666666667 0.9142424242424243
0.3528282828282828 0.8977777777777778
0.36777777777777776 0.99
0.27989898989898987 0.894040404040404
0.3374747474747475 0.9384848484848485
0.38636363636363635 0.9396969696969697
0.2 0.98
0.17 0.99
0.27030303030303027 0.9804040404040404
0.23535353535353534 0.8624242424242423
0.35464646464646465 0.9041414141414141
0.3015151515151515 0.9124242424242425
0.3627272727272727 0.9263636363636363
0.4234343434343435 0.9181818181818182
0.25 0.99
0.40454545454545454 0.9306060606060605
0.23 0.96
0.5568686868686868 0.9382828282828282
0.22 0.9
0.24 0.9400000000000001
0.13 0.86
0.4012121212121212 0.9548484848484848
0.24757575757575756 0.891010101010101
0.4162626262626263 0.9011111111111112
0.08 0.85
0.24757575757575756 0.891010101010101
0.28737373737373734 0.933030303030303
0.3374747474747475 0.9556565656565656
0.08 0.85
0.14 0.99
0.27474747474747474 0.99
0.0 0.99
0.2606060606060606 0.8764646464646465
0.21 0.97
0.3203030303030303 0.9041414141414141
0.273030303030303 0.898080808080808
0.31444444444444447 0.8833333333333333
0.3833333333333333 0.9663636363636363
0.38767676767676773 0.9270707070707072
0.21 0.99
0.4592929292929293 0.99
0.22 0.91
0.24 0.92
0.2 0.98
0.06 0.9
0.06 0.86
0.12 0.97
0.38636363636363635 0.8881818181818182
0.27030303030303027 0.9708080808080808
0.45333333333333337 0.9822222222222222
0.36969696969696975 0.9180808080808082
0.35464646464646465 0.8955555555555555
0.11 0.99
0.3237373737373737 0.99
0.2966666666666667 0.8922222222222222
0.26181818181818184 0.8911111111111112
0.24 0.87
0.36494949494949497 0.99
0.4445454545454546 0.9066666666666667
0.318989898989899 0.99
0.3695959595959596 0.9061616161616162
0.3322222222222222 0.9011111111111111
0.3247474747474748 0.9001010101010102
0.3557575757575758 0.9072727272727272
0.44606060606060605 0.8993939393939394
0.25888888888888884 0.99
0.21 0.9
0.23 0.88
0.4592929292929293 0.9302020202020201
0.31333333333333335 0.8933333333333333
0.29686868686868684 0.9710101010101009
0.23555555555555552 0.8626262626262625
0.17 0.99
0.3015151515151515 0.8930303030303031
0.0 0.96
0.24 0.89
0.41424242424242425 0.9285858585858585
0.26909090909090905 0.8690909090909091
0.5162626262626262 0.9334343434343433
0.06 0.86
0.23363636363636364 0.8736363636363637
0.21595959595959593 0.9802020202020201
0.3158585858585858 0.9235353535353534
0.28949494949494947 0.9036363636363636
0.28373737373737373 0.9063636363636363
0.3373737373737374 0.99
0.3927272727272727 0.9081818181818182
0.37909090909090903 0.9051515151515152
0.2772727272727273 0.9702020202020202
0.4019191919191919 0.9071717171717172
0.2887878787878788 0.8821212121212122
0.3875757575757576 0.9136363636363636
0.08 0.85
0.18 0.96
0.4526262626262626 0.9132323232323232
0.3288888888888889 0.9041414141414141
0.37797979797979797 0.9061616161616162
0.21 0.87
0.21 0.88
0.3023232323232323 0.8970707070707069
0.14 0.99
0.3086868686868686 0.9036363636363636
0.22 0.98
0.3067676767676768 0.8911111111111112
0.43141414141414147 0.99
0.3233333333333333 0.9188888888888889
0.28 0.9
0.3612121212121212 0.9061616161616162
0.29303030303030303 0.9063636363636363
0.09 0.98
0.24333333333333332 0.8930303030303031
0.16 0.98
0.3474747474747475 0.8980808080808081
0.15 0.87
0.31242424242424244 0.8944444444444445
0.5829292929292929 0.9461616161616161
0.05 0.99
0.27181818181818185 0.99
0.40010101010101007 0.9172727272727272
0.3182828282828282 0.99
0.3101010101010101 0.8757575757575757
0.37323232323232325 0.9378787878787879
0.26838383838383834 0.8855555555555554
0.24 0.99
0.31727272727272726 0.899090909090909
0.3117171717171717 0.9728282828282828
0.4081818181818182 0.9091919191919191
0.3297979797979798 0.9031313131313131
0.273030303030303 0.9256565656565656
0.1 0.99
0.05 0.92
0.2881818181818182 0.8772727272727273
0.2821212121212121 0.8833333333333333
0.04 0.85
0.3718181818181818 0.8955555555555555
0.23 0.87
0.3418181818181818 0.9148484848484848
0.29686868686868684 0.99
0.05 0.99
0.26494949494949493 0.8920202020202019
0.08 0.99
0.2948484848484848 0.9712121212121212
0.2257575757575757 0.8724242424242423
0.27606060606060606 0.896060606060606
0.32090909090909087 0.9063636363636363
0.27474747474747474 0.8770707070707072
0.19 0.89
0.25 0.91
0.42959595959595964 0.9132323232323232
0.2863636363636364 0.8754545454545455
0.3097979797979798 0.8888888888888888
0.38767676767676773 0.981010101010101
0.25303030303030305 0.8833333333333333
0.3136363636363636 0.9054545454545455
0.29434343434343435 0.9312121212121212
0.25515151515151513 0.8822222222222221
0.3754545454545455 0.8941414141414142
0.41474747474747475 0.9213131313131313
0.5233333333333333 0.9233333333333333
0.4590909090909091 0.9162626262626262
0.11 0.98
0.4667676767676767 0.9227272727272727
0.2627272727272727 0.8809090909090909
0.3748484848484848 0.9284848484848485
0.25747474747474747 0.98010101010101
0.4154545454545455 0.9261616161616162
0.2871717171717172 0.98010101010101
0.4031313131313131 0.9229292929292929
0.396060606060606 0.922121212121212
0.23555555555555552 0.9018181818181817
0.18 0.99
0.24 0.89
0.40747474747474755 0.9102020202020202
0.25111111111111106 0.8748484848484849
0.21 0.88
0.48090909090909095 0.9172727272727272
0.35 0.91
0.29686868686868684 0.9235353535353534
0.08 0.87
0.02 0.87
0.11 0.99
0.13 0.9400000000000001
0.3465656565656566 0.99
0.5233333333333333 0.9475757575757575
0.34272727272727277 0.9001010101010102
0.43696969696969695 0.9218181818181819
0.4463636363636364 0.926969696969697
0.18 0.93
0.4012121212121212 0.9548484848484848
0.23555555555555552 0.8920202020202019
0.21 0.88
0.3992929292929293 0.9118181818181819
0.15 0.89
0.26 0.9
0.36212121212121207 0.99
0.21787878787878787 0.8712121212121212
0.3975757575757576 0.9470707070707071
0.15 0.87
0.4219191919191919 0.9209090909090909
0.27787878787878784 0.895050505050505
0.36606060606060603 0.9109090909090909
0.19808080808080808 0.8811111111111111
0.35363636363636364 0.9718181818181817
0.35464646464646465 0.9127272727272727
0.24 0.88
0.3281818181818182 0.9072727272727272
0.09 0.99
0.13 0.86
0.41484848484848486 0.9112121212121213
0.19 0.86
0.24 0.91
0.41484848484848486 0.9112121212121213
0.2772727272727273 0.9009090909090909
0.18 0.99
0.2822222222222222 0.898080808080808
0.22 0.89
0.3992929292929293 0.9118181818181819
0.4272727272727273 0.9081818181818182
0.37797979797979797 0.9061616161616162
0.30454545454545456 0.9196969696969697
0.19181818181818183 0.8645454545454545
0.323030303030303 0.9148484848484848
0.23767676767676768 0.9108080808080807
0.24333333333333332 0.8930303030303031
0.436969696969697 0.931010101010101
0.37323232323232325 0.9118181818181819
0.08 0.99
0.3086868686868686 0.9612121212121212
0.31242424242424244 0.9552525252525254
0.2772727272727273 0.891010101010101
0.3845454545454545 0.9000000000000001
0.12 0.99
0.24 0.98
0.18 0.93
0.0 0.9500000000000001
0.27606060606060606 0.896060606060606
0.25 0.91
0.2948484848484848 0.9054545454545455
0.24 0.89
0.38636363636363635 0.9061616161616162
0.26 0.9
0.3992929292929293 0.963939393939394
0.28373737373737373 0.9156565656565656
0.16 0.87
0.3695959595959596 0.8977777777777778
0.3804040404040404 0.9041414141414141
0.4066666666666666 0.9666666666666666
0.2990909090909091 0.9036363636363636
0.21 0.98
0.41444444444444445 0.9199999999999999
0.17 0.91
0.3182828282828282 0.9036363636363636
0.27030303030303027 0.9324242424242424
0.31333333333333335 0.9812121212121211
0.34363636363636363 0.9736363636363636
0.4031313131313131 0.9396969696969697
0.21 0.88
0.15 0.85
0.0 0.98
0.3006060606060606 0.8888888888888888
0.3512121212121212 0.9148484848484848
0.33272727272727276 0.8890909090909092
0.15 0.99
0.28545454545454546 0.9148484848484848
0.3253535353535353 0.914040404040404
0.23767676767676768 0.9009090909090909
0.43212121212121213 0.8921212121212122
0.15 0.87
0.11 0.99
0.3015151515151515 0.9221212121212121
0.47383838383838384 0.99
0.19 0.98
0.14 0.87
0.3006060606060606 0.8888888888888888
0.11 0.87
0.2963636363636364 0.8854545454545455
0.25 0.98
0.2821212121212121 0.9027272727272727
0.19 0.87
0.3211111111111111 0.99
0.23 0.99
0.2627272727272727 0.8736363636363637
0.34444444444444444 0.8977777777777778
0.32090909090909087 0.8877777777777778
0.4443434343434343 0.9227272727272727
0.01 0.99
0.33949494949494946 0.9063636363636363
0.3693939393939394 0.8921212121212121
0.22 0.88
0.18 0.9500000000000001
0.06 0.85
0.36606060606060603 0.9196969696969697
0.3158585858585858 0.8855555555555554
0.27787878787878784 0.895050505050505
0.323030303030303 0.9054545454545455
0.25 0.89
0.3558585858585859 0.9205050505050506
0.19 0.96
0.26 0.99
0.3522222222222222 0.8966666666666666
0.28373737373737373 0.8877777777777778
0.3936363636363637 0.8881818181818182
0.3743434343434343 0.8901010101010101
0.3845454545454545 0.9081818181818182
0.3158585858585858 0.9045454545454544
0.11 0.99
0.43242424242424243 0.9253535353535354
0.4445454545454546 0.9293939393939394
0.05 0.99
0.21595959595959593 0.8626262626262625
0.3297979797979798 0.9031313131313131
0.3015151515151515 0.9609090909090909
0.43939393939393945 0.9341414141414142
0.3253535353535353 0.914040404040404
0.35 0.9011111111111111
0.24 0.89
0.19 0.98
0.31242424242424244 0.8944444444444445
0.30818181818181817 0.899090909090909
0.25303030303030305 0.863939393939394
0.4115151515151515 0.9229292929292929
0.396060606060606 0.922121212121212
0.09 0.93
0.24 0.99
0.25515151515151513 0.8724242424242423
0.40747474747474755 0.9102020202020202
0.47565656565656567 0.9362626262626262
0.25111111111111106 0.8748484848484849
0.18 0.87
0.4633333333333334 0.9501010101010101
0.2809090909090909 0.8899999999999999
0.23 0.92
0.21 0.87
0.17 0.88
0.23 0.9
0.19 0.87
0.4526262626262626 0.9285858585858585
0.17 0.92
0.17 0.88
0.4596969696969697 0.9218181818181819
0.02 0.99
0.3687878787878788 0.9568686868686869
0.40010101010101007 0.9011111111111112
0.34272727272727277 0.9180808080808082
0.3804040404040404 0.9127272727272727
0.37909090909090903 0.9136363636363636
0.28 0.91
0.31161616161616157 0.8970707070707069
0.3086868686868686 0.9036363636363636
0.5091919191919192 0.928181818181818
0.21 0.99
0.14 0.86
0.19 0.97
0.24535353535353532 0.941010101010101
0.3158585858585858 0.895050505050505
0.3693939393939394 0.9415151515151515
0.19353535353535353 0.99
0.23555555555555552 0.8724242424242423
0.18 0.97
0.27 0.88
0.38535353535353534 0.9237373737373737
0.28949494949494947 0.9516161616161616
0.35171717171717176 0.9090909090909092
0.24 0.9400000000000001
0.2 0.88
0.26383838383838387 0.8796969696969696
0.3324242424242424 0.9148484848484848
0.4817171717171717 0.9302020202020201
0.25515151515151513 0.8724242424242423
0.3006060606060606 0.8888888888888888
0.3288888888888889 0.9041414141414141
0.19 0.87
0.03 0.91
0.2914141414141414 0.898080808080808
0.26070707070707066 0.8844444444444444
0.2977777777777778 0.8911111111111112
0.43242424242424243 0.9334343434343435
0.26494949494949493 0.9704040404040403
0.4494949494949495 0.9029292929292929
0.3875757575757576 0.9051515151515152
0.4384848484848485 0.9190909090909091
0.04 0.99
0.444949494949495 0.9209090909090909
0.28373737373737373 0.99
0.3337373737373738 0.9001010101010102
0.3297979797979798 0.9205050505050506
0.25 0.99
0.3992929292929293 0.9205050505050506
0.12 0.86
0.2887878787878788 0.8821212121212122
0.42959595959595964 0.9285858585858585
0.3906060606060606 0.99
0.33020202020202016 0.9156565656565656
0.26666666666666666 0.9524242424242424
0.26070707070707066 0.8748484848484849
0.11 0.86
0.23 0.99
0.42080808080808085 0.9013131313131314
0.23 0.88
0.19 0.87
0.19 0.88
0.2822222222222222 0.8796969696969696
0.29303030303030303 0.9063636363636363
0.4198989898989899 0.9732323232323233
0.2627272727272727 0.8833333333333333
0.21787878787878787 0.8613131313131313
0.22393939393939394 0.8736363636363637
0.3015151515151515 0.9512121212121213
0.18 0.98
0.38090909090909086 0.9718181818181817
0.14 0.92
0.4672727272727273 0.936969696969697
0.39909090909090905 0.9112121212121213
0.28454545454545455 0.8920202020202019
0.4891919191919192 0.9302020202020201
0.16 0.99
0.39909090909090905 0.9190909090909091
0.27242424242424246 0.8930303030303031
0.37323232323232325 0.9118181818181819
0.21 0.87
0.5027272727272727 0.929090909090909
0.14 0.99
0.46090909090909093 0.9118181818181819
0.444949494949495 0.9285858585858585
0.3687878787878788 0.9154545454545454
0.3373737373737374 0.9164646464646464
0.15 0.86
0.2821212121212121 0.8930303030303031
0.32818181818181813 0.9051515151515152
0.3564646464646465 0.99
0.41848484848484846 0.9237373737373737
0.3558585858585859 0.8944444444444445
0.3512121212121212 0.99
0.47565656565656567 0.9696969696969697
0.28454545454545455 0.9214141414141414
0.29333333333333333 0.88
0.3451515151515151 0.8966666666666666
0.07 0.99
0.2948484848484848 0.99
0.23 0.88
0.3605050505050505 0.99
0.4219191919191919 0.9132323232323232
0.27181818181818185 0.8809090909090909
0.4445454545454546 0.899090909090909
0.28737373737373734 0.8855555555555554
0.22777777777777777 0.8712121212121212
0.34848484848484845 0.9021212121212121
0.4081818181818182 0.9172727272727272
0.36777777777777776 0.9334343434343435
0.3924242424242424 0.9812121212121211
0.3281818181818182 0.9072727272727272
0.25747474747474747 0.891010101010101
0.5390909090909091 0.9524242424242424
0.24333333333333332 0.8930303030303031
0.3233333333333333 0.9011111111111111
0.4215151515151515 0.9475757575757575
0.4267676767676768 0.9075757575757576
0.38535353535353534 0.9154545454545454
0.4215151515151515 0.9390909090909091
0.23 0.86
0.1 0.85
0.27606060606060606 0.9806060606060605
0.26666666666666666 0.9054545454545455
0.11 0.9400000000000001
0.4812121212121212 0.9162626262626262
0.36969696969696975 0.9001010101010102
0.3875757575757576 0.9136363636363636
0.38333333333333336 0.99
0.42999999999999994 0.9645454545454545
0.27474747474747474 0.8920202020202019
0.35 0.9188888888888889
0.31333333333333335 0.9196969696969697
0.16 0.87
0.13 0.87
0.18 0.87
0.24333333333333332 0.8736363636363637
0.41848484848484846 0.9237373737373737
0.17 0.85
0.21 0.9
0.39474747474747474 0.9061616161616162
0.28 0.89
0.5091919191919192 0.9350505050505049
0.21 0.86
0.4405050505050505 0.9334343434343435
0.25 0.88
0.16 0.99
0.29 0.899090909090909
0.19 0.88
0.27606060606060606 0.8866666666666667
0.21595959595959593 0.8822222222222221
0.09 0.85
0.3411111111111111 0.8833333333333333
0.30373737373737375 0.8857575757575759
0.22 0.87
0.16 0.86
0.28545454545454546 0.896060606060606
0.15 0.97
0.2546464646464647 0.898080808080808
0.3203030303030303 0.9041414141414141
0.3706060606060606 0.9051515151515152
0.2398989898989899 0.9615151515151514
0.4090909090909091 0.9163636363636365
0.4267676767676768 0.9403030303030303
0.20454545454545456 0.863939393939394
0.2871717171717172 0.99
0.4222222222222222 0.9199999999999999
0.40171717171717175 0.9348484848484848
0.5116161616161616 0.9750505050505051
0.2957575757575758 0.9021212121212121
0.42383838383838385 0.9031313131313131
0.01 0.9500000000000001
0.417979797979798 0.9056565656565657
0.19 0.89
0.491010101010101 0.943939393939394
0.32090909090909087 0.9156565656565656
0.2795959595959596 0.874848484848485
0.27787878787878784 0.876060606060606
0.2 0.87
0.34474747474747475 0.8813131313131313
0.3023232323232323 0.8877777777777778
0.21 0.89
0.3936363636363637 0.8988888888888888
0.46636363636363637 0.91
0.38555555555555554 0.99
0.3157575757575758 0.8911111111111112
0.03 0.86
0.12 0.85
0.11 0.87
0.13 0.92
0.2 0.87
0.27474747474747474 0.9606060606060605
0.19808080808080808 0.99
0.25727272727272726 0.9054545454545455
0.28545454545454546 0.896060606060606
0.18 0.87
0.31333333333333335 0.8933333333333333
0.3097979797979798 0.8888888888888888
0.14 0.87
0.33545454545454545 0.9081818181818181
0.14 0.86
0.26 0.98
0.11 0.88
0.3411111111111111 0.9011111111111111
0.42959595959595964 0.9132323232323232
0.36323232323232324 0.9728282828282828
0.23767676767676768 0.8712121212121212
0.25515151515151513 0.9116161616161615
0.18 0.86
0.2257575757575757 0.8724242424242423
0.27030303030303027 0.8844444444444444
0.36606060606060603 0.9196969696969697
0.2611111111111111 0.9011111111111111
0.33969696969696966 0.8933333333333333
0.27474747474747474 0.9018181818181817
0.5027272727272727 0.9536363636363636
0.26 0.89
0.3247474747474748 0.8911111111111112
0.2627272727272727 0.9027272727272727
0.31727272727272726 0.9081818181818181
0.3471717171717172 0.99
0.41080808080808084 0.8913131313131314
0.3023232323232323 0.8877777777777778
0.38535353535353534 0.8988888888888888
0.31727272727272726 0.99
0.2 0.88
0.39202020202020205 0.9253535353535354
0.2 0.99
0.35 0.9011111111111111
0.2963636363636364 0.8772727272727273
0.18383838383838386 0.8548484848484849
0.2 0.9
0.21 0.9
0.2209090909090909 0.876060606060606
0.26838383838383834 0.895050505050505
0.48797979797979796 0.9254545454545454
0.01 0.99
0.3309090909090909 0.8933333333333333
0.17 0.98
0.5251515151515151 0.99
0.3633333333333333 0.9710101010101009
0.31444444444444447 0.99
0.17 0.98
0.4162626262626263 0.9415151515151514
0.36323232323232324 0.9041414141414141
0.34606060606060607 0.9213131313131313
0.4306060606060606 0.9112121212121213
0.26494949494949493 0.8920202020202019
0.15 0.87
0.40454545454545454 0.9136363636363636
0.3108080808080808 0.8988888888888888
0.11 0.87
0.40747474747474755 0.9022222222222223
0.22777777777777777 0.8811111111111111
0.19 0.86
0.22767676767676767 0.8612121212121212
0.21 0.88
0.47484848484848485 0.936969696969697
0.07 0.99
0.27989898989898987 0.99
0.3288888888888889 0.9041414141414141
0.2 0.87
0.26 0.89
0.3247474747474748 0.8911111111111112
0.22 0.88
0.48818181818181816 0.9463636363636364
0.22 0.98
0.4518181818181818 0.9376767676767677
0.39151515151515154 0.9102020202020202
0.02 0.99
0.3839393939393939 0.9091919191919191
0.4009090909090909 0.9000000000000001
0.35464646464646465 0.9470707070707071
0.5960606060606061 0.9657575757575758
0.18 0.87
0.42272727272727273 0.9033333333333333
0.18 0.9
0.47131313131313135 0.99
0.47363636363636363 0.9245454545454546
0.3875757575757576 0.99
0.2822222222222222 0.8796969696969696
0.21 0.89
0.37909090909090903 0.9306060606060605
0.04 0.84
0.3097979797979798 0.9808080808080808
0.19 0.98
0.37868686868686874 0.963030303030303
0.23767676767676768 0.98010101010101
0.2 0.88
0.2990909090909091 0.99
0.34848484848484845 0.9812121212121211
0.02 0.84
0.31444444444444447 0.9011111111111111
0.2821212121212121 0.99
0.24757575757575756 0.8712121212121212
0.27989898989898987 0.9132323232323232
0.19 0.88
0.4009090909090909 0.9245454545454546
0.18 0.99
0.19 0.87
0.14 0.88
0.15 0.98
0.23767676767676768 0.8811111111111111
0.5033333333333333 0.9531313131313132
0.1 0.99
0.23 0.87
0.3309090909090909 0.9109090909090909
0.2 0.89
0.08 0.85
0.27606060606060606 0.99
0.02 0.85
0.42272727272727273 0.9190909090909091
0.27080808080808083 0.8821212121212122
0.41484848484848486 0.9348484848484848
0.1 0.87
0.27242424242424246 0.8930303030303031
0.3023232323232323 0.8970707070707069
0.32636363636363636 0.899090909090909
0.21595959595959593 0.9704040404040403
0.3411111111111111 0.8922222222222222
0.26 0.99
0.3337373737373738 0.9180808080808082
0.4090909090909091 0.9327272727272728
0.14 0.86
0.15 0.98
0.3247474747474748 0.963030303030303
0.4090909090909091 0.9081818181818182
0.3706060606060606 0.8966666666666666
0.15 0.92
0.21 0.88
0.13 0.99
0.09 0.9400000000000001
0.34878787878787876 0.9435353535353534
0.24151515151515152 0.99
0.3612121212121212 0.9145454545454546
0.16 0.89
0.32545454545454544 0.8854545454545455
0.30272727272727273 0.8836363636363638
0.25585858585858584 0.8877777777777778
0.31363636363636366 0.8768686868686869
0.05 0.85
0.2627272727272727 0.9027272727272727
0.19808080808080808 0.99
0.02 0.99
0.4473737373737374 0.9341414141414142
0.43232323232323233 0.8993939393939394
0.35696969696969694 0.8872727272727273
0.26494949494949493 0.9116161616161615
0.30818181818181817 0.9172727272727272
0.3936363636363637 0.99
0.1782828282828283 0.98010101010101
0.23 0.89
0.14 0.89
0.32090909090909087 0.8970707070707069
0.28545454545454546 0.896060606060606
0.3612121212121212 0.8977777777777778
0.32212121212121214 0.9021212121212121
0.06 0.87
0.37414141414141416 0.9624242424242424
0.4267676767676768 0.9403030303030303
0.19 0.86
0.41484848484848486 0.9112121212121213
0.23 0.89
0.4081818181818182 0.9172727272727272
0.31727272727272726 0.899090909090909
0.3906060606060606 0.9205050505050506
0.34444444444444444 0.8977777777777778
0.11 0.85
0.40747474747474755 0.9421212121212121
0.2673737373737374 0.891010101010101
0.13 0.99
0.15 0.9400000000000001
0.25888888888888884 0.99
0.18 0.87
0.2772727272727273 0.9009090909090909
0.3192929292929293 0.8977777777777778
0.25 0.92
0.3655555555555555 0.8866666666666666
0.43141414141414147 0.9102020202020202
0.15 0.99
0.4234343434343435 0.9181818181818182
0.24333333333333332 0.8736363636363637
0.35 0.8866666666666666
0.42959595959595964 0.9132323232323232
0.08 0.9
0.407979797979798 0.9726262626262626
0.207979797979798 0.891010101010101
0.24656565656565654 0.9156565656565656
0.36070707070707075 0.981010101010101
0.19 0.96
0.17 0.99
0.2914141414141414 0.8796969696969696
0.36454545454545456 0.8944444444444445
0.46646464646464647 0.9162626262626262
0.27 0.9
0.2 0.9
0.3023232323232323 0.8877777777777778
0.37909090909090903 0.9051515151515152
0.24757575757575756 0.891010101010101
0.3042424242424242 0.9054545454545455
0.3595959595959596 0.896969696969697
0.42383838383838385 0.9031313131313131
0.2673737373737374 0.891010101010101
0.5381818181818182 0.99
0.31161616161616157 0.8970707070707069
0.17 0.86
0.18 0.99
0.2788888888888889 0.8922222222222222
0.33444444444444443 0.8866666666666666
0.36606060606060603 0.9109090909090909
0.3695959595959596 0.9145454545454546
0.33020202020202016 0.9156565656565656
0.17 0.99
0.26070707070707066 0.894040404040404
0.47484848484848485 0.9218181818181819
0.33969696969696966 0.9021212121212121
0.21 0.88
0.18 0.88
0.3605050505050505 0.8988888888888888
0.3411111111111111 0.8922222222222222
0.31333333333333335 0.9284848484848485
0.2957575757575758 0.8933333333333333
0.4154545454545455 0.9181818181818182
0.38191919191919194 0.9118181818181819
0.29181818181818187 0.8930303030303031
0.03 0.92
0.3182828282828282 0.942020202020202
0.2627272727272727 0.9124242424242425
0.31444444444444447 0.9011111111111111
0.29 0.99
0.25 0.89
0.3337373737373738 0.9090909090909092
0.3109090909090909 0.99
0.5094949494949494 0.9223232323232322
0.36777777777777776 0.91
0.09 0.89
0.42959595959595964 0.9209090909090909
0.24535353535353532 0.9606060606060605
0.318989898989899 0.9532323232323232
0.19303030303030302 0.8548484848484849
0.08 0.85
0.37666666666666665 0.99
0.15 0.99
0.24333333333333332 0.8833333333333333
0.23363636363636364 0.9512121212121213
0.15 0.89
0.07 0.99
0.3612121212121212 0.8893939393939394
0.22 0.91
0.41303030303030297 0.9306060606060605
0.3845454545454545 0.9081818181818182
0.13 0.88
0.34848484848484845 0.9021212121212121
0.4633333333333334 0.9341414141414142
0.35727272727272724 0.9196969696969697
0.02 0.85
0.17676767676767674 0.99
0.3023232323232323 0.9063636363636363
0.18 0.9400000000000001
0.3136363636363636 0.896060606060606
0.01 0.85
0.3157575757575758 0.9001010101010102
0.25 0.89
0.17 0.99
0.29505050505050506 0.99
0.3936363636363637 0.9071717171717172
0.3042424242424242 0.896060606060606
0.23 0.9
0.31121212121212116 0.99
0.3006060606060606 0.8888888888888888
0.06 0.99
0.24 0.87
0.49484848484848487 0.9015151515151516
0.3097979797979798 0.9808080808080808
0.29535353535353537 0.8751515151515152
0.31727272727272726 0.899090909090909
0.05 0.91
0.16 0.96
0.36454545454545456 0.9205050505050506
0.4526262626262626 0.9516161616161616
0.18 0.99
0.09 0.98
0.25 0.92
0.39121212121212123 0.9112121212121213
0.24757575757575756 0.9306060606060605
0.35363636363636364 0.9081818181818181
0.4031313131313131 0.99
0.38090909090909086 0.9536363636363636
0.30818181818181817 0.9809090909090908
0.25515151515151513 0.8822222222222221
0.46111111111111114 0.9199999999999999
0.3558585858585859 0.8944444444444445
0.3247474747474748 0.8911111111111112
0.24333333333333332 0.8736363636363637
0.19 0.9400000000000001
0.27 0.9
0.19 0.89
0.2990909090909091 0.899090909090909
0.2695959595959596 0.864848484848485
0.3041414141414141 0.9704040404040403
0.3097979797979798 0.9716161616161616
0.49 0.99
0.4445454545454546 0.9218181818181819
0.31727272727272726 0.8899999999999999
0.2990909090909091 0.99
0.3718181818181818 0.8875757575757576
0.27 0.89
0.19 0.88
0.42272727272727273 0.9112121212121213
0.523030303030303 0.9493939393939392
0.44555555555555554 0.9277777777777777
0.25 0.91
0.3572727272727273 0.886969696969697
0.09 0.99
0.23 0.89
0.24848484848484845 0.8636363636363635
0.43919191919191924 0.9062626262626263
0.27989898989898987 0.894040404040404
0.29111111111111115 0.868888888888889
0.22 0.88
0.19 0.86
0.25 0.98
0.0 0.98
0.24 0.89
0.2990909090909091 0.899090909090909
0.3281818181818182 0.9532323232323232
0.4473737373737374 0.9580808080808081
0.2319191919191919 0.8748484848484849
0.03 0.87
0.2821212121212121 0.9124242424242425
0.1 0.85
0.08 0.87
0.16 0.9400000000000001
0.30606060606060614 0.88989898989899
0.01 0.99
0.34606060606060607 0.8955555555555555
0.16 0.99
0.18 0.88
0.2223232323232323 0.8652525252525253
0.23 0.89
0.3373737373737374 0.9072727272727272
0.48818181818181816 0.9245454545454546
0.0 0.99
0.16 0.96
0.05 0.99
0.27 0.88
0.47383838383838384 0.9162626262626262
0.29434343434343435 0.8920202020202019
0.4162626262626263 0.9819191919191919
0.25585858585858584 0.8877777777777778
0.3411111111111111 0.8833333333333333
0.3015151515151515 0.9124242424242425
0.02 0.85
0.3233333333333333 0.8922222222222222
0.29303030303030303 0.8970707070707069
0.23555555555555552 0.8724242424242423
0.22 0.9500000000000001
0.31 0.99
0.2209090909090909 0.895050505050505
0.35363636363636364 0.8881818181818181
0.24 0.9
0.3158585858585858 0.99
0.07 0.87
0.26666666666666666 0.8772727272727272
0.15 0.9500000000000001
0.26838383838383834 0.8855555555555554
0.2319191919191919 0.8844444444444444
0.4066666666666666 0.9199999999999999
0.25 0.89
0.3 0.91
0.37909090909090903 0.9136363636363636
0.3237373737373737 0.9508080808080808
0.16 0.99
0.3067676767676768 0.9540404040404041
0.27181818181818185 0.99
0.37090909090909085 0.8945454545454544
0.08 0.99
0.14 0.88
0.08 0.85
0.06 0.86
0.19 0.87
0.28454545454545455 0.9116161616161615
0.01 0.99
0.3337373737373738 0.9001010101010102
0.40747474747474755 0.9022222222222223
0.0 0.86
0.3706060606060606 0.9136363636363636
0.14 0.85
0.19 0.9
0.28 0.92
0.18 0.88
0.17545454545454545 0.9609090909090909
0.21 0.99
0.4254545454545455 0.9163636363636365
0.3322222222222222 0.8922222222222222
0.4409090909090909 0.9146464646464647
0.2822222222222222 0.99
0.31585858585858584 0.8895959595959596
0.25747474747474747 0.891010101010101
0.4596969696969697 0.9142424242424243
0.26 0.89
0.3990909090909091 0.8931313131313132
0.4812121212121212 0.9383838383838383
0.1 0.98
0.27030303030303027 0.894040404040404
0.2290909090909091 0.896060606060606
0.04 0.9
0.18 0.88
0.39909090909090905 0.9809090909090908
0.19808080808080808 0.8712121212121212
0.3023232323232323 0.8877777777777778
0.31121212121212116 0.9027272727272727
0.25303030303030305 0.9803030303030303
0.2673737373737374 0.891010101010101
0.29686868686868684 0.895050505050505
0.25 0.91
0.25727272727272726 0.8866666666666667
0.3097979797979798 0.8888888888888888
0.29707070707070704 0.9009090909090909
0.2797979797979798 0.981010101010101
0.27080808080808083 0.8911111111111112
0.17 0.86
0.0 0.84
0.26515151515151514 0.8877777777777778
0.29 0.96
0.27030303030303027 0.9324242424242424
0.4463636363636364 0.9742424242424242
0.2821212121212121 0.99
0.29686868686868684 0.9045454545454544
0.4445454545454546 0.9142424242424243
0.3612121212121212 0.9061616161616162
0.23767676767676768 0.8811111111111111
0.3203030303030303 0.9127272727272727
0.2606060606060606 0.8845454545454545
0.30818181818181817 0.8657575757575757
0.27 0.89
0.48858585858585857 0.9383838383838383
0.26 0.96
0.21787878787878787 0.99
0.18 0.98
0.18 0.88
0.3936363636363637 0.8881818181818182
0.26 0.9
0.1915151515151515 0.99
0.3522222222222222 0.9071717171717172
0.39202020202020205 0.9172727272727272
0.46636363636363637 0.9318181818181819
0.3322222222222222 0.91
0.34444444444444444 0.9229292929292929
0.43696969696969695 0.9218181818181819
0.28373737373737373 0.8877777777777778
0.2797979797979798 0.99
0.2 0.88
0.13 0.86
0.2 0.99
0.25 0.89
0.38535353535353534 0.9154545454545454
0.09 0.85
0.02 0.88
0.3558585858585859 0.8944444444444445
0.19 0.87
0.28737373737373734 0.99
0.2977777777777778 0.8876767676767676
0.38555555555555554 0.9544444444444444
0.1 0.98
0.23 0.87
0.435050505050505 0.9403030303030303
0.2 0.99
0.22797979797979798 0.8691919191919191
0.22797979797979798 0.9063636363636363
0.23 0.9
0.28545454545454546 0.99
0.1 0.85
0.1 0.85
0.25111111111111106 0.8748484848484849
0.2493939393939394 0.99
0.02 0.99
0.43727272727272726 0.9669696969696969
0.23767676767676768 0.8811111111111111
0.25888888888888884 0.895050505050505
0.35363636363636364 0.9172727272727272
0.25303030303030305 0.8833333333333333
0.36737373737373735 0.924949494949495
0.19 0.87
0.41444444444444445 0.9044444444444444
0.27242424242424246 0.8736363636363637
0.31242424242424244 0.9118181818181819
0.4254545454545455 0.9081818181818182
0.37636363636363634 0.99
0.18 0.91
0.3836363636363636 0.9372727272727273
0.03 0.99
0.4812121212121212 0.99
0.3373737373737374 0.9164646464646464
0.2 0.98
0.26666666666666666 0.9054545454545455
0.37797979797979797 0.9145454545454546
0.3097979797979798 0.8888888888888888
0.17 0.85
0.2627272727272727 0.9027272727272727
0.45333333333333337 0.9
0.3309090909090909 0.8845454545454545
0.16 0.98
0.48818181818181816 0.9609090909090909
0.42434343434343436 0.9334343434343435
0.2772727272727273 0.891010101010101
0.16 0.87
0.27030303030303027 0.894040404040404
0.26 0.96
0.3015151515151515 0.9124242424242425
0.24757575757575756 0.99
0.18 0.87
0.26666666666666666 0.9806060606060605
0.3245454545454546 0.8890909090909092
0.43242424242424243 0.9172727272727272
0.2 0.9
0.24 0.93
0.41020202020202023 0.9154545454545454
0.35363636363636364 0.9136363636363636
0.21 0.87
0.28949494949494947 0.894040404040404
0.27787878787878784 0.895050505050505
0.3309090909090909 0.8933333333333333
0.3281818181818182 0.9072727272727272
0.08 0.89
0.08 0.87
0.35171717171717176 0.9090909090909092
0.24757575757575756 0.9009090909090909
0.28545454545454546 0.9054545454545455
0.22 0.9400000000000001
0.3309090909090909 0.9196969696969697
0.34878787878787876 0.99
0.14 0.87
0.24 0.93
0.19 0.96
0.26494949494949493 0.9018181818181817
0.38181818181818183 0.8975757575757575
0.34848484848484845 0.8933333333333333
0.3465656565656566 0.9164646464646464
0.43666666666666665 0.9732323232323233
0.3718181818181818 0.8950505050505051
0.44555555555555554 0.9199999999999999
0.21 0.9
0.33090909090909093 0.8872727272727273
0.3063636363636364 0.8790909090909091
0.21 0.87
0.27606060606060606 0.8772727272727272
0.35777777777777775 0.8866666666666666
0.36323232323232324 0.9041414141414141
0.2887878787878788 0.99
0.24151515151515152 0.99
0.23363636363636364 0.8930303030303031
0.37868686868686874 0.99
0.24 0.88
0.23 0.9400000000000001
0.40747474747474755 0.9102020202020202
0.29303030303030303 0.8970707070707069
0.3627272727272727 0.9172727272727272
0.19 0.89
0.36323232323232324 0.9041414141414141
0.3348484848484848 0.914040404040404
0.2948484848484848 0.9712121212121212
0.14 0.99
0.40747474747474755 0.9022222222222223
0.444949494949495 0.9209090909090909
0.23767676767676768 0.8712121212121212
0.28737373737373734 0.9045454545454544
0.3322222222222222 0.8922222222222222
0.35363636363636364 0.9136363636363636
0.31444444444444447 0.99
0.3136363636363636 0.9054545454545455
0.35363636363636364 0.99
0.3755555555555556 0.99
0.16 0.88
0.4951515151515151 0.9326262626262626
0.42272727272727273 0.9190909090909091
0.33666666666666667 0.8881818181818181
0.3055555555555556 0.9188888888888889
0.2863636363636364 0.9813131313131314
0.38535353535353534 0.9485858585858585
0.08 0.86
0.33969696969696966 0.8933333333333333
0.04 0.92
0.28949494949494947 0.8844444444444444
0.46111111111111114 0.9355555555555555
0.02 0.98
0.20444444444444446 0.8533333333333333
0.23363636363636364 0.99
0.44181818181818183 0.99
0.17 0.89
0.3563636363636363 0.8963636363636363
0.27606060606060606 0.9712121212121212
0.21 0.86
0.13 0.88
0.4306060606060606 0.9112121212121213
0.35 0.91
0.18 0.85
0.4198989898989899 0.9145454545454546
0.2493939393939394 0.8855555555555554
0.2673737373737374 0.9009090909090909
0.37666666666666665 0.99
0.27080808080808083 0.8821212121212122
0.15 0.88
0.03 0.93
0.19 0.86
0.24 0.99
0.4126262626262626 0.8962626262626263
0.31333333333333335 0.8845454545454545
0.19 0.9
0.3281818181818182 0.9072727272727272
0.23 0.99
0.3324242424242424 0.9148484848484848
0.3136363636363636 0.9242424242424243
0.2822222222222222 0.99
0.3695959595959596 0.9816161616161617
0.3418181818181818 0.9148484848484848
0.13 0.99
0.31242424242424244 0.9118181818181819
0.3322222222222222 0.8922222222222222
0.1 0.99
0.26 0.98
0.13 0.99
0.33 0.99
0.444949494949495 0.9209090909090909
0.46626262626262627 0.9129292929292929
0.16 0.88
0.13 0.98
0.36606060606060603 0.9021212121212121
0.38535353535353534 0.9071717171717172
0.07 0.85
0.3309090909090909 0.8933333333333333
