0.37666666666666665 0.9188888888888889
0.26 0.97
0.03 0.99
0.07 0.9500000000000001
0.21 0.88
0.12 0.96
0.46646464646464647 0.9088888888888889
0.25515151515151513 0.8724242424242423
0.444949494949495 0.9132323232323232
0.22 0.91
0.41848484848484846 0.9154545454545454
0.26494949494949493 0.99
0.3015151515151515 0.8930303030303031
0.24333333333333332 0.8833333333333333
0.20616161616161613 0.99
0.22 0.9
0.36454545454545456 0.9031313131313131
0.01 0.84
0.3875757575757576 0.9136363636363636
0.33969696969696966 0.9021212121212121
0.18 0.99
0.48797979797979796 0.9405050505050505
0.4667676767676767 0.9122222222222223
0.4162626262626263 0.9091919191919191
0.39474747474747474 0.9145454545454546
0.19484848484848485 0.8833333333333333
0.40010101010101007 0.9091919191919191
0.4405050505050505 0.973838383838384
0.33666666666666667 0.9051515151515152
0.2948484848484848 0.99
0.48444444444444446 0.9822222222222222
0.30818181818181817 0.9081818181818181
0.22393939393939394 0.9027272727272727
0.29707070707070704 0.9207070707070707
0.25888888888888884 0.8855555555555554
0.32212121212121214 0.9021212121212121
0.11 0.99
0.2627272727272727 0.8930303030303031
0.19 0.86
0.3015151515151515 0.8930303030303031
0.21 0.87
0.5966666666666667 0.9423232323232323
0.3097979797979798 0.9072727272727272
0.3158585858585858 0.9045454545454544
0.3936363636363637 0.9071717171717172
0.03 0.85
0.2 0.88
0.17 0.88
0.27242424242424246 0.8833333333333333
0.37323232323232325 0.9813131313131314
0.2 0.86
0.2948484848484848 0.8866666666666667
0.27474747474747474 0.9018181818181817
0.5636363636363636 0.9709090909090909
0.3190909090909091 0.9071717171717172
0.19 0.99
0.3067676767676768 0.8911111111111112
0.28373737373737373 0.8970707070707069
0.14 0.87
0.18 0.88
0.15 0.99
0.25747474747474747 0.9009090909090909
0.3373737373737374 0.9164646464646464
0.24 0.9
0.23 0.89
0.41484848484848486 0.9190909090909091
0.12 0.87
0.4154545454545455 0.9102020202020202
0.2990909090909091 0.8809090909090909
0.13 0.87
0.29434343434343435 0.9116161616161615
0.36777777777777776 0.9091919191919191
0.43696969696969695 0.9142424242424243
0.4234343434343435 0.9181818181818182
0.4872727272727273 0.9341414141414142
0.35464646464646465 0.8955555555555555
0.5180808080808081 0.9605050505050505
0.18 0.99
0.2 0.87
0.19 0.87
