54.11117529302552 60.22896504354515
54.25871164997113 60.72553267715546
51.64842476299191 58.99168119489975
55.21475805189108 61.47651448840887
51.81660566678815 57.126363877116276
56.108586729496146 61.90146614186028
58.88920371772191 63.60931705032631
52.851687110678846 59.641133322583045
57.453535346966234 62.19364885760523
52.66803157834453 59.455454871241464
54.13186935080205 60.39252183162418
56.65044403479458 62.26317957634486
58.103435513603074 63.38026874599545
58.90721276043269 63.64783215745625
57.56167837973127 62.99597054650759
58.87942902739592 64.41168292321214
60.664944245792576 64.70108527667993
54.24817011357369 60.299132694667485
58.988172336544 62.96100810460788
57.14013559924849 62.59669168875454
55.45836787076184 61.67813138745045
52.167848011628664 59.08364524801306
55.52118822516605 61.09065674934777
58.66151116748232 63.604989305773636
52.9500517834103 60.05823466396397
58.83285735882527 63.396695196186315
57.260111902134064 62.83653702835616
56.57095933105063 62.01630941808456
60.47538576098689 64.5104506924738
57.07617713672168 61.102867553136235
56.730889499881556 62.21158018395188
60.245763284916 64.17958427433405
57.69021920349026 63.18908279874598
56.412284350264734 61.83939518598837
60.259810179813236 64.0333273045592
54.87811851700151 60.77492733100767
57.05040046907927 62.50586305259245
55.522989619370605 60.54452632874809
58.93410609258129 64.51616331089146
59.37229863346266 64.31805567830385
56.07845646512191 61.70086457944901
55.527629567218504 60.53018939033162
57.63171828075907 62.37510266020242
54.71813148471385 60.87030375994192
58.02190088188341 62.94998759437962
57.364046139035516 63.023832652401836
56.653804815589645 62.39650080086599
54.868100524356635 60.989546187488145
57.37800662980658 62.5563484200984
51.72675692297442 58.317296302411066
59.111407582542384 63.78049082396067
57.61512312792218 63.19993762916915
55.51162936505775 60.7047292092005
59.339538555176915 63.869365219617166
58.41670440982828 63.246631234806976
56.246066398599616 61.7020506409839
52.394298203720076 59.44761959476075
57.16052738570252 62.544673885284645
56.37007031475476 62.187717578903516
53.151855672073225 59.90320816776196
56.36822910928217 62.31486504355326
54.889102095564105 61.2945762040583
59.43238318972982 63.33875374045357
55.28353911384404 60.197584595768106
55.41090010030606 61.11359934287784
55.728725536541695 61.6143179775047
60.152830187725684 64.79206232218927
57.10734801089674 62.38423400512372
58.444132901622055 63.47857727280188
56.351805485203364 62.658625796691
56.11789861636182 61.58277980725088
57.77131825507558 62.768261264676255
55.66772296879517 61.74986226085649
58.9355537095822 63.32148350486644
56.88199591442153 62.975417838524
55.43783197558249 61.531236483823804
57.854028738746734 62.813770889912234
58.13282350085525 62.12912714209564
55.58027291982607 61.25740476707619
58.918156907990145 64.0693210256118
57.659863791172846 62.9499652143121
56.65419805391771 61.91953997809098
58.144517076035136 63.738958120595136
57.45888671479633 62.930014034625714
57.56743469353921 62.39360383566578
55.34692226065937 61.462392297398665
54.92690207806155 61.106224691075774
55.74055480100057 61.58844397205122
55.68064470032842 61.96796424050034
56.56224414597443 61.386915070444545
56.20515091276358 62.276875141276044
54.619731830769375 60.57173652490165
56.57178863539035 62.61222215949136
57.496553192136396 63.17245590939371
54.52425248403331 60.70646195382576
54.954970817493 60.84110662880938
58.90004731886868 64.3107344137695
51.88638654237841 59.16031277024447
56.609638103850486 62.05058248610932
53.71972358876221 59.71693445295775
57.51576179974996 62.93937115217997
58.42043318203971 63.13855348061098
54.944032231494184 61.25030163368762
55.302459965231805 61.52237055358958
53.24826722338453 60.33151854334539
60.25692737898387 64.61347154429279
60.101370237999404 63.83018200575388
56.769194317114895 62.01428893748528
55.97223813291983 62.368151691218785
57.40900676535815 63.41322262962586
56.77134718021421 62.23826674993773
57.940617036742665 63.165007227902635
57.55721608405186 63.02883555315877
54.94202330672786 60.83956226060564
54.28038754584814 60.59143887653421
55.98073160781392 62.00242843319715
56.030728220471744 61.8821160866856
56.99021528007596 62.00668424491023
51.739857954774855 58.33674256373832
56.962442509362 62.01104083662295
54.60212361670397 60.63863892157338
55.16166877931506 61.36543484468891
56.06784517608602 61.527465330045196
55.0409997111897 60.35529277530908
57.99579216775348 61.91987517603358
56.01619497205338 61.73386235182417
57.02961752339049 61.90675402146025
56.37520939726396 61.959061519250696
57.87452917225604 63.21395387793467
55.51590004798425 62.02996860484102
54.100111739337336 60.826598312633095
57.82087150236291 62.96834347740342
57.8603942942372 62.12371933066928
57.323053065236834 62.294826688132375
56.85892874464107 62.055452540779854
61.191635825968156 65.0151106178119
55.95966906239044 61.5327951592594
60.057649716147196 64.5779760204938
52.89562594758706 58.78695557427379
55.49113367331659 61.69098024817368
57.25418465898034 63.15453333275999
56.94991752316102 62.983896772551056
54.5410694653253 60.93889916101171
55.970544775026326 62.080518191870695
58.61508237140499 63.551178977527215
54.64307816820597 59.99035220288962
54.376316521215024 60.82135136983478
52.598430779932066 59.831973183599665
57.41828202371673 62.3337742974844
55.66520912709728 62.07819662161759
55.72551360807276 60.95078438993418
56.40104988352583 62.33699764344645
58.12860044279529 62.70204087243949
59.5207928505391 64.85185866918978
61.26737888524261 65.72896460106904
56.62359602057903 61.72156525051197
58.069164807874685 63.547275969298575
54.92013704723528 60.52680152102951
52.43627753128853 59.9175833580014
57.782623360273256 62.41840519340476
56.358793077820366 62.67939004040812
57.037501133437935 63.243791939253576
58.87388161661247 63.79890018849998
53.92916195159839 59.999206295659505
55.21988924044252 61.20028322791924
58.223359507769416 63.195344571501174
57.16920252606478 61.376690681076006
56.80024488829311 62.29359233120739
57.43685914101526 63.00314670610861
59.211454276926524 64.20895255595276
55.33053677980733 60.29874001377252
58.64899789459332 63.41249956693033
55.52400427319771 61.57786075336953
58.656763291078526 62.55820250420485
59.54146818830781 63.94562263835344
55.32610378648632 61.356842297480135
53.486942143571085 59.62947770506752
59.14242687850973 62.41823186643845
53.15246591386576 59.92147807666392
56.09276198622344 61.35759562012223
60.69428764613929 64.56777672511822
56.49882796178101 62.11685251928082
58.30746781484752 63.88012243781137
58.32109365692989 63.01780808868849
55.563920440321645 61.68473492434948
59.28890310496713 64.80940657741773
56.84714798143882 61.68085658387857
55.011517596584035 61.435632844251714
55.40350500725721 61.460182421605026
59.326330017733504 63.96759237344148
59.79286244937411 63.49325479638775
56.95804743378777 62.426045110728616
53.73264045554335 59.968112010148104
56.954481464888296 62.72916370969107
56.517944883911426 61.51417731655068
58.48165062707798 64.02368105632476
51.0061581196908 58.37478237262722
54.38792997750835 60.65037090495929
59.37432682754112 63.96405733781841
55.544060999197704 60.69800773352546
55.86439652040708 61.06907396131701
55.21748540218812 61.23678304922105
53.253303969384774 59.77690142219732
54.215724954920915 60.35342264282983
53.154778896658584 59.294358445488506
58.626017103843765 63.60561042469438
53.416606526048945 60.67827878778622
57.97776982765054 62.02472435711175
59.572107164830946 63.67022717471058
55.094737456127 60.593783872353015
51.47622744491664 57.239321045776336
54.960018302987045 61.49229621296662
56.9565875841113 63.05835404903629
60.079917086764205 64.19509398208568
57.56408472989219 63.1716789694716
57.27027030499224 62.34168283052014
59.839041111942805 64.70879650922704
58.64401412968181 63.788976314789544
57.544469013283006 62.76566628946854
57.03987713059281 62.3876260638166
57.68067643837132 61.64598871384109
59.03868393196134 64.4365272659457
59.62267242278326 63.96183690255687
56.16334490869446 61.71505219967478
58.09450685859892 63.12935175562105
58.63472440096 62.88298812906933
57.886921976063086 63.07804994085039
56.056029747083414 61.60379573377786
51.82934056852661 58.68532122036048
57.22228410608875 63.01596557774427
57.11280240918309 62.384527045703436
59.458925857821505 63.66590021253678
57.4423759484323 61.9492167424924
54.66278448461253 60.3974278348862
62.240950555519575 65.706039345582
60.31378822275145 64.38056410339266
60.3048656564152 64.07035264687205
57.68739019002515 61.460585178290344
59.617446365955736 63.5574173290227
55.437367677725675 61.49829051305268
58.858124478717336 63.78468209096626
57.691119265592675 63.45457642871403
55.86490263191863 60.32723294183515
55.33849958040589 61.52229295074443
54.417942120368416 60.27478257090032
58.61007634093106 63.143755260827774
56.40245167579423 62.37021073862224
57.437674992932905 63.145945108381916
60.04887581143658 63.49059561648193
60.2708771718625 63.59826262872468
58.51783542057135 62.97594969933768
56.481984720053326 61.92207211355709
58.38736379398395 63.0067481104158
53.33328499354282 60.22222786978674
57.41635291177362 63.01484963058149
57.947857120661766 62.992537684432996
59.719739181355834 64.33918052320897
54.22341747124192 60.85185527971883
54.21170246065562 60.6986595398183
59.114285983658554 63.38823422717351
58.49963656205824 63.49164862832821
56.1095444622092 61.738435753588725
58.767722649915136 63.32283396087001
59.625238355170055 63.90292043959542
53.09111348434812 59.68372458607091
54.06638321996845 60.067339397855
56.96803395690634 62.952763045200605
60.65098291477664 64.29768008842952
61.05151418613891 64.84387125644741
56.8768622576394 62.01801660296952
56.195751567300626 62.206456710543655
62.4330865020812 65.72613798259859
57.931422210342035 63.15342443997538
57.667436824603456 62.593043811027194
56.2383534555942 61.07811574636106
57.98255253390424 63.070404675497656
54.52651284531985 60.612811833673234
54.42882636202997 60.782497819767954
57.2925603008474 62.40990253062355
58.332788928142286 62.84707019402764
58.14868522902202 62.938619830176236
56.231263644264516 61.464585496160495
57.64410717492861 62.27146190645246
54.54811094287695 60.640695240320774
59.0227449586797 63.49705765891428
58.714778702557275 62.98477375511372
55.765078269847294 61.90812701787525
56.78698029036007 61.36623255431077
55.817876345358115 60.979340031483325
57.928685583517385 62.389524060565634
56.871083112938464 62.844059772692354
58.48624998683563 63.39244989297799
53.6683671525573 60.34347751583316
56.23196385581744 61.918372015783696
57.1839370580758 62.097815147021194
56.72428300059098 62.60608871745889
57.347123404064895 63.020239385675715
57.12605527321512 62.64117453377862
58.09415724581819 62.55368103197849
59.28872381412082 63.821526416662834
55.669711365436534 61.97320762269673
57.857904524952325 62.12169233988432
56.48584243100217 62.31145149218466
58.806678989816746 62.91562824596255
59.081730503629544 62.93823085444716
54.65745962849294 59.670098286895254
52.93280353685738 60.338631269018904
54.836891976263765 61.22531056255043
58.94643636416776 63.93744199273683
56.81998477940366 61.61309709499082
55.952570064521964 62.275165530704385
51.03428168684852 57.96237546945848
56.37476963235606 61.53899552179384
56.50344509022654 61.283520092466894
54.7357913945807 61.1063143720953
57.40731119084644 61.93801326676221
57.42063487930979 62.41682643980381
54.094593483967266 60.243198302534815
56.32301747611765 62.457227948344816
54.08464221283405 60.53557119839241
55.667443004873036 61.80864250325457
56.19458756260759 62.33335519358937
56.28249914893407 62.02122596379227
59.72589700601945 63.97122830970775
55.00362444842433 60.38215238926761
59.12140190663899 63.99983316993111
59.598289720035616 63.3321112414887
56.90328330034485 62.3923750600747
61.92658340202698 65.31855103003976
56.82151904455378 62.61920201964798
56.0721667878744 61.69801748788032
56.00643658104325 62.50546268951918
54.8676869209697 61.34517788541625
54.478563629739895 60.57473141280736
58.71218233181361 63.426246648891805
57.78751865256359 62.652401306014625
56.17484480889004 61.223550009490225
56.37562945860686 62.44112630737212
56.826889798289685 62.479805476968814
54.2155573933381 60.22074650934413
57.95900532029079 62.82179042525599
57.887530975785694 63.21047946608877
58.29991080340537 63.15440389762109
57.69720928082158 62.62637417341773
58.12921520348397 62.72036624982911
58.95834324554032 63.65128056027269
58.60658587693623 63.03915810837155
56.49362521982632 62.23502871710785
61.3163004277884 65.0060389798811
56.19858706967416 62.63202635304248
53.93306244281543 59.451901908377096
59.673087326488016 63.50624532097637
57.25347517384138 61.983580023414845
58.31795007783178 63.110495335562376
60.23053006893547 64.34443112837393
54.525789969458714 60.42630949369645
58.80826594656623 63.50234116269354
60.88828369592443 64.82298495033993
55.75887072080252 62.15347523858403
53.395453423816726 59.802430494604415
54.193191944973634 60.6949851210288
56.63345234602011 61.97006593917067
54.9161442704882 61.6137192140271
56.108171167171 62.26147398931393
57.231126485123106 62.434003356124556
58.745969817489346 63.30812526722937
58.13447680958241 62.727349508855205
57.66510209604552 62.58538748562349
55.406106945481284 60.81295365312456
55.65683172444679 60.82223274717231
56.28137284012495 61.80502050048313
59.839348193893045 63.71403188264544
53.00176266259765 58.91153443179
57.668399695417406 62.384525391561844
56.746128678956765 62.109400562513535
55.378946279480374 61.25869969823282
58.4795837455887 63.789368761320745
58.49401493347948 63.26881419431896
48.673879621190515 56.786408382878165
55.373036868878025 61.412913350211525
60.47153824377068 64.3720265407352
56.23292828776951 61.68073132293157
55.821538201267764 62.21426483810958
59.89198325571683 63.76180521407081
49.41681598217183 56.914034816788075
57.594400882387355 62.23084932448424
56.11677194353523 62.26359321774976
56.99922781790767 62.982540730442466
60.82222092242445 64.70047871642878
58.5214884566127 63.46057348894812
57.08814472947403 62.79879344953826
57.14252746750256 61.635582719360386
51.87226402039006 58.82103438213613
54.98626960989943 61.47288116709032
54.934519280374474 61.37680245288659
55.83476438375571 61.55980937859936
58.200351792062854 63.785662514284674
51.78216001727443 59.2788860302764
59.03393305689574 63.96586337931191
53.29726908939769 59.91952754995788
56.81608806735822 62.16666822348515
54.45708947633269 60.97205026056394
56.5558967494857 61.850425845408274
57.87067880230876 62.546556084920404
58.61584786064755 63.75867559068626
58.94519319797333 63.55561100496084
57.514515047229104 62.40914708520151
56.615959863517936 61.828373997771735
58.50370414147956 63.19568795704231
56.50511060237913 62.280098659023196
56.06894536834688 62.1997302567928
55.29876827051538 61.51505539953869
60.71016765994053 64.9074553999834
55.89049141812307 61.50418197035649
58.71185218235907 63.35799501686904
54.074444136310134 60.45916567804767
57.171450558556245 62.226871846714445
57.098574777991004 62.22474125079902
59.37635222589593 63.24808461543109
54.12170132740691 60.14063685764728
59.373889870500165 63.83044531079231
57.995969045763395 62.849099930207636
55.68338061584599 60.42728540326152
58.87672766511606 62.92380709806536
57.703445393041584 62.900963725780414
58.37205737005601 62.89952092499128
57.35686069400775 62.538083805902616
58.67183968797857 63.05064535361345
58.027715391313606 62.47383145179423
56.97150930239924 62.440595131369015
58.53713851549713 62.60750737444952
55.31324667015811 61.407966993705735
59.18445673090973 63.99288643017513
56.97754667077749 62.46881917160388
56.7262870838502 62.40141055479324
56.332769820303476 62.16872447962269
56.44867613535291 62.07568379253892
56.1739305973495 62.14122386699831
53.31519445894492 60.25935592425016
56.06241415458234 61.537387419415126
59.85816485636499 64.01790208373671
54.16691945904691 60.61596151807885
49.942778863309314 58.00492112507847
54.97135231119896 61.240101143578926
56.16075702265435 62.14275482626845
56.92705379580894 62.347595421269475
57.51608882676389 61.83200120376074
53.53687760267839 60.10794758922979
56.68209343439019 62.11902525000845
56.20564020031398 61.36263819449252
53.292181337088095 59.404733906025065
57.01615402183173 63.353220452903635
56.500481036968026 62.91901380621271
57.49090716604448 61.64349070085266
52.654226821851836 59.05773325054033
54.27324915680063 60.731310398712495
58.29490328331227 62.84771508440915
56.5374332229494 61.687453969922856
55.8599812881601 61.849108795652
58.22183710365348 63.497662518333115
56.66721868528539 62.459842475779865
54.9505207496162 60.989475005911714
58.55033517690189 63.74654102367578
57.508636482743775 61.66537293218048
57.42233981052164 61.80573695945786
51.73751102454099 59.06513078449196
55.850973681066854 61.96934192475919
57.50403176060259 63.086979278889935
60.64043636529435 64.31129923198947
57.51100586714834 62.02986051116696
56.829995898740805 62.13605110441124
55.63576774109607 61.22876904457457
59.4916914729205 63.70259625423847
59.879240228922704 64.17072737781538
57.63561603091196 62.896387379812765
54.557171817860876 60.84826691846353
59.70335271969987 64.54601922806555
59.111799759624624 64.1877624018551
59.04710199325797 63.23126556652615
53.365653069379974 60.44902444272408
55.92010073554785 62.124586928664314
56.12188249237015 62.08590290782879
56.523591988713385 62.37889050313847
60.90196756414953 65.077178313819
56.04875422807062 61.69029247792444
56.78260867269813 62.35792824494793
56.929275471512 62.45443909301225
57.4231074509704 63.312720398601115
53.331927277125 59.86605929934968
56.244792824178504 62.20495817410988
59.80763730533319 64.02605654724823
54.23287967567614 60.665324119685636
54.57456394742295 61.06539206216407
55.611925661077585 61.513659243600216
57.37392848530463 62.63636740056825
56.69951134454953 62.50091161829821
58.55255048328633 63.9615787046011
57.03134010074785 62.57241350998299
55.71346602251094 61.49371801269999
57.155675666495284 62.07159754670974
61.50546302676819 65.1257405878448
52.112341259275084 58.90499608683843
56.3517714214828 62.09334251919674
54.65679877171818 60.32440932057311
57.59292002875295 62.1029288854062
54.56169002830291 60.73400113780707
59.89892227190224 64.62393510893243
56.106321244330914 61.98135486462286
58.31092856276624 63.12473430616992
57.969812742302906 62.90328396990585
60.247285101590755 64.44958716117767
53.250147038929526 60.03663294342353
58.27241863236822 63.23911619403977
57.58921938844647 62.493706836315766
58.46351888883111 62.39999430418601
58.679789733382215 63.57261600751899
56.87607631043334 61.755260391932616
59.3375526558716 63.88009846499681
54.151907740669046 60.64505187309399
55.0080775046732 61.24177583654621
61.48304042702893 65.32107828606354
56.66073536360858 62.93444818825228
58.41526007631346 63.484682648947256
58.64672589791204 63.92379092747813
53.47577954414158 59.867219056219405
58.114696759672846 62.513856339881045
53.604374405551695 60.046284786795525
57.4880869799226 62.347592539476736
58.79904806470339 63.00073466486179
59.22470349362091 64.2003553743514
58.2025739931691 63.29486651388096
57.409165539594575 62.45537234715022
55.07818975765363 61.0406264715869
59.026084737887366 63.174700080798196
59.692150925580805 64.55067887164716
59.84847282221923 64.06528375302605
60.70549949854909 64.49780029165989
53.74658790129566 60.43544490380832
59.365926666220844 64.03493622205336
58.97700350321261 64.36786752401115
58.26220864709758 62.71701977719603
56.51453000153685 62.21412939254552
58.514426188447985 63.00327555007974
56.019847567521296 60.8722547148855
56.87848788044482 61.883881624340994
60.217944295342626 64.67777158167956
53.971409314583475 60.7478977357272
57.38144195750206 62.58429960446213
52.953905005780484 60.016291882024994
55.22215025794776 61.24447691183457
58.08421293851694 63.17118964120726
55.31777028968497 61.66254308454404
58.073676273518814 61.90467400611439
57.99918729874354 62.1673142529494
58.775735224527885 64.11127057769482
56.6093061843728 61.11432687807585
57.4753997194771 62.458575672685235
59.13548913555408 64.26647344878644
57.840550168503306 63.31870417625483
54.6748369485204 60.469931713398196
56.06411383555462 62.113477939415155
56.55777443118239 62.62121918812157
56.481899561334345 62.00800117830816
56.95339394094655 61.629849410931094
56.25392921522076 62.06851887438123
58.36044089890131 63.44575337953895
51.7595606610394 58.771867956244755
53.94915964712854 60.204472262364966
53.975099234440364 60.40775585075343
53.245614049929635 59.22530039361491
58.69101553073435 63.44858209965272
56.60547166454334 61.107709298931645
53.63615342130049 59.7085572775522
55.2173049725254 61.190842902517495
58.28181628736626 63.34920726868135
56.829585702848604 62.37428660520041
60.05837783476886 63.70933557958589
54.675403402594455 60.56563683742265
52.9697528670407 59.83129400474137
55.695608420734445 61.00095410486764
52.697618562318375 59.789641044042845
57.760615748374285 63.42804709662496
60.24968914043219 65.36911158599172
54.8148309509935 61.18612309086869
55.94351881628965 61.02317443551086
55.93469004373624 61.81099267949468
57.06189120444589 62.515744094886045
58.63410868576488 62.46686291834031
54.96040517462396 61.23201554764158
57.23053564729541 62.828651506866066
54.086556698784165 60.270740413897286
56.83246625950061 62.21247152482378
55.944568536529836 60.46442638229082
57.10032488346239 62.559140133349985
60.63672657514421 65.1872974010799
58.397466541232575 62.675194252961866
53.49622768420194 60.15355179466443
55.175280301056596 61.300414955292915
59.235720344519336 63.88047412921218
57.43910967891411 62.28990479499637
58.16182426579335 62.8520456727586
56.744029552020386 62.91100779370464
58.10303535375599 62.517491262165954
53.97911151561736 59.8405292969227
58.06862807078253 63.42566773081501
56.37009187792529 61.83920152253823
53.960643370892754 60.83370947743413
54.12070212506906 60.17683634095748
53.635559351832704 60.205957280820385
58.40128554801008 62.90339272317869
61.75890598319308 65.28921279210331
56.877368765405954 62.08848600220391
54.23171309234215 60.52931424342814
54.59770183918233 60.91391400914191
52.63040596742292 59.375726398121856
55.243402700469005 60.88799748793169
55.729883387779644 61.535371666410434
55.321953502926256 61.12885130467882
54.90685169633163 59.714040496843715
57.250698577319596 62.63499336433439
57.43507674852364 63.31519785148397
55.098610306896376 61.145408332239306
56.76538806559095 62.161250745954405
58.62486425620419 63.428095770489826
56.94594379480181 62.60233130178675
53.433208700383375 59.27628051879494
57.10842828972892 61.93777592507949
56.610293156039106 62.31360906125682
56.45580740619756 61.65657532331469
58.19189433755087 62.21043383947379
58.019141570536526 62.63074995391123
59.038550459184705 63.07395631502735
54.08133038698786 60.588986562054984
55.90573403018497 62.30793520726779
58.14193210781372 61.97747455933778
58.44464974258955 62.79218977371662
53.86771433181043 59.66663765426861
52.743258084098045 59.53410294595056
57.85929775963738 62.79782809303989
59.71060373334491 64.55357138421357
56.425604649910476 62.81385347850078
57.0144890580308 62.215554780630555
53.93134272538726 60.398279451196295
56.11577891033584 61.6684782776412
57.030136642659656 62.46249327938137
56.41576086958119 61.857934015571324
56.49087950348802 62.12538551541647
53.68035013700341 60.41253322719386
55.37001811854244 61.06145667378985
55.48629448025276 61.22762894330866
56.08878617763194 61.93398278421343
55.89443288803539 61.99823312688105
56.77169416113348 62.63339953107828
58.46447914945104 63.72410913881129
55.15110780601163 60.931200897352994
55.520877480963 61.72733010054009
57.73494739511879 62.684604183132834
53.228744062752625 60.0307874744722
58.53830204223957 63.78614679431328
56.25844433487498 61.91175672398657
57.0214031455415 61.2203355094608
57.48784233545921 62.62567008187475
55.78045268335561 61.80736725850392
56.758994104092075 62.7893393728267
61.26650786772288 64.89608359490104
58.858591639004864 64.05001124884322
59.927986646813544 64.1887272814977
55.8204555816197 61.88283814624205
58.143093251140556 63.26551121200492
51.1853363382713 58.45341493438238
58.09441342933951 62.82372831142566
55.89743709216484 61.91552525380883
57.215352943140466 61.921265847612204
56.179919121409256 62.39678774237144
55.86387834643616 61.119811818947305
59.31879597946949 63.80365428358221
53.81951809201009 60.214974204745594
54.04362871960427 60.72604241738656
56.089027195817714 61.88190926126887
59.52331450395661 63.66245772239171
56.83281966159331 62.69840123464436
62.122598577841316 65.80160003123416
56.80916495719859 62.02494876579253
53.78194742652616 60.193274246036
53.491349803636 60.05185442698965
56.372581718364 62.14304445441552
58.660683673047956 63.143149302427034
55.906188357872985 61.87657248865828
57.0940154147505 61.59906909797799
56.75854720950539 62.128242467602504
52.95596136709187 59.658293855656964
56.23413378549218 62.28339018105252
57.51693470683636 63.04656503332809
52.20237822093303 58.935845380114316
55.78392199367208 61.617550973667726
56.56525606128992 61.63901847223925
57.254303492687775 62.33985018275291
51.22487231155251 58.38148186850243
55.13800010605167 61.272662910773256
54.789222452185626 60.93691929044623
57.411317275738426 62.96946382803595
57.20462995833542 62.3048828762058
56.00614950423842 62.29848650825328
55.10389706020134 60.863113243804015
59.9230724856948 63.814261630443106
54.71427452654022 60.83537315274669
59.4974446779387 63.43449697132798
56.38507012638896 61.786637140947946
56.94891635278313 62.310502347500375
52.67114367602947 58.65637373331889
57.394733139180445 62.87315013353864
56.14335073489893 61.390072613359564
59.02654737355194 63.22027833399266
54.69489610072186 60.431564883595186
55.95145278492935 61.90927427504509
59.70336858997411 63.276673999416204
53.370945975059605 60.29681727655784
55.83256318596166 61.31439302835372
58.366108406813474 63.60547497278455
57.64866737251241 62.42188181212524
58.424206459258734 63.74671936388628
52.23097341139879 59.07399443804451
58.374928875621556 63.408854841515414
52.46659439569198 59.24765192928246
56.9663139582222 62.97481490555323
59.22305771791121 64.15881995802701
57.09795143043334 62.178978177762595
56.02843844104088 61.3472215770139
54.35354640809485 60.21239732799967
58.54114956585204 63.38312123503343
58.37730057558644 63.57591218192238
57.59815048039831 63.292929808406356
57.214066327685174 62.458180295406066
57.17929193102705 62.40388350149948
56.3016407077668 61.96212307489148
58.306982479211385 62.56042004590476
56.453266410843554 61.76017900710664
53.0840462605358 60.1343477700838
60.216098667641035 64.45555647960587
57.50249300619082 62.865707777016056
55.60402885532668 61.718025479430345
58.063781360068056 63.22424310461841
57.572388356969334 62.22345548963289
57.51046979171077 62.982240152170284
55.04207811395545 60.822768894006074
56.765877707311596 61.897353379308164
56.98925899286919 62.07312254210011
59.03741310190085 63.62982612560528
56.27558644224676 61.41275083306487
56.97358034888949 62.22406699220166
57.830883190503926 63.12484732508957
55.425694550894754 61.44824609743929
58.000455585035986 63.558147451723706
54.70238119845994 61.19137436592112
57.97741194059668 63.26516898663899
52.59467622087802 59.01865064307979
58.104433451575325 63.446053048071335
59.366948521471805 64.60794191417178
56.318906860896014 62.27735763481575
54.57621242556474 60.57187356513173
57.33897963625191 62.56450011538266
55.90335976386354 62.33193753495242
54.44535448707327 60.883449696025
55.637984778111004 61.355059576411875
59.22146230679624 63.368358764344066
55.91523552955603 61.6630824336095
56.27245289867139 60.43575016560906
63.81573834357344 67.10097793180059
58.641551536707205 63.413293783410445
52.90228708045183 59.78407838307074
58.508958829396185 63.787702516269405
58.52642933886814 63.53122347269122
56.83791673799469 62.174132916214404
58.32143992765175 64.02689037517983
60.25127306565718 64.62555968221662
55.826526178251804 60.29080731473652
54.07350624816699 60.39687270773416
53.955584144710464 60.26689559759524
58.87089137441821 63.34658085217928
54.42309945895395 61.27567115060358
55.05071893078606 61.02664893963572
59.717789666602044 64.34161397104201
58.965339505728934 63.004269425777686
56.30912798042633 60.99508216237319
54.997240420772805 61.226513908411505
52.46994914648029 59.773100352811355
54.51307155427549 60.38593272615696
56.38124452085271 61.14755304310937
58.21065991655332 63.36695462535358
60.90130249028043 64.39658031956625
58.19282899384009 62.46407821406058
58.03257008470337 63.31284139873721
57.42675790984295 62.51789614455366
52.198479242909734 58.723884902494646
57.692930828090226 62.704421682669164
54.62732087497482 60.13829868049858
57.454387528366716 62.48481691404674
55.703931977106286 60.647492005361
57.41417953141723 62.040532124805665
52.01238096028656 59.38786664486674
60.13371858817418 65.29084264946002
54.214259237523486 60.320108399046084
55.31845663802374 61.34405112205347
58.73208066484912 63.58063799951057
60.03450995343646 63.70990920194327
53.224331029104235 60.237364368108175
59.49835246748421 64.60715884692532
59.47297456062881 63.57043671207824
60.98303751567717 64.7173118353278
59.18515187089187 64.1240516673618
58.58646700257302 63.65091073333616
58.92561421642762 63.31389006768437
60.470143388893476 64.18354659064721
56.14069641821043 62.088003415840184
53.08677724166483 59.82120318490871
57.01825679319306 62.961844180419675
57.379497786330084 62.22698630365875
58.13644296880797 63.38767323131732
59.55385978934284 63.434998859173135
56.762982437786874 62.395654924842674
58.41948376533087 63.98833723507165
56.38865795887837 61.55163731180644
56.89895013412718 62.82000171770589
57.9627673806527 63.807556064936946
59.198840109901816 63.01528365155339
59.979556567332544 65.0340145143603
58.024323252191714 62.391460094389394
60.076835471163584 63.83794251805047
55.38001686294146 61.3193715501424
58.051113781522666 62.796830617535434
60.27988540408088 64.43066705128894
58.9287876109694 63.659073343898655
56.79824908742019 61.958623823353754
58.73335390337223 64.28990375354503
56.98254130182099 62.062664534755164
60.05244113843242 63.512739930766145
53.86273801512053 60.415111470183426
59.34370429007897 63.1227397992577
59.14457008866738 63.58905957278302
59.03828459878443 63.762528857791956
54.53587096635628 60.45242424120163
56.81450882286462 62.79169854703434
58.02418620618838 63.83765014360449
55.94173040595686 62.21011498620613
57.10000390182571 62.98475905905672
56.0780130720301 62.09075647732641
55.009813973132395 61.47273545280037
56.249349273751285 62.469612591013416
61.236631064435045 64.51733879626599
59.96152627244873 63.9359214484715
58.46898206179806 63.842758697824934
56.65289311654138 61.66792130806405
59.272229154865606 64.32533000677405
56.42765330730444 62.47029707004309
56.372341532886175 61.93687269373526
62.336576361488284 65.90334477436596
57.19173194042273 61.83624244900974
54.1477940214595 60.87262024930603
59.056732520384365 63.82278729684794
56.03744389952178 61.45283644771756
56.26966293288359 61.84817522847917
56.84027141897536 62.38253446385217
58.27721368518176 63.41937367145556
58.6221157708016 64.22651922254258
56.63286685828273 62.28741266314617
56.456975385622144 61.82840196033412
61.523619370719146 64.79815171157385
54.83432547981855 61.250161938840414
56.26846477294387 61.80088794139405
57.50691135149229 61.807823623646904
58.31306504284537 63.52396015477011
58.24961145498231 63.75411035697334
58.897551069279274 63.68005931762191
57.05352086852629 61.911168554057056
59.53680392972605 64.32805249370867
54.0812209164956 60.45848277630318
57.102501407757586 62.49255714549112
56.208883897979874 62.48756569586744
59.23017798915012 63.8895960040084
59.97945585271888 64.63117796742833
57.72311621381565 63.563662038972055
58.28890975370734 62.521710268159815
55.907323152870596 61.07839808760935
56.49005554556074 62.31677809519095
56.826768407539504 62.371964955046494
57.434343054322234 62.73120883184402
56.30608637923947 62.34533773858921
56.71742081442164 61.99842125071862
55.77503492057754 61.88871073995342
52.98644328138861 59.52168051968517
59.3398885549102 64.24581383220566
56.41138904015605 61.98821491189296
57.918050325438486 62.90134105510711
54.58326934352101 60.57482143461525
57.59579530459417 62.2392932367324
55.941607255521276 62.28996660574464
60.82429742562696 64.52010608039718
61.33068537270417 65.19064421230685
52.58862585050762 59.939778398904544
56.76785808146504 62.205045298842144
59.12556633621797 63.82872020573601
53.594895772924396 60.37942194058695
58.75683127150085 63.785097109114595
58.34288584420738 63.240701572126376
58.00487710819849 62.363049559425036
60.30080659256947 64.44663761908146
56.9120200616706 61.71507885937549
55.74638644963752 62.17590928047389
55.535800892203696 61.04326205371983
56.843419837299045 62.47432971595002
56.286626836238085 62.41739341223095
57.193295854366205 62.772685457693896
60.67528138702228 64.95659247552082
57.6652445936897 62.23432428755176
54.383100238465055 60.461364071466164
54.83555638811237 60.47008953304347
58.35673427183783 63.55620681049966
56.7221495514668 61.869905250960194
55.08682626962965 60.73007892939688
54.68344396377674 60.9165523325737
52.20592474105298 58.953236197086625
57.5588563235285 62.53094416831248
55.962722738910536 62.26622072339219
60.40718635215927 64.41036069702386
50.54095116030983 58.5834036129094
55.444696978684064 61.80975750297539
57.46576535545778 61.71762121429462
58.27875257711723 62.95357178597224
55.92099211192779 61.658398545900745
54.320347907103894 60.499649744403776
55.23663958585894 60.96725817203656
54.41119326963569 60.76817596279283
57.822565283212406 62.573959125248315
55.38386096917079 60.954871760350905
59.99672973139089 64.80911655701355
53.559982843795346 60.18503305619516
57.85054549907499 63.08758009274564
60.38137992852934 64.35971014385613
59.94055174428948 63.812171993569024
56.49986056706944 62.116270212727905
61.23223388860096 64.94902553425713
58.38820431510864 62.803864758885496
51.461664610773084 58.74055257860883
57.13095874062402 62.68986611117677
56.000115512015576 61.75757928967408
55.90295913112908 60.45282189287588
57.56690054039998 62.87924335662486
60.71801167231156 64.94244966958084
53.41910438900134 60.435753932695796
54.471775146956276 60.702459179547574
58.445473281400396 63.89523589634397
57.6121664705344 62.6161877608377
56.831830335520145 62.647176162432935
56.90846573251381 61.65936101008889
55.93315995457779 62.06822373264121
57.385692917232674 62.86645043023917
56.07576354540692 61.98799421172381
58.512081854127715 63.71328745355168
59.81368208787773 64.64470095360362
60.579977441798 65.35915809907826
54.933505840223766 60.7445208531144
59.19353266746249 63.60756752654001
59.49826324788586 63.25721410894172
56.00039142985309 61.56948291972288
60.93864986262528 64.84308059518908
58.21849890559491 63.1861342670341
53.95471245167839 60.39819921491471
58.7370488779458 63.18572749800105
57.14880973612912 63.08295325765464
57.15284907703278 62.643339086770716
54.003258273539835 61.19751721133329
59.88320005089037 63.158824738156156
59.05059223678721 63.824139787606526
56.11295290464808 61.822022165063764
57.98449742335132 63.05383287576061
56.32329722621081 62.41350812105251
55.97131179810773 62.315038713423974
55.34291294450182 60.94136900511818
53.559154845942494 59.77353999416545
57.3016652201933 61.656862042202796
57.62810456868081 62.631209029125806
57.751062017605946 63.11822601384347
57.77918439620929 62.84545719514262
54.12102144769284 60.81525432135156
56.44610772986962 62.33581639108144
54.58037041747041 60.606101622155336
56.52819145312043 62.418594315140986
59.999074843665305 64.05575642772443
59.39359750563077 64.6624871254929
55.95564237239489 61.90507592174922
57.33843731784817 62.98447987829091
57.24184982758634 63.07042558789016
56.00049981591736 61.33826999599641
57.34123340075867 62.276369401729895
57.51223993976575 62.754692408937736
57.82299160776559 63.026157579797605
56.216327159191735 62.18208206393223
60.73019916356189 65.12675697737097
57.4100506785808 62.0923563413569
58.29951831648833 63.39772636160417
55.16145094549956 61.54196622283836
55.353202176251024 61.57282418298962
56.8902595329118 61.32373464532799
58.166123127005626 62.973254606274935
58.94922020943985 64.22439398165967
55.348268641296016 61.293873895121024
58.45528463898842 62.5904911057075
57.97118596999333 63.004144609766335
55.134056886722234 61.53770505442476
54.21376610658844 60.74670054072013
57.062779482199005 62.91090042723036
58.33702891830985 62.8651296337966
59.05975608850489 63.27123323798085
59.59678464112451 63.965057871326934
56.05846515225548 61.13142458347077
57.20212900755161 61.834579262633156
60.84467525711063 65.08274405453757
57.059371242569426 61.782820313414334
57.266208435700506 62.47173305881054
59.066663193435524 63.91494088585836
60.03463603558579 64.29265071830623
55.87180351805021 62.180051282736294
51.11830940745538 58.675118385024916
56.202217404747024 61.231901315509134
56.50836978688457 61.82954364834153
57.85319050287822 63.6443871521141
56.07247405255513 62.151411321616756
59.61994547130276 63.64636328613087
55.80073838637547 62.02221338076926
59.21074237151478 64.36603276675417
59.61783979760748 64.67691402067413
58.16321677816553 62.51891767095947
58.337987616999875 63.88919552266587
53.56838650519657 60.545429281721276
59.175453344547996 63.43036180597546
58.33064346454109 62.948541775905106
54.25568098670763 60.51122331222121
59.44446163794223 64.51827935037532
56.297013614390735 62.40971920282261
59.00252045440793 64.07001966519462
57.767222657549745 62.741922081089626
59.529642720518225 63.976826694688846
56.844148330284 62.62963885625812
54.56324398025166 60.62951279940126
60.042136493864525 64.97378132018419
57.02455543945683 62.63177957213419
57.30555515930419 62.58771590980377
57.4205419245707 62.944839841079926
58.451830429136876 63.352526692941005
57.81885543374885 63.12087944537739
59.21485301464138 63.40683868138248
55.533872569294125 60.95674322520113
55.09630800938021 61.2540561006304
55.59000445034206 61.07032943401841
59.797968712611194 63.86661838818365
54.833576502647304 61.031386054565374
56.70865991021684 61.61740520218567
57.506511594721 62.784711270192055
59.08411326067636 63.86811084606255
57.13596971138403 62.757865626901356
55.506624171131094 61.94373014696532
53.49594410918529 59.80099610360591
58.28603944143008 63.082691334676944
54.19298411535565 60.5394028235605
55.70243522848247 62.2842212234263
57.18715755593771 62.652057177070205
55.43222411172767 61.248655621530226
56.24904761196921 61.58912691978363
56.514786254428365 62.55962950526527
57.5904092509037 63.228858354741575
55.961989452713816 61.09796629661177
56.983323078730784 61.95346822643038
57.912546932035156 62.67146181907626
59.249706055343125 63.73069683177152
58.253605492544054 62.64732173257919
56.804735839674066 62.6005440304734
57.083251740004094 62.940405583313854
58.94547457328913 62.711233232552864
55.14596975427386 61.46992601600555
56.51168774451214 62.40935886718386
54.14680375782325 60.90143804708554
56.76910654545099 62.22412681967792
56.550508521545616 62.37727213156874
55.370382848507695 61.474221039701774
54.31571028476646 60.350088344680415
57.247784631790395 62.48967004978592
54.94342865718043 61.26200676394491
56.64929127125112 62.40222261950346
58.28150789789494 63.12326738335741
58.48140159386383 63.550121760404515
59.04442417581001 64.4346968690578
59.88031363723496 63.6577445446652
55.911261213285755 61.801904987704305
60.01887433290329 64.58514733343574
56.772715969811095 62.36784336879501
57.8296757688988 63.196583564556065
58.16624076680233 63.09360691736695
56.77225555841133 62.178176097924435
55.01876951545946 61.061178288594675
55.45501075028 61.61957072009904
56.45259622452334 62.39431080367732
54.87100270415647 60.59822999712434
58.502687517891935 62.89972865670547
59.37834344458276 63.21237153499613
56.62069359330544 62.508500465249355
55.67760685126691 60.81285304592275
54.80868744289189 61.328532516898605
59.351431679977665 64.29576729803452
52.289094379867215 59.80756584881086
61.959696926281396 65.5233043762277
57.93443908464798 62.006937951176184
59.16562344707498 63.8729128955149
60.32226102321485 64.25855494004482
55.481043029800276 61.23541582920034
57.05715795589711 61.596154505059204
59.87097537642198 64.87016585476101
56.44058219208856 62.09915603449253
58.214244575073046 62.57811766238876
57.19732488287035 61.67930504827842
55.148460505517725 61.33134031681024
53.554159105391435 60.24682391231529
54.48669771159672 61.04572422696624
59.66715195412883 63.80033024395362
55.088324040315456 61.25997353118067
59.60376912094727 64.19926527815832
51.663052154057276 59.06521328547892
58.66550862750498 62.74162602778951
57.66708412563799 62.69444554343516
54.88437523063157 61.43813015243991
60.89119468170313 64.85157866485534
56.76221133109015 62.501176555151545
54.537353280915845 60.781281643917254
59.37254275565737 63.03216908117953
53.87359280788231 60.691340525766705
56.8837488021804 63.19867025884857
57.68664209933662 62.137882987193166
57.96500278599823 62.65621178477934
55.757782195696876 61.34083194763993
56.027806720500486 62.13161426636726
57.240295436157524 63.266879643244536
51.74837503933714 58.643920126507524
60.76623563118316 64.59395347196525
57.221240234110574 62.965096444733575
56.90963247690249 62.457572324522175
57.87379429017869 63.3539383144492
58.47713054815976 63.277140076022874
57.80126171565861 62.6210587763954
59.61863826169968 63.940245071984485
59.964491298182224 64.51232159117515
58.71361102480025 63.5496925757461
54.3376654915306 60.390463681064176
53.662762614231404 60.38607272570136
58.2105250272195 63.49407189260313
53.87415306553325 59.28928900019505
56.463131833454305 62.25451642427835
57.93136092537309 63.25775406586713
59.99545359246209 64.18572641543099
58.952984405892465 63.45028057944678
55.34690913167924 61.591766410814216
54.28777846436701 61.00815242263299
56.42111173750971 61.66782556964867
56.87573578226971 62.30528502043753
58.38745738687348 63.91930743962697
57.8089340892047 63.0266461503469
52.0420586175019 58.618410767354085
55.538596550411945 61.82221850874748
59.69080415926429 63.759484525418245
57.45651160867455 62.68004948986399
55.12179032363228 60.80740726341043
55.88356759098895 61.94872388329398
60.19257680999949 63.87034488369544
55.40821569792469 61.02979212866309
60.31565838792727 64.53062909577602
58.52531535693002 63.37396377695986
56.65638523051912 62.6955900969173
58.280685654453414 63.04389176655401
56.83917303930845 62.75926776711503
52.66158802860015 58.129738753444734
58.835896788771564 63.13522661927226
57.98479361277406 63.35187466148491
60.3698514844609 63.936250821506206
53.06783469532487 59.678477804000664
58.475020023185316 63.36454016095671
51.618257805106225 59.11779411158802
60.55584327634895 64.48238092078478
55.51486269289078 61.63106429672324
53.60699483244423 60.36140803804321
57.62369647263394 62.307028144077606
59.501661049674546 64.29316488546168
56.44885959527819 62.22460588304629
55.94162382496341 61.45345801812508
52.62042529373359 59.8210292979169
51.89322187031103 58.925420711869144
57.09311713741663 62.323029034467005
58.99347985739602 63.70365119586175
58.480893572243296 63.76118947110223
59.65950104157722 64.96294819868378
53.931670470226315 60.305678165308606
54.596405819150675 60.76945768507814
59.21364020250505 63.714422544201476
58.46820195408329 63.3025924989349
58.31447799009936 63.678433389061134
57.08206469081713 62.214603513107406
56.199782282786146 62.54908748549019
57.18275630418217 62.009999456268375
55.37262900927697 61.748582486634426
59.73703296550219 64.62074701716509
57.15090394751402 62.38858006423212
56.05479975750876 61.47958202507454
57.2591402271847 62.47914366105382
57.79748149123321 63.399866135972395
55.78619608094454 61.932452095627504
55.60547040011254 60.28850257442167
52.74938039032314 58.59701583517551
60.37891289834681 63.78099664964091
53.66339957684291 59.321118384153785
56.98311291822452 61.91597468567344
51.97562296370275 59.22403031788182
55.30590598296603 61.29434477468611
58.56856539310368 63.611853909908085
55.92448434763305 61.629350979869315
55.83263890179791 61.81182091734373
55.6240149480672 61.59686464783337
56.609048655916105 62.48466693999487
55.97499447581643 61.94630386853498
53.748256027556884 60.242243357108514
56.61956329420398 62.108976244138745
59.80627746740005 64.7206954934363
54.67855100606267 60.67875621334847
62.002461693915315 66.0794875881615
55.857297986846895 60.670650233550084
57.357385658409434 62.80101984551728
58.61532630031302 63.81064092663052
57.36445871927229 62.64353203766165
56.13617918936313 60.97785922829849
55.04968417409582 60.72337904309226
53.540859978279094 59.960056215098064
58.291422565024995 62.748700632694536
55.45547055781092 61.4710822325959
57.27634569024362 61.70209121893575
55.613921867255605 61.10384377717078
53.79473079150497 60.33517982723816
57.52511454759146 62.786886491692854
57.907213346616295 63.240422424018064
56.03385006414909 61.73513333496534
60.284434587998895 64.37966915281696
57.55340097061691 62.62493168186001
57.61738302640777 63.33431212008447
57.568608440269244 62.897229325836356
57.27253466052817 62.2224246295771
55.14133541064462 61.08078962503516
59.52825638244464 62.96548474843311
58.67389616676806 64.17832096253967
56.20136982064071 61.96960837199704
60.097041596804374 64.67051707318068
56.89241206523633 62.70644911169245
55.93548178503524 61.96872737026799
55.2243787843313 60.95413280234221
54.90277938280276 61.13288778639438
57.13606681658603 62.694852319319004
54.537383574320266 60.706834724067654
58.54629591933076 63.077889868218726
57.48236856235168 62.816877052859894
56.82921275983906 62.746512822146926
52.41382925772992 59.68349147989072
58.32612643928546 63.63017532782197
60.017523151695 64.97636793195062
54.6056629632546 60.92931994334334
55.13311336130362 60.21468378415488
54.602278677957145 60.89647952607161
55.89999743370969 62.23515659363421
57.90230074602616 63.186490292135694
59.30926734368836 64.42040932130409
56.64650804900554 61.41463869728234
52.56725775678761 59.82061912209426
57.818404017851755 61.90474275860856
55.90641575357034 60.51781371634976
57.23888235352892 61.93363706082307
53.85323104197492 59.60046425439851
54.737272741956744 60.5835204060605
53.79758122322148 60.18124434875452
60.02902527494012 63.94083042296588
54.67871665906007 60.482679933721286
57.04439868738376 62.464181834991024
61.26342774960266 66.12922598537735
56.77061735482524 61.83011787356606
59.15720828487764 64.00881005893751
55.873684775009714 61.11426232300045
56.43615881090745 62.37405619553144
56.72235412613987 62.58832669146891
55.8516641563239 61.76195653865981
58.06805928654179 63.54767258218705
59.08299484893898 63.01353272642537
58.37205692560508 63.60688852967115
55.46293365156921 61.21444963035874
54.9465285130247 61.269024605448735
56.58973993766689 61.424064485553004
56.3813286427109 62.30146852912384
55.09597201699648 61.32449150233289
59.154177405167474 64.0284467079244
55.54566179996872 61.29385261433356
58.359738313710196 63.61739348416496
56.21261662931035 60.5472249675227
59.78146568262323 64.70361792691256
56.38095587119398 61.97780662328857
59.488899859003155 63.40559520839849
55.09588892734346 61.18607857232888
58.332784655701765 63.49297481614762
55.03078077611018 61.190992659241736
56.31067948187856 62.04157029499988
52.086040688929295 59.1291564581372
53.93708071458124 60.88241161224173
56.32305773180904 61.22038437148894
55.30874731349285 61.45200166275576
54.68126282161852 60.742410754449615
58.05335232288141 63.459647229713084
56.778521123902095 62.34560601891147
53.596458985203014 60.713400700738354
54.334301442672015 60.68615287065096
57.07067857226023 62.28366640801085
60.52583889230883 64.53758338913433
57.94442146333987 62.028565072526824
56.95008232149176 62.742280805536396
57.83711149703574 62.368538852712774
57.1329286103004 62.64773982958497
59.32428294394316 63.90066648793002
59.23634112096644 64.35032648703871
57.04840590827203 62.87855467884155
59.55133817971267 64.12265644014015
55.28942659143815 60.824935117825056
57.03673604057952 62.84157645955433
59.1205149178699 63.635452551089905
57.778266837875464 62.244314961822894
59.81094942206892 64.84828460606333
54.80228439178631 61.26186013008907
59.40599509389155 63.31417718978198
56.50287713977565 61.88802580782493
56.49144105452418 62.56396888109566
57.57032403910585 62.42312625242737
58.60745449760407 63.5928957890226
58.066509875855516 63.4537434933241
54.99938625468136 60.98759951452226
55.6641516773781 61.924253168129404
60.043890308999025 64.28632888215667
58.59776054725129 63.22516024775818
57.953578376563144 62.98353555930176
59.23597719496874 64.28872510580818
56.991777559274304 62.27946801253202
59.08161348681657 64.02218488221276
57.3806310634614 63.03328447608882
52.754547424579805 59.60832829066695
59.6773168757152 64.60291604941577
53.56827326253335 60.71425040529661
53.33430338920695 59.86296520409086
51.5047960781603 58.53316525048666
55.713185647175116 60.18237629274739
58.68973619740779 63.289863796429046
56.38550928612965 61.60818019768021
53.66149382607631 60.55613204945648
56.13850242152663 61.77228597642554
55.354905808858305 61.0172337485068
60.23352118498685 63.88934457417388
59.32633569683953 64.1014482935329
54.61186099515561 61.176977629244355
56.164478910317925 61.837888831192565
57.52521253923579 62.253232549020545
59.69410029285403 63.772180480768874
56.613499046902305 62.580071270773495
54.15339882188396 59.470893472612474
58.50724287061739 62.8231204549351
56.69226065283636 62.16885618921418
54.795357393078504 61.10945992536217
57.804221697325794 62.82962247716226
57.37482624751506 62.914587222826356
56.10138386527778 60.83838735289799
57.82632650136684 62.99746726446215
59.579419587301025 63.97502156053471
58.37958257754064 63.83846865710612
51.572463391583284 58.29761362092719
57.70543526828475 62.76082434117354
59.02983095537039 63.617043815357064
58.59099431894392 63.41034938211822
58.40128686238435 62.96899159280147
55.40876771295133 61.49910453446046
55.48683050147252 61.61167186769594
55.96141788735234 61.85337619813381
59.23596467558152 64.75916986168882
56.128540521431546 61.62867764271828
55.07757256096339 61.411226280284346
54.316774045776604 59.57071769355466
52.81855972013286 59.48530108371263
56.108975580114546 61.920273724385986
53.88409340042892 60.005732207133256
60.19794053054823 64.6442876063338
55.45781792645445 61.575470340748176
56.17581274608896 61.561249007995166
54.446717724399015 59.831420097634755
55.34495522213754 60.036079820303435
57.02862304463451 62.376567023598646
58.57730997478949 63.072370560771525
56.739602491155374 62.322942088724645
53.60010204003848 60.43989537950798
55.10577027601012 60.80829086047443
54.44233324367157 60.6105225621708
56.45983834397526 62.52715662967482
53.03754221255396 60.12467912156608
56.17217768880897 61.8042110791109
52.259730835264854 59.65136948568668
52.61976558973798 59.596114948789875
60.7076614986133 65.07836199761869
53.97966167587978 59.628374198287105
51.99834595326498 58.96528781069882
55.66144211435559 61.21252939397324
56.42935999186245 61.489621986540016
51.22593993604491 58.536432419455444
57.12977636716975 61.861472227831236
57.782956428892575 63.62012280814668
58.11776092032549 62.55883417668767
60.76392428759791 65.32511279990581
55.43552009256487 61.47216361596004
58.625383739333984 63.21499085010512
54.83457384465365 61.33391429801994
52.364740539614374 59.41823598250273
57.11057885496046 62.404142230786306
56.68101843464658 61.55861184688115
58.42897210302733 63.306468759575026
58.14429494084645 63.16084696188873
56.358374117319535 62.146035552736436
59.03243050370872 63.12675847907031
60.95086100783362 65.17810466727491
54.46224189663324 60.77910229807522
57.97361942377762 62.94653759689528
56.96710817105279 62.92832235965203
54.48586450052556 60.95440995704112
51.89581251274826 58.81924022936255
54.66866832495268 61.03610730234006
57.06509038829678 61.96129971996921
57.24417615810472 63.20912803887846
53.76000547826214 60.3499622984816
57.188692937737166 62.89429597576965
59.12073097340516 62.97673707880623
57.965029597504454 63.73809323287081
53.786053637038755 60.81822734608495
58.65005072133012 63.82165842784387
55.24014016025423 60.64857786194197
59.793605033943976 63.826879763553954
54.99397680479476 60.933177396367945
60.11165383566868 64.59557518135522
55.52622120892624 61.126387208391385
57.788213075584295 63.257774437951625
57.985791869228116 63.08017130778626
56.80198511156963 61.79123689675066
57.32955975309073 62.49525041835752
58.83240689036875 63.03120455156229
59.43229827098539 64.30500891875171
49.866438896156836 57.07900704108712
54.78012667639719 60.7760027009335
56.63388792510844 62.46134133182495
57.331374280984534 62.62600729696443
60.22912426167522 63.91452436476695
56.383223435534845 62.04380776291352
54.07431160743235 60.57709973938589
54.28154323171642 60.80660906161547
58.83338247364158 63.63052039066576
61.984011495850304 65.24998602511565
56.61216539794466 62.868495844929846
51.53587967484818 58.89016365847779
58.584895490935445 63.823218868631294
56.09581938769293 62.42978427770092
55.62848788958219 61.6518416241797
58.92582621097402 62.90177697177064
58.64132035899407 62.91193691696982
58.055041647753086 63.262407972741386
58.65222061924044 63.48350676345606
58.83604361642616 63.55254247155559
63.123305355448736 66.54319763515575
57.783242120310064 63.17436766301908
52.994704677178916 59.79209793471074
60.63790429676173 64.91446186926541
55.61066496113259 62.08980560777695
50.75339663882402 58.263175313551166
53.32525691779137 58.8704340483437
59.20535008672277 63.64351809228805
53.68456314211117 60.33678258480484
54.539987736365795 60.924391450907414
49.7141649420792 57.51536489785617
59.33529740431107 64.05451761705481
59.309867925970096 64.17097484019232
59.54441729737836 63.93363191559796
56.94387276967332 62.70475838871673
51.64128497005399 56.864687356711656
56.96803023877672 62.33026567528618
55.504791646153684 61.757396710950005
55.13552277661135 60.93337609439655
56.6752309146431 62.843950828350714
57.230786441620694 62.415828859080456
61.310780701415325 64.64923053133037
55.861242894546606 61.90614273332902
56.92486699616449 62.717924101623154
56.35853217087491 61.554279031730054
