46.34562218395764 57.824361790395656
59.826378114295835 68.92993717689853
61.3396279770986 68.26114822051231
38.675025010416476 54.83211589632399
53.07599914872919 62.87330894745332
54.658805631246686 65.05474377348993
54.27206357171089 63.02704227188614
54.290859247415824 63.10050176999663
32.39470289939833 49.86927989023545
42.243488542306046 55.21995658666761
46.62287966297771 62.53347662393611
55.52484073529327 65.68039344201252
57.228863976935614 65.91616887341486
61.94222292343362 70.38794062770488
63.28636594035189 71.72613819287002
56.73201405917536 65.24508743326817
58.192425024101446 66.4868644922564
55.57824859473892 64.27854013093433
56.254944943770056 65.22950252632266
59.414293855181334 67.39675460046332
57.73493592930484 66.12093113487273
49.942113927811185 62.27831031012103
50.12101535490123 60.01327387762568
56.19318802152102 66.0729499894851
48.014339855566355 60.3219161997967
54.77672190913548 64.95380539723622
59.082823316469636 68.14817385367982
44.30683133461545 58.691318962895345
57.71957130649088 65.69901931252451
53.5649065833233 63.15998339369313
55.75435228237948 65.0689064893989
50.9400683312119 63.18461562122209
59.260771667648186 66.85210876632041
50.88642400417186 61.75846592701723
50.126563588402654 61.26570351794216
52.52944381025137 61.93850766191368
46.372018477817946 58.69106008887534
51.82925165910033 61.88218963300974
46.1812553821634 56.939629933447634
48.72442038191269 60.59337575145137
51.529716488630456 62.353199178094975
51.427600494761556 61.41203276478724
56.00506782982287 64.83493501894488
50.04004484810889 61.315198289847736
58.095817152255975 68.33473012812095
48.598497325499174 59.28620840270803
55.2628906568899 64.86268606160016
53.821593998978855 64.85489667214296
55.89922551150261 65.06516458342227
47.51790273411268 60.02518250052543
51.8264102969529 61.69849663449248
56.65046699545431 65.63935863472305
60.15870190445658 68.43937783277791
50.69286668692402 62.05262871752916
55.36238672075836 64.65470113675539
59.40767431746724 66.75581839602708
57.818074064421765 66.54897827827429
54.56937234188018 64.94342390598223
52.70842029890403 62.81983588540245
58.40636975922773 66.18465034740554
51.98861867922917 70.28469249706639
55.48545353182497 65.09416461458477
54.896496728894455 64.9784803595013
55.59095141157398 64.91916700466723
52.154180765807645 62.4810967467111
56.756623728937214 65.67964562318019
57.601813176953506 65.03051286731686
57.64375950847269 66.35664854379667
48.948765019283414 60.91902494765735
38.44747152394042 53.35582019287088
56.46007850617072 64.8786695944887
49.76009371193199 59.47900768766131
51.462703504612065 62.06214425833445
54.85926803384741 64.6450786185839
48.7682395806019 60.11746757870092
60.4354507481329 67.93770692536795
57.74082368399871 66.34433114925727
48.835982492787934 60.67556075265531
53.80614823058589 64.15796131596257
49.53622600302322 60.437771717704436
52.342765062302504 62.272757108590476
49.14078250967456 60.91421572024792
63.414669635539084 71.05093106843651
51.72817430472583 62.12767131907984
44.292590817762175 58.501318573534434
49.670763596025026 61.91988976754819
44.30119498104195 56.76951943919219
60.83570544332778 68.58351862205355
57.53442616329501 66.27438339710251
55.657558573040305 64.393005229952
59.43723651321064 67.72604796504791
66.07777074634092 72.82355308212604
59.52591817450442 69.65635809610674
60.67396954874245 68.77167729513536
33.820748190961844 49.980576098788376
49.97091407328795 61.37085799970585
41.136480846598886 53.37467667344991
50.291053897875194 60.93053700045007
49.29137973842186 59.86570033680351
58.5710383907672 66.25102897740707
52.59380181415993 65.72325002951294
63.49703575641995 72.61328210272796
52.74687380938084 62.78916723960772
39.86709093971919 53.8105529195383
57.1664675280038 67.32520285321458
51.56748321749331 65.82480226280131
51.64092810763026 61.005230454643794
58.253103293249275 67.9339885331885
58.16624786590222 66.27432199875649
61.50609966914177 68.69612342599746
55.42899180010566 63.953699377481094
51.23816422780939 61.182888126872726
60.66484871782993 68.99136508890496
58.89029109201399 68.18677995642366
45.56932597741273 59.44644980514953
58.36680314331331 66.09774879992638
54.925125237600575 64.20199333304956
49.59099173621622 60.51990243472726
51.901854824246136 62.967254035488395
57.48760301249259 66.92599675013378
59.28380168606116 67.62331762851598
56.593928882630046 65.48819304560841
44.411391598175946 58.88533559910235
52.60373644450948 63.43672298932946
54.0633456924617 64.75506230241564
60.686966411635574 67.7190695289484
53.13515518732532 63.64202890710674
56.09292982523548 68.26323112063211
46.63979824889193 58.59202621916274
45.159399788783944 57.49388060310791
54.79541388426644 66.82374010770981
44.96760800215993 57.80358887358646
45.63210528390697 59.50206382595792
59.65573179318859 68.48755592638035
53.58442663023209 65.69487072612274
48.89562363998945 59.77853308930207
58.54697690475104 67.04123857396809
55.184426685797895 63.65589269796055
59.1125168356137 67.8386340708959
60.347767106754844 67.7496194206434
62.57926088037157 69.37888748846069
51.220117149956344 61.86508456791327
54.82568045365109 63.66679579982417
56.34385010020324 65.49019880451114
48.44004084161785 59.74119932225749
54.676625245083784 63.56486611292312
60.09406490340294 68.01910266293582
51.92321882951985 64.10734606590702
56.99606782282102 64.64717845770895
56.93013535363918 66.07257793941643
47.23207356703365 58.16152889433753
51.658499166637505 61.3571659819193
54.17179373658955 64.44146391827523
52.42902557397813 63.688940196278445
58.21337538553731 66.47267858628746
56.09807432953721 65.25495415629229
56.208508626269676 66.68797464140381
42.705425978334056 61.52513066553643
46.00529137331161 57.38141967806511
58.048891566662206 66.88889980467194
52.03454069349504 61.83421393498065
49.16862254154314 60.162216883612025
66.25539625349573 73.26543883334824
60.47974687362643 69.39343368793669
52.300949653797645 65.66341703496052
54.26831927700419 64.69273773009691
49.648780514246546 62.08441455459397
51.65129951908212 61.923241347835095
48.25057656521456 59.06626151343916
57.4698725450316 67.13447020221709
43.47833086393368 56.10018294212939
56.5052101363493 65.09248906105478
54.488278680275 66.28061676926292
57.05920179346762 67.13261789546877
54.577282433816904 62.95829629408038
54.600954078770116 63.46404227879881
55.59250787311238 64.13593431342188
58.559023642236966 67.66975578379574
61.54564708261807 68.76472957307193
51.82487176632691 63.5120227763564
57.72536388486631 66.68068910765632
53.63652478331018 63.37487358154706
56.370162927798596 64.22174306501647
58.7080856808567 66.78087382613349
55.81561198869532 66.03701119275621
56.16928445145562 65.11674220045816
53.90521395028331 65.0076139877999
53.62875095038005 63.84746164232819
56.61959294084321 66.52684901278108
54.54005679557667 64.26710183228144
52.98570637522405 62.908654517864264
53.814447996646834 62.47326199841983
58.10981504443037 67.35958268764729
46.428473662513994 59.41841035034903
57.70140451899416 66.9637191265223
50.38493153636841 61.39651107451708
60.34799826271285 67.73866476418964
49.20954734504993 60.16403818297544
58.199702915624265 66.42210022770615
60.134796353226086 68.21092501121898
59.572247208452346 67.84423550576577
47.87893067809723 58.61363340990231
51.80964567278011 64.01847197018209
54.71172975734431 64.10453808097365
57.954279757510044 65.89645206679118
51.21177109834845 62.289598194356856
48.00781287155171 59.32328291884978
53.283723416583726 64.26704831362342
57.97754854156106 66.68805468303361
47.12562798255936 59.08042998812823
53.617945074854134 64.27162991795629
56.05793082076295 64.31683050519959
41.09830179785502 56.68988055995093
37.930331978159344 54.0288044545159
56.68453466130449 65.19710938896445
61.854025940458094 71.29495331971442
60.548367014867175 67.78272479886513
62.78716856088788 70.94223220314115
57.80511153785506 70.82945079427772
52.0609163541607 61.791695983406676
50.86905644506723 62.905037867661655
49.3301379365569 62.70545956374991
62.885311863326855 71.72490243439961
54.520982260698894 63.559491835380776
53.69154135706609 62.92667929030476
53.879498423554814 63.55015593422371
60.35175970308125 68.26971739584795
40.70365293340493 59.87859909796041
57.53270729978502 66.39705040051913
53.44984701675528 65.1707091749578
47.234897639415394 63.677248819509494
54.76675106106956 64.0548483771342
52.10991229664838 63.64695384231866
57.4752615813923 66.70634342254708
54.516798773607384 63.60682290697953
56.63714682960458 64.69275631836337
54.916263420179234 63.78857828995313
53.85382176967003 63.93876343765254
55.55026075893483 65.35771465188634
59.44302555717859 67.31792744954276
53.330217579419276 62.28551846608704
49.97407183026438 60.121621951782956
53.303963105525426 64.45560460336483
54.1079709607255 64.398919741457
57.122351365436636 66.19129511931514
59.64452425938289 70.14708279147618
58.70785435836663 67.31422641112168
58.0076968766941 66.2939634300619
58.84404809965219 66.09122008498224
53.962904987365974 63.51010624081961
55.80488957957067 65.24234162163324
50.50856144105546 62.49179655743478
57.23964528894102 66.12038612549394
61.1032084639711 67.71303642061577
56.80080526507408 65.5232537784121
59.20080009147427 69.12935247978798
49.48637944525945 60.861177623207325
59.61706923729167 66.90984621241549
54.00994743906245 66.11087349040274
52.76913242404486 62.50564636676221
62.59074401680923 69.08887812483037
51.3516383645073 61.85176543897755
45.708995769775875 58.84727614401501
55.55113479144294 63.780283993611846
55.13576488971767 63.56439594980842
56.56296604522205 67.27858173647401
38.35478113347895 53.884529705029536
55.564072523698805 63.3618956657903
44.59611117234127 60.262340794285485
55.191846274948134 64.71042806381769
41.251908917373406 57.402698764407575
48.55109840094214 60.08935145788079
56.09785772516725 65.76762320836413
45.24355596231005 58.917719432329704
55.603082265813455 63.945519406346314
55.84436059802858 64.96012567717423
53.09239580130488 64.84856193723186
66.59711729784622 76.3481978146032
44.88459233754793 59.46153343031224
61.839030917948385 69.23845477405965
54.17874058110158 65.19495511943333
59.12288130953252 66.81453986494581
53.19144433292188 61.7780404713732
57.027482238909506 71.92382170312322
56.86894472695774 65.7054123941891
56.90997926556825 66.94132004628109
65.80706461870743 72.2278213125394
50.299689025879744 60.10194629333495
38.374723200830665 53.9566589824368
58.667811871936046 66.65578353177978
56.25186302716468 64.23706735004953
50.30638583555378 61.57142682675934
54.959306384392114 65.0909292439113
53.965721267780104 66.16674376327548
42.56737724862331 55.865008036852934
51.84720644014 62.6247939161553
52.229793892327905 63.28151969114968
49.22429054658818 60.7733505321554
56.42238022393614 64.56573065051789
45.349273699250986 59.83536718904386
52.24807446263299 62.04522139556337
57.273054005086706 67.27655914538131
52.629224474655814 62.491156676597434
56.04806228338723 66.36140112190935
56.28982865756358 64.52730394438142
50.83363974420916 62.79036819535892
59.29824794751634 68.09768800537086
48.52877525978029 63.3705530876875
56.976093185783924 64.8674077235192
40.68320525479963 54.796084814999226
52.247036011839384 63.53117592003185
59.14692345860594 66.58816139381572
62.746933129157505 71.11695391309696
48.026748069728846 62.84461136737426
56.5640582387823 65.04178546139005
52.492406875270746 62.80728909436195
63.90424086271966 72.12706232829733
62.64621459213052 70.38452654912491
35.700920470573145 50.43434002600104
35.9008016224933 55.67613894992732
52.94784084337777 63.40243943104595
51.017083537331615 61.22078223471805
51.169776387792176 63.56572440710705
57.08477669547422 66.8626854543998
57.832583509217706 66.36668550304495
51.64826144751325 62.3555730772368
60.742937440192236 68.59480982241246
53.943113658799305 66.91017101353108
55.51102100532586 64.10772400525062
52.032592528934536 62.02438702547064
57.66682228264034 66.9661444854279
53.39006248931651 62.91688154119952
56.143533861613435 64.64873209269261
55.324118529672646 67.41503566993516
60.71063989932766 69.60844802341468
45.47567855661787 59.696720554594144
57.56552126614503 66.41517074277033
57.10378669868947 66.08325242695418
54.19452708277589 63.86586672559724
52.3373231767139 61.079853565007916
59.59019744233569 66.99260831794528
50.55973990726271 60.83868095780677
60.08684981678623 67.00362662623071
59.4929273386779 67.52070779599133
59.930996833602066 69.52517212811152
59.5533277156419 67.9971008489681
56.284372506228564 69.47780154874293
55.464587635896116 64.38580824107962
57.19118317681656 65.72139581196816
51.92607473159648 62.41593396290378
63.418976390598864 70.17760609102622
57.26709055245565 66.44966813621333
42.02929429356363 57.79696812829559
52.00981900930138 62.24493242368051
51.472637855816785 64.40113402292278
54.265758734851644 63.93028226981956
54.559427835915315 63.496103173534415
45.853334985435424 57.801079539143096
44.5050697231855 56.480003239393476
58.85757246987572 66.10934334616041
47.808484673159725 59.27864187263908
52.90599926959058 62.41214283765461
57.41159083766292 67.04339083599756
47.599284281317104 60.262001260442155
50.10838604613137 60.41680288001936
57.69611504067834 65.30473340075284
49.74789872508122 64.11046468299661
51.08707945647253 60.452929111346904
55.216574088393095 64.621228810262
58.81956469622488 66.90181317099197
54.32124621583986 63.93672151698544
49.11851911507529 59.98739047225238
48.34779079463665 59.83100096161522
59.73436649602851 68.65000029340557
56.78110043081206 65.9761422117022
57.68607128839407 65.0966664231388
58.0570300079493 66.405145046472
48.38069191165836 60.050595868675195
49.2761053909472 60.27904436479069
51.03601831056491 64.30866468948496
49.62388374531276 60.22808169650835
56.10106034631188 66.28090408151387
66.73956807608857 73.10419719944782
63.2931266920792 71.04034133301752
47.83707772582715 60.28206596098871
58.226102103995956 68.52200182226781
43.478427158073025 56.08978057606743
58.90815607204815 66.68337589403309
59.13179344463712 66.71428865148214
58.35181238573822 66.75810631823127
59.64522995989435 67.06349780139365
49.480590540482275 61.03135242502379
59.28469492935459 67.04555488843457
57.48864249565278 65.02619182536442
63.59236260313337 74.46204689147729
53.57777415476945 63.16566381240387
55.624176990791 63.96363117624383
55.939775926268844 65.28418089087927
54.46945876579075 66.98467405878715
50.79960437924792 63.77758795805391
59.88306659956204 69.79472860767629
57.151459391329446 65.47485457487929
52.4924761162875 68.1640162513328
57.535877252225866 65.20822415939597
58.325658304623445 67.82701266676938
52.852127653746734 63.09239718338018
55.79381001567046 66.92800240169505
58.76755929221677 70.25117667502668
59.223146014567426 66.86355164868314
46.64175897725213 58.889934221236885
48.96680528853766 60.752769669524284
62.5461830084873 69.53845223560673
57.935424835853425 66.7785262548209
53.97526360607298 63.568794529637344
55.3103898700017 66.26762028738095
48.312189985388514 58.71313757549775
59.10193237488851 68.0848276317905
49.654918102144116 59.655759956406115
49.0741120783222 60.210983946276826
61.191998978615416 69.43539601371839
54.86354057263011 64.30585791238072
60.29753345659425 68.5032084592036
59.54150972177158 68.0473601034084
51.99592696443478 62.3012860842123
46.395878555978356 58.982038107348096
59.62137676023119 67.62638240938867
47.689551476214014 60.32719170931949
48.83376702111743 59.69336883362594
52.712300256296594 62.503471626160895
42.12431180287557 55.42433735702654
53.556982417279 64.99089973416766
53.52672187995275 64.47127220273822
51.660054388517935 62.60218673482588
51.87070969280864 61.82379422511231
54.27431017946824 65.09423197402063
66.81244326459542 72.77336095699879
49.825063402691626 63.109743724359646
52.31878904898211 63.4134451813288
61.092510183299915 67.90447443829747
52.8074446124165 63.618245524155434
58.61215676072079 65.89578282099319
58.35805502286036 68.67232356989757
50.42768085102452 61.754724188791926
50.61829174087014 61.74394721627775
61.52257129799867 69.86507990055017
49.458069049175236 60.86249388915161
63.107545390285985 70.90550110095886
47.35174624392025 59.02851174709103
55.8972339232859 64.477408028545
52.734087242021616 64.18626863812077
54.92888168103589 64.91717594275653
37.7983528379493 55.142609382600234
54.78360356572097 65.81237683064455
51.3177783401503 61.92728546901352
57.83523715533572 65.95794789508078
59.89976583045167 69.75842435033603
54.52640758697942 64.26239081462123
52.057956517584 65.30738879478541
54.840376772154734 64.23269853368957
58.48189483259297 70.15066091558481
59.671113009422434 69.86635285916219
55.79284814484436 65.41098584098408
50.96778782452682 60.905594973238536
64.74903194207556 71.36365868660654
53.195772420398264 63.61873111084738
57.149037479741544 65.78808341886486
53.6771667692771 64.12177922840515
46.0968735873893 59.75246606685845
54.631683647945835 63.038699030263274
57.24749886290805 66.56344380883407
56.60843016520212 66.61843180760913
60.94521301695361 69.81506755645617
45.59194368448921 57.944370136199225
47.21923676935618 59.641765934473085
48.70592291667757 60.583918624757764
51.180552330794065 61.72242667617855
54.46578906373714 64.24847261722252
51.1310094313321 62.18621319363484
57.05296021764106 69.6472319847716
63.04755479909118 69.99290019725889
53.347982163740554 65.41034744825653
51.34811833200391 61.85821344526639
47.414375368892074 58.751115316436376
52.91443737270568 62.30151122249608
50.761787944678495 63.67905263162152
56.17264980921672 64.67672909439928
62.502573507738155 69.87354407716599
52.74962858598866 63.503786578220165
56.861110622361934 65.62101655888993
60.551860409755314 68.94963886828418
57.84397788257509 67.52643745644204
52.96884287247019 62.234470454544585
63.91926738394631 71.53969367610914
55.94216418455399 66.20542017389934
51.268450471438676 63.0767763824263
58.74838427480157 67.39917456550118
57.707225896121706 66.72124837559528
54.99354607896359 63.15853898605413
56.81942217798194 67.46584118629718
57.2393746090733 66.0132179427417
58.6125202438329 67.4659391357701
55.18583606635818 64.25737175432737
55.334099841549424 64.4863678369081
59.19438009377967 67.80213860590183
54.65450140502304 63.30129073684164
49.56270108439437 61.72024168321835
54.83717724611544 63.51864592581493
52.102394376319545 62.55896359639186
42.68667620320236 56.18713460443552
50.558575703860754 61.06360624249241
51.99523183035038 61.49674592989822
47.91154518898577 59.42767573745305
49.411387997644574 61.060857153768886
54.49261543171031 64.42259542959786
63.175487909135796 69.55233157579929
47.11615424238816 60.0228115342108
55.66979827342385 65.48713684542244
53.6931020582155 63.0347698115124
57.154504124453084 65.15697438361629
56.69232094265802 68.4735156899879
57.11659206212243 65.38991463357623
57.635931744187616 66.66889182988523
56.12116422138284 65.03846237545864
52.95012564288001 63.023943173452295
52.59786529916278 62.571656417905835
49.27491411482448 59.02296775083477
54.625870012242366 63.74670342451626
49.689089571371845 63.2802277309235
48.042581905416135 59.377885741807695
56.79618249509738 65.26721770389754
63.4943410320023 71.72516564161165
50.04956771078082 61.684537339586086
54.92508829319901 65.0266690468156
62.96266522199776 70.86426824573816
38.33156096141006 53.89871120171586
58.54145048800443 66.16650336197297
53.524409365290246 64.21479788182867
59.645287181240455 68.42431054008907
46.028348404640454 59.48627896051716
47.67606617902816 59.788853848004926
61.36070399677925 67.50349800511651
55.18209978447287 66.1861719859388
46.443818967293105 59.348228670496184
51.48399464271889 61.5551730881991
50.14536468544365 61.24986331783274
51.825698948278564 63.615072285263956
48.452489332581465 59.673737066492315
55.63622910153674 66.43426754716296
55.43316169992878 64.16729588801229
46.333368395935544 59.83102031727565
50.99513540576535 63.1651523144332
59.7270755340912 68.82806727063868
60.43118776067909 67.37846653959417
50.448386744532925 61.58216764645209
56.07129501159502 67.31552198181261
56.611835722803654 67.6356363105394
60.5930240550136 68.35754836503872
48.27438570722727 61.19404037079744
56.8672030787882 67.85505626243169
49.2901455076766 59.73306294282005
49.99429006897604 59.68056044782008
54.64208671349496 63.611027020310566
54.08848005674148 67.29253450101291
45.91037590559792 58.55004058329406
60.97470705005202 69.28319432989488
53.73393534151498 63.71897911260033
44.999460935107 57.86848487997928
51.568614287038116 62.43086604695454
52.34689684133363 64.36692055300539
56.02567514621115 67.41940784640184
55.240328197669626 65.94104743446495
59.24085816533969 69.64479098108822
50.72168442885472 68.15541302054409
40.768267183730195 53.20449180095593
56.7571721224826 67.28653727671653
53.06793923207451 64.18773848445244
60.02643960009362 67.86261518917594
54.08427359764023 63.34580562197494
46.999751644661146 60.56932221503809
54.161341162153526 64.70998742028974
37.58295943107983 52.83606138513811
59.462527617454704 67.24868407895018
44.63763942055897 58.73471628996475
57.083361482087824 67.5148547730408
45.48965529096375 59.942114839004624
42.90895991805987 55.66222882643124
46.71757080535536 60.87215046967856
57.31602307996612 66.29764089887362
59.403477204532216 66.47033122770192
46.01303143300739 59.1078226321304
43.65810232687305 56.86523537443797
53.22563379580895 64.83476400122197
53.82113108401077 63.68703534824258
43.51033545285434 56.57812969837496
52.08390775338183 63.612435141232886
45.97327871512345 59.57283009282178
59.97140058642819 70.85853814317859
51.930862863383936 62.58378198295381
55.052833492217026 64.48408528126227
56.138696492714274 64.35441634784418
50.55327678081219 62.774967957329046
51.615824667919966 62.43724843488235
32.88347756222037 54.385695720266156
47.36968974609004 59.278819185694246
49.16991833808117 61.664489822125624
55.47134639324581 67.65806833562988
54.882387002085814 64.16081888760105
62.231588355432805 69.11935689899975
53.92654498075142 64.98576152594416
44.00262035225251 56.6869664753697
54.53215893788128 64.06577723951833
50.73278127386705 62.57648664165417
60.46406752177899 67.4000244773609
57.21239729238324 65.48449525240655
56.46604256397422 65.62014176702216
51.04007359905838 62.014756361152926
54.5494517229333 63.29142924389481
48.89735063289935 60.25932231846278
53.216366859380635 63.18367361822065
47.72613267003045 59.51792465544844
54.9237223778734 65.17067680632252
54.90180831804032 63.98845448072637
49.143108779960805 62.21746702919755
55.580822456103036 66.59176305909581
62.24728108834895 68.79486691774514
53.464085641697125 64.22331224384268
58.304138356858374 68.94081882065792
58.78597365336192 67.76187151633172
56.96004885364084 65.98896252305917
54.29373547521084 65.23482848827489
51.28898388876614 63.805884911433246
58.62908615647271 67.77596049463932
57.01905547468985 65.05687224613574
55.479521870308496 64.34521180380531
60.586584594896294 67.7344548529521
52.853629911944175 62.765434302746215
52.552705526350294 63.70106881191024
53.491313416173334 65.01658468784157
50.79321541587788 60.99468933020832
54.930978921614205 65.43031891279638
56.08304836756049 64.63173839837681
55.692541490257256 67.75598276444181
53.98151669742196 63.89880090662814
54.77403805510575 64.12892234722848
54.565094106900425 63.45389182714854
60.54233808296093 69.61968136406732
55.542981532780914 68.50417096838689
47.89659921305836 59.42741143033476
50.97557224129162 61.094371324051195
55.296932121561746 64.51218563920938
53.66133716884211 64.06228998054266
49.08059258206508 62.03564993318163
52.84298750370177 62.573638269822084
57.229836820633196 65.291174687101
55.604150097733594 64.52364428350691
43.04370932620909 56.51121864769666
54.766893657974165 63.68447824465948
58.221544460584234 67.18643067552097
54.25648234352959 63.937608266139385
60.7069200597142 67.64534860115371
54.57349966753746 65.04616789836163
45.7124301709171 58.704758909301205
59.45916470144735 68.00094270366253
52.381635459669845 62.46328691604725
52.98909491987974 62.63178985697802
60.529967566439396 68.66501387369091
61.835767523740984 68.88308201450639
52.886539886687416 61.97877562169516
52.665551819260926 63.180443624445104
55.45917430755129 66.79110149978365
59.099260958443764 68.8020481439202
43.97312576591568 56.5224033098402
53.354873584004494 64.14489326725362
38.91818602522838 53.10427305423314
49.506423113782446 61.7773556985916
52.44098140974331 65.35792240498343
45.302678304961496 56.98304290690956
44.63044979770094 56.65411593080724
55.71884962690251 64.34650457214507
55.181261442049106 68.05543823703276
55.063730826079244 64.06413117017233
54.29257207373044 63.22882849810298
44.75133308306919 57.80473558744425
54.329197555105104 63.39471985371756
49.14728263355339 60.286166875986396
44.471171123161135 57.43075877608267
53.35689630548999 63.91954701110299
56.93133767211214 66.74441856921031
44.60636552235941 58.706294813696715
52.660370749889545 62.76669720814988
60.20680369601031 67.91325917726968
62.75143855104689 71.15305312336092
57.391866186607714 65.64627837191352
56.456283486498755 67.31745951599983
54.948590271390636 65.04174268360468
49.57327315926063 62.70139758296269
28.650418009328185 48.83086213681287
54.0352667600601 63.785195303542125
59.138846251598096 67.15004695021013
51.68366837055573 63.32527967944056
59.652037705844755 68.27155949990268
53.00073108822944 62.35188893500127
56.80833041012344 65.42290338003662
47.01771513144436 57.8851764823594
51.18158688827463 62.20084330150212
57.23039528948043 66.57209613464443
50.09283539553565 60.90494842465642
54.64966901001791 64.09441560542909
52.643113985100875 62.50818813179893
54.40658435913781 64.27539316970787
53.89058262427367 64.5009255875415
53.815634606591445 65.3403903473556
50.51843629950325 62.1697092230203
46.03899221926486 58.029211933959274
60.43520295894463 69.20513862784973
53.06642866174919 61.85769014385931
40.32484804228989 53.94898136689362
58.463180415724025 68.23832736897735
53.10100399737372 63.76951453318134
56.890045368052256 66.07964933976423
46.94812480352397 58.1960591193557
46.954677385976 58.78252961961464
55.39406123761334 64.46876907370235
54.32148054735988 64.69933190835376
60.11926341263589 68.57433382868761
59.033928178774744 66.40991212586543
36.8864684925174 51.371304609197644
58.234558865480224 67.93514542492598
58.24970835398607 67.53258697501948
52.929126989001084 64.09264708736933
55.39675558457999 64.88051677374474
47.56569662532304 60.521156427298926
52.726167167250374 63.314185720543065
56.145646490626454 67.16440460131327
52.7338456077062 64.47437786768627
57.064984469731904 66.35717374794815
54.28065832394557 63.01509217155097
59.42610117526282 67.7468938691483
57.22817110768408 65.46634844944093
50.78966089745553 62.16804055161843
48.552382073605585 59.965603582649514
55.75200889809337 64.40832859134932
59.80387838488753 67.79324197810625
56.958807428245905 67.80997829899158
50.914412021990486 61.83467152115324
56.9663844782656 66.79758967922339
60.90175614687526 68.73159386256559
47.745015970012176 58.46510845822457
58.284112851210466 67.37949478606738
56.044921766427144 64.90186919457392
61.05132923594727 68.69188873383699
55.99711585963945 64.22066619105301
62.12363485410372 70.27068856063012
52.06699867670249 63.640401136176
53.16743428735022 63.265731632955735
48.595334852284566 60.26162956128854
56.60055346235 66.12359973222877
53.87991148561505 63.1752937848787
55.490017895120424 65.30827809456011
56.93163759965115 65.96980262213962
51.68484375723661 62.02825111427172
49.22297434433813 61.1296510139451
51.986811781434916 62.465807141669735
45.08065188507397 57.84766936252687
55.109928895652736 65.51748676844088
63.63271403887362 71.10506594831428
59.157486786138584 67.1522123499586
48.34952196204423 59.8222281578528
50.72552156062242 63.745948679516665
46.06903950544386 57.827235037107975
60.83820360204045 68.8186631680185
59.689180911229556 66.32867088250002
45.840193307671385 60.60205789835823
51.33855563005043 62.01418079398074
49.32990006288102 61.524501135881856
61.42097387400476 71.91247051330846
56.583001192503026 66.92023560680825
56.39348287725417 66.14365548030479
49.161512858136646 59.87319342362464
50.2268059247936 60.81583496792952
54.877745947608126 63.55429938299648
55.0220176018324 63.64771915037641
55.30099735268818 65.18189846338706
58.97990408045555 68.01282006204285
55.59628872734799 64.15068398045328
53.054823107547485 63.47647158796292
53.521702367968416 67.55650702508221
55.70050661417311 65.91595045475427
58.57471124681608 67.63959321765844
44.775581902715686 56.7647704034487
51.70983113030355 64.90407934174223
47.895231244963924 59.395564495628776
55.85237193623633 65.38529407567161
52.740956018886415 62.70373482252443
50.73457666864939 62.507146949461465
61.01955259460553 68.3816009099521
53.70250708210068 65.28250008597239
54.17479801999999 63.55967384249702
45.01294973971345 57.65998075980024
53.551023288519 62.690702487438095
52.49359072383817 64.04449280951839
54.954359718613645 63.846297390969696
57.366334813186235 70.25871253042735
59.932311954497514 68.14171431949178
51.1272022053122 61.74663122356672
42.87608956829166 58.16695007078652
62.49545670727151 69.8754129338179
60.542171649929806 68.80641269797111
57.858743883863646 67.75534825528257
57.79485757238081 68.07969759451778
54.24148663963164 64.05869121258876
57.77306305884472 66.71450506459125
55.080038811589766 64.57470938539493
59.04987085926207 67.31000726817112
49.52421149964629 60.905351627564244
54.57865606777425 63.00027814072568
60.75314705463884 68.21730418591751
46.15870203529355 59.26887613695391
51.684882709646146 63.30549448618498
51.11687053306067 62.127554744450066
37.43949892289526 53.42508460359129
56.88227355852423 67.590280380716
55.6949064997301 66.13432851372517
52.95950770020022 64.72354808778607
49.171747956336816 60.99867703653435
59.7042801270916 68.79348074420068
52.942532928436854 62.644763262333996
55.21123604343781 64.57526192381454
56.65614452039436 65.41143754208008
56.594896058806576 65.12480866383642
52.237750086863656 62.61659887885594
55.21877778811056 64.72485977145979
56.585512829185 67.06832345046482
51.261431144067174 61.463058839320034
51.35358996262175 60.85366917005182
51.78239595550613 61.476486717902645
54.11578004726199 66.07760397021426
54.82934234112729 63.86826818086627
51.551398819393185 61.94709050413519
51.718486400643414 61.505328148480125
54.528653423961636 64.62150336092509
47.11571112156354 59.71751930305348
49.05134583639897 63.88618591919809
60.03994459948227 66.78731004356779
60.032316077291505 67.76882461793865
49.396005208418146 61.65208160079086
53.22350099702724 65.14395355829234
52.50669386715049 62.65990615485555
54.507109382770324 63.78800175260098
51.751652149613335 64.79790477903776
53.84654877517927 66.32888737942694
59.485829629274384 69.13544908168595
48.620503092020186 63.085320646804036
55.20552440777488 64.37750162207178
57.862410324263124 66.98637371329508
49.04002744020251 60.8858241327245
60.57965359885269 70.01736234612737
60.05739164112974 67.69114642420419
60.93385210718905 69.29508894558182
55.572544980121116 64.98973790234356
48.69293488812702 60.84800694266411
44.51791752344189 57.01507748028319
58.01966463278857 67.25004516389386
50.224204114257766 62.580161355735626
56.51581670610855 64.50873137230136
48.48089615498532 62.87838054177095
53.88532934740089 64.27167709087483
49.4694037161265 61.20864665301654
61.123227069196126 68.62954357888432
56.69797221162966 67.11786146439972
52.60726391930584 62.67444439711493
58.214630796622444 67.02242927861602
53.90638022824953 63.72798537484337
55.01052461152364 65.22094951674583
46.817765740717455 59.02225784159954
52.421978827140315 62.54116515163005
51.77572648932226 61.91334099658423
47.185205320301854 57.97083117132241
59.877401449833144 69.02397558196041
52.97664344552567 63.696843621522426
54.990040325135546 64.15320531109265
64.44888420492622 71.2311052387489
53.014655106582936 63.59919240264222
49.18979972888797 61.51839084576011
38.87695625137042 53.87724611028676
55.041133520804244 65.37471563742979
57.435138129490156 66.26456288643136
59.56159606858127 69.4324315437099
50.913070725944536 61.46201877575335
58.55803184342221 67.47487620087098
57.775037804761425 67.06465300687701
55.94910059069419 67.19637096107593
44.11605353033938 61.028738794927946
57.125766024082125 66.99842240574448
51.04779551502424 62.73020352756763
51.7755819966276 63.49852964409365
61.44266558979125 69.19191055007892
48.003867376137194 59.50620005907621
54.506030636320496 64.1469219263065
48.681065147173406 59.419088632297516
54.447055907634166 63.95187630471535
46.020059932320606 58.003457669521836
49.77476567446115 60.814897931793816
55.196103878666726 64.93489911673494
49.29608606863992 61.7829353609464
61.78020927427601 69.58667402631451
56.84096961448671 64.76630988215747
45.90647289238729 59.32234718695097
60.4448237243674 67.06135217877895
53.451355880026256 61.82449527788858
54.78793761527815 64.45378300298847
58.26685559161589 66.85180907046761
60.444920947261444 71.09921371059545
57.438561501654476 66.37128046942199
50.64393429609788 62.425664370382705
45.47844189844522 61.019519860748424
55.783815024254714 65.00819315001496
46.094969436582204 57.934258099682175
53.3636770981789 63.09260150463381
52.2698027920927 64.39217220469853
52.455118478421724 62.045049974821
58.35725560184944 68.0318619585813
57.83277379398455 66.62625575947813
49.82954865261992 60.64801186326878
53.08226784031312 63.13854919941259
55.68588812618397 63.83734535535046
47.437519513897826 60.75754404224922
55.295287838289035 67.03858050119598
64.07837392599228 72.79621489005591
60.69261554850575 68.77322133983382
46.65795251365858 57.83275605769913
53.47347966677166 63.17007176708035
46.89159179352799 57.98117993740186
57.88555084499649 66.49983306802017
54.631185094280056 64.79500451546895
58.18343455922306 66.22745673928657
49.77737782037561 60.08722645348909
50.850381079674634 61.98230921233477
55.378871981804345 64.16620225350557
58.8972406206381 68.19184164105694
48.08448736383789 60.99767973837795
50.88282875157957 60.24055726504681
55.84297118823774 63.98455544683096
53.04386000787119 63.24185578457857
56.26641355907347 65.19865367967233
54.817291605710345 64.2538995066996
47.7579270882076 61.29800892680506
59.287542540707136 69.10487511218183
57.50897868829476 65.87125284303461
45.8761597752145 58.25815516091698
56.26339161358109 68.02884692917615
48.74529473101927 60.99469412170087
49.22064441549367 59.53218245078032
52.95224182865492 63.976809851445395
55.39772081971496 63.88886354816102
39.818675339889964 54.47226617488855
56.31284919927858 64.95112195057924
54.54022693332416 63.301273228857994
52.538350956799334 62.14836061936675
54.188329962722854 63.96865705824379
47.193354641718464 59.58271110187524
53.60086097985027 63.94353035271118
48.48759615442627 60.397743413459935
47.477153508088115 59.54244379106766
60.17375038797788 67.31363899017607
63.089562989234885 69.96796268479284
54.08475950613164 62.341630933932564
48.9009437282647 59.85637409225617
45.69068818350903 57.67442462915155
49.546384253196415 61.607518321429204
58.84560391856439 66.95907612577452
51.60155716305474 62.53263405523352
44.12314439179549 56.98508465954845
54.567223815945894 65.24078430080503
57.66471334542755 65.21730616158725
53.40698976331407 63.74148089833948
47.906134232699344 60.844143184353335
54.95150314140642 65.72231808772467
46.437794713791774 60.12808364520898
57.94958010304518 66.59315368561069
60.08818084153737 69.08590594199737
59.285071466100206 67.38187531449529
56.402810359886566 64.7829730131584
58.608765756444804 65.76417046440395
42.688939165524694 55.45926750924398
46.74154484282835 61.25980719031945
52.13495009855487 63.13380532176023
57.3790562790807 65.78462645838529
51.34404330022466 63.67943703657449
52.4329443506675 62.32200635961905
53.27300488411644 62.65983939822437
55.653502868432966 69.06232616973922
47.20791537423057 58.692802287230116
51.26342431081435 61.64281346238506
54.805795931186246 63.53587551873487
54.82261575479259 64.46253075200694
52.25654312394505 62.54149683970122
47.92886785196583 60.088577458694026
62.679693192598606 68.81799989917252
58.620601639425715 67.53430365378053
48.821469024019976 61.874405696911815
52.44341936158533 62.99753066376086
50.62180808707088 61.72263786674417
54.86539531318479 63.90679407334053
57.097375090797954 65.51135469534806
58.50019664296918 66.09501002558956
55.06319533304154 64.6294927837627
54.92696809922444 64.61486459094876
50.014177210440096 61.65303229170555
54.81057994317127 64.79306701552716
52.72946645824117 62.703462630217054
52.410246851815806 62.70238960337034
61.022339599229 68.9770825197032
45.69953629322024 57.78325468984572
59.906476998080564 69.38841786303561
57.5960406897739 66.15184082342994
57.97765589478355 66.49277662176846
60.543928896681145 68.80259809145255
51.9939015544009 60.725413763558784
50.156778145848115 61.44852755526251
59.989661089416146 66.54557474599562
58.433864087094314 68.50953764649483
61.334657693957865 71.08479922288257
47.48876970944428 60.34781424656881
58.90966247849352 67.3020774625416
57.939503736073455 66.94810352013566
56.12765799750576 67.77562549728361
60.802063784386846 69.78005889016282
56.775279566176735 65.06138688340758
54.908206358944845 64.24526448620252
51.447581763266015 61.61621163562247
55.134207231253214 63.180323816800744
58.59843488325625 66.27692619232023
54.29801182522425 63.458602631661904
55.97167312714856 65.23416122906605
55.471953407336876 64.21768690112022
59.32218897251473 68.64371622199441
51.46756326671387 62.418766190321406
56.53530135966257 65.98903303886132
51.11155306049712 61.286315080365796
54.587134486523496 63.036671998593015
47.67157543918 59.5414435148879
52.330566960688806 62.901144386342395
54.678157400713474 62.941468206359865
54.56620862572377 65.73772715319923
56.68099206553217 65.06143821111158
52.74507250833693 64.57645620582149
56.057795013445016 65.83075326466367
52.83966497910761 64.04618874889528
48.01566921770899 59.81665284745497
60.83709048607054 69.20669187188047
59.61763765185366 68.04452764778881
56.310150021246194 64.77805604007794
55.271372761893375 64.51662327686888
42.171129861257796 56.014531991045146
60.78714435104211 69.74557527429882
56.859590484846485 65.08195179603352
63.584850649689216 70.21672263126935
54.09472167573533 64.2321737961443
57.14801591141608 67.0428492602296
55.69636791417197 64.93784728748105
48.11078833853587 60.344377307632044
53.331899477406665 62.97334988195752
59.92961864671426 67.87691355091634
42.97267898580594 55.82253520654994
61.072432828674216 69.05849242871525
60.78377980431872 67.82064803761119
43.79149869430452 57.90519717577403
64.92259455096405 70.70665602997715
56.38290084115506 64.91890864266121
46.98793624972401 58.687916070411354
58.40966086736977 66.68423274097583
47.809747950524105 59.635534873293835
56.270978597894974 65.17727890744533
53.91911579448672 63.829425405577986
42.9316825594471 59.23318992143699
46.198044993589555 67.18071532326923
42.57786536150646 55.64582984950208
49.45059975891253 61.601271869407306
56.785989400735225 64.76817364793781
40.48265955973098 55.03767527594373
47.74401399908146 60.01996911078472
55.79049844587815 64.42725990771972
51.00227430530301 60.92331619700055
56.31070464896658 65.07492026562826
47.593832658758835 59.926941032136064
51.644973097448606 61.67828960665849
52.41840641978464 62.667427042895405
51.527169311852276 61.90802521319433
47.80676737887751 59.189325552970665
56.10943172526927 67.65148855958206
58.62253029967709 67.70266141654518
52.429345275205876 62.10629431550015
56.270428818493635 64.56141920371444
49.80433870972526 60.03184874218103
58.814808656681656 66.69980456260298
59.07227238057454 68.52697141736432
61.371112558030504 72.0474006384735
53.24774474076819 64.62179358084151
56.2971259204574 65.50357990617762
54.4028656220115 65.4822596677064
57.845394479975084 65.97282655134349
57.9253158804887 66.10524140632674
56.97605425586653 65.98739798020381
56.521211761318995 65.7076931217246
50.383715080717735 62.58997652601574
51.53555808817558 60.90163436004032
43.241670020871155 59.24895570207991
55.69267739366215 64.62026907905722
57.59774054684244 66.77400617934285
40.67272781879692 57.894171046898755
44.60204056740255 58.688427508330626
52.97542135596076 64.38724140872039
59.086496050848965 67.92899890268566
59.28946260395971 67.57853127015277
56.77052072457271 66.89031724272117
56.37268350440163 65.44219035139503
43.6029526033716 56.52896145166051
54.94415546980694 65.61651834374973
54.581047083064085 64.85478601496543
49.7382146649012 60.977655345550524
60.372294126197765 67.31612981587504
50.77174080032781 64.33765095562036
47.60464088861704 59.4362548320307
52.29775886261216 63.49962158944413
50.25974059978989 62.87954864661175
53.79549151216222 62.561039546997
54.57785822966015 64.2304956486479
55.413716279039996 65.8858832178377
56.211325633209874 67.04657726757773
57.55879396252438 65.66153953766866
50.442173926408955 62.009075031618316
47.356233358015224 59.38775289851835
47.51217510607954 58.20656381683102
56.07946103607377 66.93528106555242
57.95483577168757 66.12725044583223
53.174333328950155 63.75165356040253
54.91133957796571 64.87290370939041
31.42589164169392 51.0886862355988
68.23893839799862 75.93199338746781
56.51776946324088 64.80587596940553
62.79069343920104 69.62389339491118
58.10754077172148 67.26931524242697
50.834363935438226 61.89568302442663
60.78602770052629 68.62237691857705
60.36946486966584 67.68383929810453
62.20353862434345 73.32344683988285
58.02591932311092 67.58928509190879
47.994242357446545 59.254199926275994
50.862049767564706 61.6627139355592
50.62484298615166 61.475627974171296
53.40789522529197 65.158613614677
54.62973494691317 64.4654433582519
51.73363250990582 61.67125837273809
56.61387447704633 64.9263238436231
46.004397757343995 58.166513602434115
56.36591812654401 65.5329370084932
53.13184144256527 63.9043603963739
58.48839758730342 67.03722077249691
64.36982170097504 71.50004485124455
58.82610204266397 66.54544673227585
59.22547376828355 69.49234296720563
49.36433254568968 59.63237353870097
60.850040024351664 69.15360488890238
48.39434138245623 60.1529551256888
60.421777426728696 73.2659481541302
54.42458188819409 65.13064800325823
58.74397672343613 67.00754418165344
60.7476131672607 71.53416022362626
53.87854928004054 62.676654063415015
53.35104756091952 63.71066532034732
50.76259898390192 64.39342622793643
54.31956695826205 63.433010254757946
64.51767696459561 74.17504198406813
51.985428969395095 61.737887647388995
55.53807892434567 66.14387253568239
56.76888183870115 66.82143224517907
58.40438065530221 66.44990248085072
45.24132765286074 57.67641102144305
60.28215354563147 68.60536554444714
51.67453571685483 61.52827849370347
60.21900235449736 68.15849041439792
51.248127294543195 61.2295736007304
53.18148025023412 64.73535128403451
60.17652417695583 69.77661543614751
57.47615651413219 66.14960936126157
52.764826199662544 64.1679216084837
56.795128111321546 66.9969674738785
63.349097577854835 70.39032158726822
57.79586431460165 66.21110562168563
52.36838815947907 64.00020043108577
46.46882260060775 57.52369569043694
42.638451867882836 55.276991558033444
55.227782442997835 66.2543931104775
47.82279222913653 58.45068908640135
54.61456628513212 65.8365061752972
50.51823340015648 62.510075693209494
51.0452871170265 64.07286628858687
54.64726548984954 64.05480588589212
51.9446912480542 63.37031677358005
54.10695684330869 63.647834671971175
50.88949034224378 63.97425249918098
44.628090310626945 57.478874349386416
52.881637631249475 64.50748540510835
62.92133232899012 69.42412745116674
51.29511175221493 61.72164682724883
51.43507177625019 61.40361426074008
54.09268712791747 63.43790633913744
51.84812965716561 63.32885731595013
50.214058922663156 61.251937653396034
58.3390956871319 66.7377657331604
56.786812434850965 65.8232331416093
41.36127397979998 57.06164567428121
64.90450092256829 72.61643761048263
55.53062768085156 63.52037644666306
58.33895430508968 66.54629174993
56.501241749027116 65.78066068124635
55.70796160295234 63.91446570750621
46.25468530227672 57.346848087512285
59.25655340257012 67.34643984220926
52.250582433320574 61.80091771874808
53.68894950630378 62.3302411081314
52.5743922646794 63.34275252894144
57.695655073098465 65.85045620550935
50.50198878220238 65.49190696454633
53.34558712278742 63.16408055358098
51.5399021020152 61.901991542345755
61.50985450577879 69.2609636931988
50.62449180359146 64.39031937718862
54.55621904119864 64.19783875529096
59.22669343515205 68.42989826885062
58.064245164714485 66.40515298377228
49.00092650966441 59.6129945569286
54.748011746214296 66.0953193604806
64.41983822763125 71.05792075145655
52.9247850670382 66.38636183013685
56.308289928868135 65.23809180100672
59.608989381846435 67.51805223940156
48.278915051388964 60.02478945554249
51.09041411475221 63.15789288205597
47.37394359110905 59.62666472080925
52.49440408315578 64.52039884056408
55.523596878063486 66.50332962118983
42.57503314265743 57.08727154122312
47.96653728515734 63.2053327916158
63.924602049788085 71.71331725695589
56.8840634293557 67.76225295429224
51.32683332937241 62.36293007326392
52.05417160659914 63.29046773202103
57.2023800570222 65.79107596484424
52.619093107840854 61.93701615425102
64.34231984473348 71.99407307769788
59.52032305961847 67.20303385555847
62.376221049369875 69.17697588546712
53.31988515375806 63.68905330038169
53.836437440428604 62.672394565705204
60.79112149490196 67.565127410907
56.21589969471071 67.52374241775304
57.125779408502744 68.1941279875347
51.2829382766574 62.473972083616886
51.04283467294238 61.14253208761374
57.76693697232095 68.58454217869794
52.89532989475362 63.61881558357656
53.60921348821371 64.83391594042679
50.93846407115123 63.62052288460596
53.21585934336456 64.20331592008529
59.1094144782783 69.37661103660949
48.39310686718401 59.954398441813815
51.583833300846116 62.07383777608408
52.91091911648065 62.677833586662345
51.594954856454464 62.209902249086724
50.9644564261581 61.493525128056525
55.90334629410697 65.55653732313618
54.73190106314402 64.00551793722707
49.247810941680136 60.48500249028913
57.44055675795208 66.99464373731995
48.71997748938484 59.379426028504746
57.963524050593996 66.43797347178644
48.90522658548088 60.030261301114585
62.936850496838574 69.13428796490075
44.646660434087174 59.968270982486374
64.54073122376288 71.58240000407783
56.36135869099147 64.94210989821569
49.22253829252145 62.221222236315185
53.28362757986897 62.99426667151911
46.739664398161715 58.41571916741964
59.83438045109607 67.66625319820693
51.731369224005306 62.512126044855684
48.830070651015944 60.16757216793106
50.526009114699875 61.53169381194484
60.13056091180612 70.44198484901231
55.415887812302266 63.69203357527183
58.44097267484343 67.48218033042227
61.242780699505865 69.32337601531475
57.49571896782672 66.49144034914869
53.143138966414575 63.728521811996586
57.26876472684149 64.8816881519143
52.60656266492602 62.93365065885093
41.43575805663099 57.56219575247402
57.999165043846695 66.84337924379679
48.98239233449649 60.0475096040577
61.16677712189328 72.80185610540532
56.303065035690196 66.66571041990534
50.55975000948683 61.94322167627419
58.38876761363061 65.69242143595758
52.57145654142746 62.627053150252394
57.580540160737335 68.32862627417082
58.085387932093475 68.1647248458626
57.75335464507781 65.8366008863412
55.300847500937365 66.15876882836923
54.3699012730941 65.18306063247742
56.49319682356986 65.39846031608116
49.69812082237061 61.54208184117057
57.95671181935326 66.16839095537817
60.14063141456629 67.812244402391
56.2699473877203 68.06589263792146
52.995412596614706 62.07325360476392
57.86572002830311 65.76918320523926
53.03673040958261 61.16080185168846
57.11732130076878 66.42227205009827
54.304640380516524 65.08996665483224
40.353589518534534 55.14338059420932
50.75472164429867 61.50703521075257
61.558869844125184 69.73059033043647
36.18435293317773 51.910587309283166
55.95602174150638 65.16021572319359
64.63540454650406 72.48369246995732
49.65971170426548 60.18351195289171
47.00899259750383 58.317086000967336
56.43799223214903 66.38043092368898
57.7046859362933 66.54425833852315
53.476686074745565 62.95279380113856
52.52633711430729 64.33090657843633
54.63061073169764 64.19888777989077
57.330139958405354 65.35763990543013
50.72344789886728 62.181613656405744
49.75005536036166 61.04464936337295
52.23791716930348 62.72131814845598
51.915261739084855 62.975496674640596
59.018844883128345 67.96891967814194
51.29033670793329 62.003284411358216
57.696593276332216 68.08116676437731
53.69480328761869 62.684272894193654
58.29270105927459 68.01481642875345
42.92257068805759 56.13320245740117
43.2946043329433 56.6467828235556
52.74652285086121 63.82001801399006
40.23021534372112 60.91324403847824
44.7648367549308 57.33919998846566
41.72578596551589 55.49116897405981
56.12943138473648 66.89219809704655
56.162610610077586 67.99163880796519
54.5307733367313 67.43279138572065
62.58839426843824 69.02822818512928
53.28586844711755 62.253879648196666
61.67849319775216 69.68080617113384
46.31651965362727 58.88589737448741
53.04793117271602 65.01196349222215
56.15583665910007 66.12094811881465
59.82470181563684 68.47546779657601
43.849587764763825 56.36093532925541
56.4867538186786 65.68601092239632
65.64753789837465 71.54602680185644
56.37925909853971 65.33242823399613
49.74292351416636 59.95458984111746
61.30410511754903 70.41915153990891
48.870696674172144 61.76984535062505
56.69829292359001 66.25687230251468
51.70979484781657 65.95697872699625
54.28022182696019 63.80412867262977
67.26883428784268 73.42689527855815
51.60192385123319 61.90786629172044
48.354980109049535 60.401920033332864
57.64328260191882 65.76312010469188
55.512622192325956 64.20514071429648
52.641098636130465 63.27341365278126
50.161028465395844 60.612855434466006
64.062573218628 72.16698455358942
58.788764494332426 67.02770634201747
53.74816055803773 62.60094699833605
46.34562906607601 58.974164159150796
50.87222892121868 60.114889805492794
48.8722640266436 61.34806656827848
54.169696435156446 64.01909437604587
42.190833981611526 57.76898829637154
57.58880652024201 65.85395219503359
37.55532368092494 52.393231186683785
55.55096302173153 67.63381485242145
51.84815115269202 63.56551975333046
55.994842229386265 65.92014371336008
59.04069223650343 66.94041534957485
44.769060831071535 58.76036872459596
55.14304318578865 65.29269599497746
52.14642252299433 63.61065694179165
52.27597465468873 63.78349525681052
47.69009617593664 60.11078416748526
53.09488990014164 63.37487888994872
54.04161546800008 64.24939608957729
54.716424029388676 65.52234556508607
53.635233318112334 63.36933132408077
54.802595762608 64.41839810606555
56.05307301857948 64.82894511158555
54.41797892668014 64.68743041979802
59.71132505055238 68.67215278929685
50.9781124511563 61.145207080643175
54.56016667349936 63.7943531438202
54.24634296015808 64.11249099504747
49.56291288685752 60.96927729019134
48.67953386522222 60.20453928483014
55.100316311102695 64.503492502659
51.91488133860759 61.58903265535146
58.36046140287527 67.65691127567317
53.611921764332784 63.519129222720295
45.84641450890889 58.533949898767084
60.66797077721916 68.32858668147972
58.96088280191315 67.48803323136518
61.89242955309887 69.22493236925627
61.68689306794223 70.55055736374645
53.89995374158445 63.10347212363986
61.82978380587009 71.27537984782157
56.587183607842974 64.58734865759746
55.26223336711214 64.86917175141892
57.9455590619178 66.49754677475556
59.03014697093598 68.32589535663395
47.835338294697195 60.61466147930202
52.528083474978324 61.35381506988495
50.95178391368946 62.82035183304093
43.73865903838323 59.35438483395981
55.52505153390249 66.42529672226536
43.40173988542638 58.18740989910931
56.83438196559976 65.85118696397332
63.02818739503886 71.67441167620927
58.210159565684776 66.0367427357024
59.524644246599095 68.97101392377343
53.122140599800666 64.77659295171448
49.22692851717777 61.44036200612257
53.183574947646065 63.94686415730347
44.86002417489093 59.1037462831983
58.92951925774194 67.24213303270993
57.34092593775517 67.92573793418077
53.22283317298479 62.93074690012989
54.18887094161079 64.68057770005713
54.46411108890183 63.563931456392865
57.166706393578515 66.5631413148353
52.30468267924468 62.199621164457334
55.55751606296688 65.2413075530018
55.19347631594522 63.687932352210034
48.12524409596779 59.47458585240134
55.87586924486414 64.95101108259814
59.44538034144907 67.43233650899391
51.7307273976727 63.10074968030906
56.23249311553328 63.911866061846645
48.35321517795817 61.28819734688562
57.033754173259226 65.51300928607527
52.12160745293889 62.00952971654001
58.55560141702996 66.58706078957846
48.41569035749763 59.73401205261202
53.39694915664197 64.11527557330798
49.076508951103435 59.776894140070574
48.46142021622276 62.467955548179425
34.501393785648375 51.84001805449682
51.639232663738746 62.32588578892472
58.944490883969074 68.10040298198903
61.31313812702112 71.95164226461894
60.40061622973269 68.96806462275373
51.06943094439694 61.90763127522484
46.044200288207506 59.2595014809679
57.299761963996005 64.9215283008942
52.51360136023037 62.05496494071954
59.15826277432327 68.69042781838024
58.333824633099766 67.25286166750334
50.2938655735191 59.698696882391815
59.86731968226783 67.28059839486122
55.163183249717946 64.79793429992161
44.92142456220152 57.0733988031805
59.90367912381106 69.2121021366398
58.14064922130071 67.20413240877417
57.62104108392305 65.16128485426638
47.18296792899457 57.82386396702042
61.01231562277099 67.52212099536935
53.66134296527321 64.25431607315646
64.42216523433909 73.77884026906308
62.246672072760724 69.4890139555943
52.984571530788884 62.411171756878794
60.86386532446316 68.97216241675335
53.738311034249136 63.138082257679635
55.90452259668478 64.61360038854058
56.73900786482132 65.51017450523736
59.46981406093672 66.99648810156617
52.161662970091804 63.9585714272981
53.593241180135955 63.86770709414233
53.56106059124077 62.55671668650813
46.886386511552246 59.415054910398986
53.42155132249889 66.62182355915328
56.865290645954204 64.73812472363684
52.72136091246364 62.35632195776737
47.122079110647604 57.37331087020503
51.52753388187085 61.71359415791995
58.21320049197438 65.82615859830793
57.328168020516756 64.9519901988983
