62.00400868554426 62.6510917165688
61.96396776809586 62.61880812631787
62.20520013429839 62.85112424801659
61.74367580443688 62.39571450572113
60.94280072841478 61.60194780951294
61.95877956469898 62.614061920680484
62.32835665062431 62.98051942223049
62.00001667292054 62.660807193777906
62.29066920214708 62.93343508955093
61.700738594495995 62.35628545473331
61.33960636546115 62.00315085222689
61.79977750830361 62.45826248848372
61.989443175925956 62.63934022501943
61.816645288219675 62.47109268039427
61.766787346203 62.420712644383016
61.43275448934673 62.09403695263743
61.87173003616469 62.52764257314437
61.71956536766962 62.37874855423213
61.900907193543155 62.55719520235488
61.34509742489821 62.00510881225424
