59.87889843310315 65.57355079630874
55.48165930822557 61.973691083787735
61.27169774906785 66.78703660243451
60.12156533190215 65.72681912239162
59.175260978146675 64.91551486960431
58.326211002580195 64.12379300822094
54.582275962601145 61.11425244466527
55.17284421919655 61.55581037543991
56.467104448878956 62.582425660031085
56.91062782162022 62.976564653107616
54.03247995960416 60.69533799824573
56.731716112151275 62.8698252412616
53.35392073606989 59.99535975667311
55.63466044888648 62.05171828239797
58.250799761631264 64.08923757609668
56.026640994756775 62.30415241651073
55.84291684350447 62.349145850294505
59.03976714802333 65.07244607261477
54.456661080266876 60.972725323088554
56.20776640087116 62.424236778098816
58.0950387664908 64.09352834238986
56.04136717744032 62.455839535811066
57.350461665597436 63.35203190074281
56.96108016528559 63.0902550504548
56.59836296232253 62.82586171495849
54.648149486165515 61.31057511751778
58.18089194995234 64.07291684900147
57.26017433370969 63.46898572404886
57.82873020658172 63.642316238418076
57.287823047820766 63.19150315517607
55.89398691664625 62.28979228475184
57.99424023779293 63.822790228211986
57.63969233439534 63.818497031401144
55.582810761836626 61.952406151264746
52.81732364991324 59.5157020088327
55.65442228070913 61.86703141639876
56.88402255809243 62.82396330823588
56.65018754512534 62.6506082608595
57.59911291488996 63.507473871413715
55.54932499586144 62.09941522801449
54.988902544962336 61.35582235447985
56.64705311764318 63.04718054051981
56.02854855806261 62.37140974491115
56.60784333084874 62.614194639994615
57.93477130700254 63.991757300575905
56.64793282047861 62.68199382269016
56.63293487935172 62.65496050551053
57.57900078178137 63.74107264367803
58.043274501863905 63.866476586481774
57.753778448847534 63.4099198360326
55.88447678933191 62.12042791757088
58.76418943079211 64.60601996259426
55.189918060002995 61.467537743328386
55.477884449201674 61.66400889725739
54.48503872439365 61.01726702183703
56.55477515441203 62.600245630880465
58.27965663026929 64.375466990127
53.33685172871305 60.05047312304606
56.43793839695741 62.66246206790774
56.336624221776994 62.29823555027109
59.44119489755522 65.19425354465352
56.11612234845081 62.444145610201744
58.906201897001864 64.80182501680189
58.689404793642865 64.45205285463517
55.34924518740094 61.458497453924835
55.33400046695159 61.672792431755695
58.08664424521604 63.88858984971754
55.648838214444694 61.68546639586898
57.06321778948187 63.24179424210357
59.43228895531011 65.13324433289507
56.92408175303603 62.96033414156674
56.35640992140896 62.427201791825304
58.16940698999252 64.09724982323299
54.790924917427105 61.498874864491
56.58745340074279 62.73662894879098
60.86091904223927 66.17196038514788
56.36496220766608 62.475230799046095
55.578829205708175 61.77779372940525
57.23660264121157 63.31890767302641
57.832121873238876 63.808258617589225
55.25083887575242 61.63816581127381
59.537778436751076 65.12671047901206
55.229639702884654 61.72446869886343
56.552940433904034 62.67088108292633
56.858620112832334 62.99769171204296
57.3201741932912 63.62813796398679
53.88302206757878 60.32958066166629
57.202486488160396 63.083607853953765
55.20266779557306 61.516646850979946
54.240019457408266 61.0010447009281
55.73755099724736 62.014398725795765
57.939359464616984 63.961831202696665
55.91172997875326 62.206747729363045
53.02162613536185 59.72144349508478
55.300027594618015 61.57588020102087
55.386993286986836 61.83058554966226
60.21629821250133 65.8061741970194
57.14930814732336 63.43346749143824
58.75654211861667 64.68463209302428
55.14720807538459 61.5435384848812
56.302046558659455 62.54696352135299
52.92730706149892 59.82530287576831
58.577188495837774 64.40305016050593
58.25437372452341 64.08839744731644
57.607838522370066 63.738248723615335
55.703972934675576 62.15832356259089
57.54939715990469 63.456877598645825
56.61415046369592 62.91652820720889
53.604067027190034 60.12028015004903
60.615683380212396 66.16847859417148
54.72404142285916 61.15894519804728
56.758756307780786 62.827926294080335
56.648579549119724 62.822934698363355
58.52558075143994 64.48209376088339
56.517302398234484 62.8234197405608
60.409099297137324 65.97833405257099
55.339531347252446 61.59701106826724
55.09915142094124 61.51894733196785
55.5401591545043 61.883862605447575
57.92128944105563 63.709183661964296
55.3855485182982 61.614084162982195
56.688329043647315 62.93320435972446
56.228332191022744 62.382726654052426
60.09183791635256 65.8001642431127
58.10564228813347 64.0498651475338
56.74493593976256 62.846232538583244
58.747503376373 64.62362165759986
58.23504359311884 64.03395614462528
57.29742438571344 63.19316854591754
56.33395426449133 62.35669289749265
60.166106321949265 65.98984290307551
54.40797874113125 61.03273649558722
56.800926089480974 62.87257737286139
56.9655927220706 63.194601853520716
59.465494774806885 65.17172480921629
56.32238136365517 62.5213657397346
58.15812178614335 63.99908004691636
56.11432502011912 62.29219738744893
53.82715717612099 60.384334916858165
55.61295972930503 61.7790996197951
58.11762372873883 63.88026069346558
53.981362142206734 60.5657217996074
56.012603177339564 62.49758112128247
53.89800974626971 60.87396067874384
56.98887615813352 63.02297215326443
56.580266413038686 62.74507634601281
57.01851968352009 63.19785002557612
57.0003427156334 63.020683139254395
57.60939811140067 63.56846390112714
56.477708702503875 62.541476713811406
56.83349054197867 62.93087283197643
57.64086236426334 63.932752474191894
57.0082793106465 63.18762983016115
59.10269047997397 64.82174295565399
57.98236155197517 64.02417992969441
54.20160883826561 60.808304853581596
59.12411192452167 64.87171927948437
57.696142824894984 63.40508202790327
57.53866793786558 63.502747130007684
56.814743779382745 62.90747099332849
59.14391412426291 64.78723142528084
58.889510961818104 64.5946990055941
58.46234634365873 64.59320028675192
58.61958952331606 64.37153009541191
58.55890539377299 64.28860926014762
58.15403364397995 64.25160926828352
54.50800709089256 60.78746067943459
57.86364601947744 63.595624763134325
56.64226374243975 62.74592927288719
55.76039072624714 61.90479249830538
56.67807102866348 62.72577029522529
56.753001760551626 62.81841595698181
56.052939092419166 62.35522266872492
58.09691092510597 63.94284588476878
58.72022154786728 64.67965790759366
57.37079808859503 63.62602735596827
54.75288444114857 60.99878017067138
56.79344447420945 62.76136477085049
57.67302602703302 63.471757698130695
57.940448876702774 63.86754749720018
58.03730067147841 63.96977753366666
56.427536088548734 62.65810587439698
57.49306166314219 63.48854921494741
58.93885780587316 64.7174315014263
56.5123617197706 62.63858749815899
56.819006166115734 62.974964561276074
54.192808450441234 60.922289950830084
57.73397266877203 63.692176625326994
60.16357544187277 65.64646870081985
55.7852123325327 61.85659162627983
58.18413751339206 64.13822826962749
57.5868328477472 63.67148227964548
52.105372088852945 59.084534424889895
52.770096781640795 59.35903342130574
58.37785026813444 64.38674268930254
59.427323647101154 65.09061762272701
58.91155385054563 64.74351759965292
57.93976242475334 63.82801441546445
55.739155819070746 62.15463240111949
58.54641109793258 64.59087133858847
55.25060030890064 61.61284214220053
57.14035312111394 63.45349304834369
57.77899654468288 63.684560379147214
56.148105997447985 62.05915878521835
55.98353039060405 62.1721880590822
57.2184129885688 63.48795584449031
59.09770022741761 64.9589866478281
55.69326087532338 62.1523915001089
57.8637211407489 63.777022133663635
57.997316947589795 64.01723739726712
53.05061753924067 59.89872369864042
58.56622071260548 64.42419195424391
52.56392265271661 59.542454464093815
56.56304642275076 62.75521693163873
58.08004357426766 64.2221953019154
56.126006039665015 62.30955586431076
59.37175974907183 64.96900979950269
58.264047398963044 63.99621394603875
56.90279317905158 63.0706133122042
57.427588544224186 63.35705209774715
55.97813945640007 62.15982078794208
55.79327929167745 62.040412535430434
58.764575745107564 64.51176798548033
54.538761821421545 60.92878820837739
56.88692093703109 63.07352364340243
57.394330186363625 63.46223184205469
56.75341048103715 62.91909611924204
55.798762417193736 61.96054267121362
56.165969849188095 62.43850023647589
57.43052098773848 63.23719171802061
58.6363584505614 64.47149453539397
56.5958149146021 62.80984120812277
54.00868264379407 60.890104559236775
55.56611646434832 62.01271789573624
54.090434334561856 60.79039038129435
57.11223996303904 63.390833020394005
58.85583109522373 64.6292971290104
55.62407142339537 62.04180874116925
58.31396298640194 64.21675977294937
57.04735072900241 63.18576907635274
54.84604859241182 61.29367718596622
57.93465625523872 63.92551793249333
54.172734180270695 60.69565266478874
55.28499813999556 61.41103699268521
56.98976613399285 62.93151983337757
59.60410336371585 65.26188550929507
59.51430342256025 65.3680478445953
53.84709658785429 60.266716741151654
57.63290477705683 63.62039661128233
58.343075319398125 64.30018196846989
55.25059547266144 61.597843959729545
58.058566621232856 63.942825192776404
58.63281259675973 64.4271313962353
53.27076558075152 59.87636889166341
56.03674726091262 62.478893666355496
52.76100456021151 59.54105956053311
55.55265654250929 61.9198364228027
56.57796898818573 62.822778976690635
57.60884538691997 63.531897125788774
56.57658556518035 62.73270550420579
55.44959720380827 61.74226515954225
57.712402858823864 63.70996781628047
57.25638948677741 63.27146232595442
56.92513945326184 63.03543834993881
56.47797948446155 62.535746778822144
51.73795161010154 58.606263977932656
57.82614539838364 63.91152330461663
56.689424521126114 63.11863364717374
57.4380141897223 63.54463598251191
57.624630866298865 63.634737599579836
57.42479320111334 63.47469322731193
57.52722186327652 63.58930337233131
57.79395254535817 63.67181290180254
57.82724645749935 63.66415457999924
56.99695779006027 62.99200770559117
54.15743942887108 60.72539459967324
57.29160099143055 63.198445516817166
55.63398991389462 61.97172342934302
56.245157867049436 62.54496084091296
55.72074472926896 62.1442778492455
56.48400521907609 62.51541215875532
55.93566126526444 62.10246565163294
56.96877119511461 62.914604689065
59.239708904197215 64.84437587922639
58.07535371726679 63.979910804611386
56.62465529967217 62.83209692752309
55.64595906567699 62.089417340345626
53.254975951849055 60.04397805206615
53.208494471585084 60.23575084490486
55.79644193528348 61.98658987817805
58.44229256402553 64.16325804427377
58.476775213065025 64.54630733287408
52.9147368400512 59.529809737474714
58.17011273563679 64.0079131647917
57.489953409664125 63.50658256183998
55.62380265358553 62.10267504085691
54.873640906084574 61.4290629711265
58.90099747923752 64.61636230376278
57.22745576863566 63.301209051688
56.208287502199795 62.50544669117752
56.99265866645006 63.02837171304585
56.41070481130929 62.60527448432516
54.82807780311789 61.102950110682016
59.097489661242044 64.71725645727983
54.06458662122753 60.811515691634
55.81920539129296 61.95089476304464
58.410723493251375 64.08765865157199
59.46898481891583 65.22906528775974
56.550881984235275 62.76625104230275
57.16273396797353 63.29295957117568
56.44435087110033 62.58290505162756
56.86182276640335 63.024900629768744
57.731305711830586 63.78906491872262
56.67371670518611 62.83541829191268
58.13631811042351 64.01664171350998
58.261122787574735 64.14498606280448
57.25790612797106 63.29220071167474
55.06246784744785 61.322312979524824
57.07468201360253 62.862217440432254
57.71667195480985 63.73463455173845
57.05708905447622 63.21734265394344
56.28657667332061 62.51735067251342
57.132636023138936 63.096328929718375
56.70240094650245 62.86403383836213
53.29687743599193 59.94660375607397
54.60774799457766 61.22823194761446
57.38763449627429 63.629101193884956
55.704004376608054 61.910718135754884
56.01157834662443 62.358898591146996
55.431008842141765 61.81570361515104
58.620915495570266 64.6247478207999
57.699033109636346 63.63304229417195
57.14852682415274 62.94401840850069
57.57652844897214 63.490758206705664
55.66055112405517 61.874718569310225
57.001032230068404 63.2658121964884
55.87589671353966 62.1405408644037
56.85040800472159 63.02319008443933
58.39674910017686 64.11838935466724
56.29790430028055 62.64197616473525
58.071963302171106 63.930902998595734
55.28438972849657 61.68095437473654
55.933219921092416 62.30225053560846
56.39831982255616 62.59624463477558
59.10075094820143 64.76499858742356
53.30867215344841 59.96119549436129
57.464337929990435 63.45014672522872
58.3347935281917 64.31465982650865
58.49818855996395 64.48293677670576
56.3855230907864 62.57866333563751
54.496287093373844 61.04541490827244
55.92623748718935 62.23212588511692
54.939702086318654 61.445538828594756
59.25107017025018 64.86247278699071
54.545550604852146 60.982935106579525
55.684511957735495 62.096736014359784
57.140346269066605 63.39342645827899
57.60686580189385 63.66566539193547
55.99013729207973 62.06307099928968
57.074481217591284 63.197204332862086
54.18335035323683 60.746838471606914
59.17607459544459 64.84381286624611
57.39143796091473 63.526920022597146
55.206521316193 61.734793978097024
55.23327105118466 61.70138920098384
56.13391277433339 62.34400278331883
58.75527850163972 64.84106976847634
54.37447989200012 60.89919273349138
53.04733988782778 59.78428115690043
54.80125017856217 61.43046993256561
56.481783497352104 62.609475859520614
58.82315965166324 64.75623722346673
57.42117631410832 63.6235877316828
56.24956018054867 62.49289416934152
57.91071945131723 63.79452147853901
57.479256707535214 63.54021989578965
57.60409356804955 63.58188813544902
58.099777243205956 63.95895957242622
55.653096338093825 61.83153599507566
57.38456279854688 63.44291999284841
59.08769754484584 64.87483119242252
56.20787868951016 62.40366841874642
55.252887486664186 61.705661867112354
60.231161688051 65.7573877374144
56.29033821609478 62.35112445041693
57.35308529142905 63.370610129735354
56.01167981753335 62.174184921462405
58.95089236752062 64.7742414731864
55.94030616344528 62.34996231162664
57.15052873047892 63.20119925221137
57.25321627822734 63.45108657966916
55.70234258473783 62.083628234631036
58.742558386837274 64.54815057169732
58.405029938429394 64.38871979706201
58.02158958365812 63.94319965485109
56.11027835912004 62.15416506424388
56.85717891513472 63.25269290355419
56.07026357137126 62.24783641752801
55.3038978414012 61.72170758128054
56.088559924748 62.319530933130814
56.42404699617194 62.8738506123824
56.781740709915965 62.97899792068803
57.97806027808187 63.98133894152543
57.41936074921011 63.437443547153585
57.10391318543124 63.15763769005912
56.67594219186731 62.90102601940565
55.43819379346893 62.087812860381725
57.27700912002069 63.089366211409555
57.38682823301481 63.44600844166835
54.86602865160778 61.34467308889171
56.08941692864234 62.40689596850203
55.3892870633756 61.770385794007446
59.369616096404236 64.94447807994625
57.264291823642985 63.3868231469776
57.60746533312572 63.42186289545577
55.003629308249806 61.530932147856134
55.45528211251168 61.89864154842083
57.01206989165302 63.059584393566894
60.060262994104065 65.66549067746998
55.41654535301458 61.89845539905332
56.186969339578596 62.58637561517524
56.95075121761199 63.051890336304005
59.23927568266178 65.12578659920361
55.24724243859126 61.546751055097786
56.927768793680464 62.959301079116
56.12464065350851 62.56619426920603
56.33901458930297 62.42891737126368
56.26395662835811 62.61863448179082
58.85975262167053 64.68050560052865
58.735011967879124 64.49089687108778
57.130980004704384 63.0680397287932
53.740733956567624 60.541541958549985
56.54960165761512 62.812869239893764
59.99122853206785 65.62627966843937
55.35688938593221 61.9019300248953
57.3883249316674 63.378580095002896
56.363103638867955 62.600546173711805
56.84229407465893 63.04089431932108
58.92360512466664 64.72936370732606
55.52440517194475 62.023611177024726
57.0401162245096 63.26397986009419
54.75345005128439 61.17893746312502
55.980362125496136 62.302339352030536
57.795140164258484 63.6314159508981
58.81629040709232 64.5461225296694
58.52734073803913 64.46403853377494
55.76819920507719 62.21602305795875
56.305132538948016 62.52983075069818
57.22558568879274 63.334702588153256
56.15834758300922 62.37576705558123
55.20803509244177 61.537470811373375
56.69819180493392 62.727283650189456
55.452982160444456 61.90756141942209
55.278807543138676 61.787929061505395
57.0437561765715 63.10795751045444
56.12783189018884 62.49793245685315
54.34394260640863 60.87702359883236
57.37141040870047 63.557442034463094
53.526555934825 60.07371979450713
54.99083237653191 61.55202534591259
57.24782129226007 63.180843305462304
55.97603348927772 62.18869043372505
56.03284362657458 62.35460118149656
54.124660971986216 60.7506701746325
55.868138375308725 62.17504853545716
56.88595750836187 62.91107354355977
55.56447096886351 61.78171932719057
58.17648217097469 64.06890685264894
57.373990041581166 63.40469317745724
57.353846255959155 63.265962741828154
59.0001768784811 64.6139055508538
55.68703310036214 62.199129313266674
57.37374363625907 63.49690207540609
55.12839041560192 61.60828643573575
54.190188902283516 60.615945640925105
55.86460878459685 62.0207817607636
57.33303010934525 63.4562065579689
57.66177614870957 63.473023324332985
57.2651191072348 63.25082743878937
56.605281530877576 62.72399730231089
56.65069645076048 62.922598275587475
59.42802416757527 65.32082352157988
55.53835664729894 61.862400195490956
54.97539996095244 61.42594755881667
56.52418515389791 62.54967041538804
55.52113474180605 62.0369632363125
56.580233605737604 62.69663873517115
53.59397155617108 60.208484276753545
57.13390586254869 63.28848813469248
57.405241185574425 63.61560937544943
56.44403172268797 62.53519630443311
60.09239882041406 65.59404007642352
59.56859240695611 65.2055234097703
55.47022965031341 61.85213396077163
54.70054687783487 61.310908929511434
54.61401861670634 61.136176803945
60.172724720993024 65.70323745354746
57.98029547146829 63.77949085014543
58.81896217331799 64.60121135972274
55.454918466355394 61.84361254435205
55.9912548861406 62.20857380027419
57.87262908711333 63.73779876394257
56.45889859162458 62.894600740382266
58.55763653878883 64.10397781463344
58.74257153598963 64.39535369983876
57.76646221381784 63.78463077201148
56.97040217667007 63.0806614328062
58.0806937438413 63.89768129458436
56.784614246754295 62.70618384065358
59.48829244099093 65.160963703024
57.72230883726751 63.679973019694046
54.78253788306864 61.47908340453717
56.344171373293264 62.491952625203325
55.593504550263724 62.302708219430194
57.71062915656677 63.91344829595411
57.03375067821461 62.995643403643825
55.80645813295242 62.28706272509122
57.76400843155726 63.675021422933355
57.44644009654484 63.60483879803573
57.53248818190646 63.534602455702604
58.91227537985743 64.94645913389311
54.34786994623185 60.987885285619555
54.91201687683705 61.241969819048066
55.142019306140476 61.62753288399978
59.87047331028086 65.49880183073586
56.789875113892606 62.91385629901664
59.03335329886159 64.74143885546324
55.212059551902485 61.57788155196736
57.314720184896 63.328604645744946
52.50079647807838 59.40753153327935
57.90776660326519 63.852513326654844
57.804469498432944 63.995150315351815
55.27756744256237 61.774464142532075
56.72958621947918 62.8684231114306
57.39320166931678 63.51458826637491
58.15712232824196 64.0206373691621
55.95349880131513 62.185507996262935
57.95003791447434 63.82027403427755
57.36556563875787 63.303271130248156
54.38468240529515 60.752035061717535
56.58703397883241 62.90150321303034
57.771909699513984 63.58614706526059
58.70929603005935 64.537825330901
58.807672608261974 64.54808273157352
56.48139540723436 62.549828357846266
57.47394192898933 63.80698254170055
57.51676798924305 63.53792666677241
60.17450294212236 65.70364335307447
55.99655137019269 62.046457048928325
53.97828219865348 60.62129016587122
55.58195632632092 61.933898289165086
57.5027264511013 63.445105553940856
57.752318214135016 63.569854659740216
59.754316404223516 65.62796766709826
58.197153147898945 64.0772119763482
57.75829294011113 63.701052417741984
56.366699578804464 62.70051719144418
58.306554884865896 64.25726102188408
57.75322081428961 63.62356196876604
57.71344761410542 63.7411599597401
59.170827668430114 64.827117978219
57.19320418538301 63.45581248628967
55.07723905208558 61.501032023547936
56.82109638112839 63.24330312173133
55.48343920958542 61.959357294681794
57.748560560149116 63.73730177936375
56.65168856275426 62.97702319215148
56.47075395248884 62.700793433576905
59.132478608187526 64.90522781200865
57.72529212462882 63.80927847384305
58.4335161004432 64.16700116828306
59.11037994165694 65.02373369707722
58.037179261134014 63.62409947902133
58.9576260613936 64.79609241161373
55.571050555980136 61.86770573438395
56.793401802711585 62.79042324883762
56.324244474330285 62.49231619520304
55.55467571980185 61.910078136181525
57.22380678569751 63.33627596950611
57.04402306237511 63.306134196261276
57.604752785680326 63.671057483484276
58.99072780431201 64.64373430682186
57.75247430357221 63.603678212198545
57.71500580331872 63.66677900740852
59.03655820054895 64.92183988868919
56.83756504500361 62.91445448829851
57.36104108122095 63.28985527307643
58.43733686886026 64.23796466172291
57.90633532743335 63.83061508300735
55.96046166203126 62.34226288621533
53.48856884893451 60.059014174973306
55.60026313261033 61.944891048570625
56.19839520677314 62.64881995494657
56.38000294785542 62.50947607126224
56.95815171158264 62.981779325839135
53.72755576739586 60.24703787673736
59.12391000285544 65.03329206765552
58.42796823868765 64.48269606722785
55.51724828834169 61.92734807785004
55.12339615579765 61.53217484218528
59.41765562447607 65.23077523363456
58.00733708846112 64.01480206310617
59.09823468151034 65.05147015029587
58.13000362230691 64.0185834413741
57.30093759607105 63.303637599379385
55.77212385878221 61.974065554080745
57.57953310018163 63.48047170324389
57.0087953577706 63.21748500512996
58.98397700013892 64.74451076274192
57.99396353147266 63.8644039828098
55.99232410627789 62.18492613537895
57.68405637070237 63.69515516062873
56.8394307916166 62.82065267963514
57.60351737090641 63.64620348198714
55.842161964583006 62.29851737999432
59.34759562521056 64.93293791418314
56.89780797767569 62.98700735693179
59.06573122416665 64.7438743930662
56.5011845993942 62.626792269376125
59.25225386368305 65.0825857816722
56.444697001354385 62.73839085077824
54.84488717246829 61.17452562369532
55.916287667576086 62.13905548636921
57.917786760483125 63.9222665827521
54.41889753305707 60.9198878470306
55.999296498650246 62.36518116688599
59.56438080840568 65.25662869527949
58.974842377497254 64.80604027588082
57.55052589876968 63.49127037408263
57.03534086788744 63.14137225972698
55.82562308427459 62.19569175281259
56.599566405151045 62.71404704432756
57.69194180597113 63.531953399159285
56.79550048038048 62.994153753200195
56.85072734322006 63.00894276573354
56.82785200504036 62.86934346962207
54.78498507683813 61.105383489921465
55.11382339644699 61.359242765986245
54.869524510192754 61.315226989494946
53.57956776194631 60.28624319944661
57.70702511084772 63.582122392850444
55.344918778054385 61.972912870262256
55.469540552801575 61.59789715129424
57.50858849694886 63.51266776928064
59.26653822785513 65.02348591696172
56.15387814136944 62.51223501188717
57.98675153512671 64.00115030386873
57.10655171670244 63.168439846778995
53.406472681517705 60.113253240960084
54.15750551742837 60.74550466369057
53.91556277423737 60.96452150317066
55.364440100311754 61.78798859908738
58.54176519668001 64.4034321081415
54.26799516315935 60.94956349726075
55.296948362537016 61.47537229489206
59.15720768878458 64.82123549935326
57.21988386168724 63.60318253492122
56.24535848600791 62.36983181094147
58.609632429901545 64.74960176813828
59.52182131526046 65.1788486469254
56.382873315077774 62.56912994673534
56.440099923139634 62.65102997821118
54.80483165263543 61.23836913471906
56.92797922290673 63.050622350464586
59.76440197114213 65.28303592710962
55.39165914325016 61.799493213185535
57.28956427159783 63.46306689654616
59.571818347225935 65.16700142921579
57.904548245547176 63.8229564865076
59.54517261518906 65.38235846645273
57.03319649022999 63.110941910416116
59.26561280700651 64.91151807938586
57.15197417221239 63.110674248849826
55.0237528715596 61.483464430999334
57.28439156357076 63.240863792178665
55.503674704306434 61.79904626971764
56.97607406192673 63.079412921887474
58.57891934593589 64.2116247563835
58.13093976821115 63.938527489226644
59.362829650799846 65.3119555057023
54.5772057714389 61.35907550643184
58.02353089388869 63.810286723717866
58.890671596711705 64.55274368059806
57.76449196158983 63.76717055578456
59.20360201854836 64.84413364018168
57.236038201979895 63.16451533178752
55.83105313957633 62.14085999957134
54.54516364406543 60.96751796081146
56.97145988860238 63.04848089885236
58.160191741009065 64.13999379151652
55.84548738498899 62.08865264259148
56.50856865706331 62.6978673642088
56.4116122610022 62.5702678482025
55.80326078090399 61.9873878344598
58.80082962738202 64.60721996158955
57.534462806432586 63.49164700286818
58.5324299675662 64.78355784565758
56.883938176785456 63.08809097702681
56.14899865341934 62.32095375868815
55.703436388108855 61.87270948750204
