26.252382378513964 65.38501865050935
46.07004643100274 76.48752180483774
51.24522373084565 73.3144962178427
13.931898450117313 67.53920035236473
37.17278327018111 69.75582388808652
37.97469516341593 74.11190104353952
40.42556808799903 69.49383167066365
40.44191354385068 69.26975955743745
10.323834465245609 63.72246240426693
19.37433585221781 64.81306307837555
19.69100367632035 74.99570845535133
41.22432865456368 73.6476240922392
44.22192369749595 72.17114847886064
49.026840595623305 77.42127768948046
51.35962053776902 79.28580856722338
45.16524759755685 71.30577733906375
45.52913480723139 72.40067060431973
41.9809480552327 70.39754610719122
42.1435438814877 72.08635932518713
47.70330923521062 73.67538946139608
45.05787018569029 72.1420291706335
28.848955310115812 71.94141159491173
33.23544488223352 66.53741041106748
41.022449828318855 74.11629033103374
25.65141781557597 68.96077656131666
38.99617740457511 72.70470353876267
46.19541888151141 75.49394386376413
19.077226083384474 71.19427675217285
45.22401594475913 71.2780635924431
38.27998770695077 70.23977494847205
41.18202165741344 71.954086559783
29.904540291059444 72.37615224067196
48.284236672219215 72.49829795680438
32.600706536468266 69.87999887562015
31.574250942930224 69.07146586622918
36.178182393617305 68.11138457134389
23.88693829125699 67.8094047213845
35.69570986408193 68.90073132020969
25.476429047037225 64.00668235295612
28.243579796270005 70.01713398081831
32.8614486329588 70.08491234873573
34.386601860696544 68.16273566631538
42.74619857301924 71.7589915744402
29.554756561367885 69.5700265838237
42.04515067107037 76.23940530026952
29.962422404862135 66.72228601382496
41.434595580397364 71.52081417645778
35.797307454648156 72.81528494879834
41.856531132433624 72.04353534734433
25.560925649062405 68.28358292167216
34.90716950630688 68.51951359496805
41.93477984262869 72.06890120798937
48.137394947833734 75.3224945222993
31.294452559077268 70.3554546460931
41.69566017965053 71.59687255973871
49.64791414877548 71.75366331909979
44.170177702575394 73.01847326775625
38.05030609737069 72.59495069460054
38.201281774445974 69.87229389605426
46.641392206359086 71.62058303284117
20.599652900672222 86.40777141318404
40.37786953381744 72.89483534660091
39.72814944654395 71.75672099863799
40.528364503074805 72.43315043510121
34.65799138983419 70.08249412737915
43.341812823936294 72.3153307006727
46.06251714328417 69.94181515547629
44.84463841420576 72.35413869241368
27.953607276746084 70.30166705912784
14.246238721868849 63.703837697351894
43.60976814178475 70.79102118503349
33.86108502204341 66.19875978781093
33.8174054450188 69.11736967657464
38.759450358078794 71.62477781525473
29.05809306840347 68.66275741123985
49.50129877971191 73.53113493567825
45.20553469539426 72.71764824550854
26.80509146423363 69.61684622756809
38.312328223374756 71.50088035591344
30.68459484487551 67.91525041585058
36.33541088036192 68.82295926371158
28.214770345614994 69.28793318097037
52.09240093431458 76.7358467590293
36.0258090235046 69.63637594452663
19.092567449568598 68.42377353977751
28.070226752320995 70.74804767322968
22.40710957839244 65.54925417641608
49.341710381769815 73.89861637678119
43.86071666263333 73.32621767199453
42.836001443715254 70.15655589760792
47.56053463641882 74.04690694038642
57.15522903626622 79.399630654397
44.192848894690776 79.40228794986062
49.32987322056818 75.85200710401404
11.136832350617993 61.37492462973342
31.560263744782475 69.21219484227207
18.817311997583644 61.495736815692524
33.68573240526549 67.92953017156229
32.23341136508778 67.40330818707147
47.3534461668072 71.81448559180112
30.437114897548266 80.15317050718755
50.81180301666179 83.40402646373724
37.28844291015108 70.27618951279713
17.343530587322547 62.89071984705632
41.44942436289268 75.65347837165099
26.974892775251195 79.24714801226423
35.93062285286771 67.12233882552695
43.42647192893968 75.51685526093823
45.92842784427572 72.21959267410644
51.09355452798261 74.05799768231722
41.74125713467494 69.7933963615151
35.8558518370121 67.81261567675072
49.06506702377539 75.31381620714177
44.59799635809715 76.34699943100959
21.60114802139412 70.15122942910237
45.98556573952206 71.50609542575374
39.877857766033834 70.97503612582129
30.39409034006418 68.56289365111971
33.78317746057511 71.27171889337562
43.757957737799046 73.5979882497783
46.977093718619926 74.05608128273367
43.19707734237486 71.88344736043068
19.500771731684523 71.15655709268394
34.4909099328922 71.57472274054408
36.443318367691106 73.2274381751639
50.47386052098044 72.87142853536683
35.313905326959905 71.44523897033346
38.4655210964535 80.12650651816043
26.888380091249335 66.97109325737193
24.130483416396697 65.29652789516696
34.330446513276115 80.71743121870121
21.680792878925875 66.91139596386584
21.075941278663333 73.9058845628787
46.94509301442203 75.71366904728897
34.58836503631383 75.21006771644194
29.26248866950006 68.23753815056052
46.39526267827444 73.0193945020788
42.21103661855684 69.58372913137786
46.72244292172105 74.23190751498335
49.002084219897185 72.98948097136308
53.30208600935301 73.80736886835771
33.506675156185544 69.18616093067429
41.51798134774605 69.87422519367384
42.698847252165656 72.84915333831559
30.676584142710876 67.59864034874963
40.6800837400877 69.83007171020922
48.57792852707261 74.44194657677403
31.10480153797962 73.53220937093664
45.573222991691665 69.76353077162557
42.40314374835394 72.6660609779973
28.850807014345047 65.17657837970029
35.47530720168565 68.42834731121121
36.940143914478476 71.84534716279303
32.81916597348375 71.71914146460401
45.77060053494948 72.43336706051484
42.25468634218207 71.81295929234636
39.243334204949726 76.16511352306783
15.463927109312053 77.82383971036919
25.752245809248848 64.62065220611171
44.48373691670424 73.41180326254856
36.150278406077696 68.30560882045948
31.11516173673193 67.75290579183633
56.683081475374564 80.12514419199245
47.521604743619186 78.39691767772732
30.83494785837768 78.47411651559422
36.80446733989523 72.34971214192504
27.757896455551283 71.2585104972307
34.78425133411371 68.78464581619745
28.094822934270255 66.56935217794016
43.5796949723007 75.2223585645054
21.01097655947992 64.28421630026249
44.09374794499603 71.59814340975629
37.18425694013507 76.72657301117373
42.62276980225215 76.2807564042608
41.27220819959305 68.84410204469859
41.26955238716772 70.00175595515314
41.66358212027069 70.06442944706335
44.77492746929615 75.36715472268335
51.05122201230323 74.14974290811395
33.12512928318629 71.40250627549372
44.11591083333655 73.62679315623322
37.84138659122654 70.08868012113341
44.22330907778409 69.6936267333708
47.48836875262981 72.2044453792225
39.919721081124564 74.72715764593325
42.4128361805579 71.43704324105427
35.8091001757495 73.30413757240272
37.282686111414925 71.84150288820994
41.0196274424495 74.10385679214865
38.00397732673938 70.90457017041656
38.007595984274246 70.28224501897066
39.67834616237034 68.28758697539311
44.05492367488589 74.42047294864356
26.10978947638504 69.84372430483334
43.45314653824028 74.2328644893511
32.04489704897977 68.92962878855336
49.845365242517374 73.17502900796708
33.81178840116698 66.91855549814768
45.705303317713685 72.30682867132208
48.511175361674056 74.55464663858939
47.336611112381945 74.54834294717801
32.126293418493304 65.05677413792978
30.446565941781657 75.07943403323542
39.299151037869926 71.20752327945726
45.859941475527826 71.58235730938749
33.28699259047931 70.18177597873355
30.658488980627343 66.81151103419636
35.22642821387282 71.56607428980843
45.20853547236533 72.62945123425284
29.485079219391874 67.23653245921335
36.70171274333038 71.93421086965353
43.55320364205362 69.95700639487525
16.22445174878619 69.0491288101349
13.617231822639235 65.5621713705225
43.24416884972739 71.33334438608352
48.25822167470569 80.2878745770255
50.366835496833964 73.21749945181965
50.615919087528496 78.14853088573926
38.51266427856007 86.22125708289212
37.01266364814882 67.72285656544616
30.83860433159873 72.59456478815139
25.09695107012071 72.53451995751094
50.75494721870253 83.18335689748218
40.326605527159934 70.03499800263916
39.813616233492766 69.53997911967085
38.086085006445614 70.01640523475366
48.71688667289799 73.79053069368855
14.287611304598613 80.67941624783103
44.93926952738331 72.59424272852898
34.66145587777663 75.04731463966144
19.76644437782855 78.03337349929184
40.84087032986833 70.83804388586525
33.58395748064355 73.81851233485247
43.61644032433628 74.98423585714028
39.395643264129255 69.80574869448961
44.481317893862965 70.59574341689894
39.944708629363696 69.7060389754688
38.2560937642081 70.35903691184416
39.10095525390627 72.99651544645754
47.72095906092913 73.29757977121523
39.19671562140352 68.58138832460567
32.20710502742862 66.9255949804842
34.949816328481965 73.49817046003837
37.29226785235971 72.50018830732142
43.39066729492638 72.48480495159873
44.017811839069424 84.42820370631608
46.32376348117293 73.88166118843047
45.239831343631 72.05910645970152
48.289388414001756 71.4498082247474
38.779605439009316 69.99892969112551
41.1225157721724 72.16800392655531
30.95143695226195 70.4080754466718
43.904189783008206 73.43030234519605
51.289746848980094 72.5957447254032
44.52255968663164 71.62697364469567
45.13904103578912 78.55377951549751
30.5623114677016 69.45187361194466
48.41843789011142 72.01392073613874
35.09763659088429 77.85808942604298
36.795075605203735 69.62250665909527
53.461059562039694 73.7266417678762
32.78813820347067 68.90358561519906
24.190890155185095 69.05927047733555
42.85260258188119 69.48558211775554
41.87941841835442 69.64807884779628
40.2933115752977 75.62751281975515
14.004959015324628 65.65013507999781
42.38530367167831 68.50073835800173
17.56391502000683 71.72135018103496
40.725421057089335 70.98204656194324
17.09125777733845 69.5724744062237
28.015689932993347 68.25419479536372
40.84010367446857 72.91278490211964
22.118988589923006 69.03156579380645
42.402247950810725 70.1820221523279
41.659059881175835 71.68816151238924
33.55758398205968 73.50171421204358
54.85440801262326 86.91252342896286
19.68634271804075 70.90573654315115
50.508402117450004 74.67915643271118
36.29389909811416 74.06553870286977
48.252994627071665 72.01821777173178
39.205737143439684 67.8040790529256
36.09678289538464 86.76560293175831
43.25848813932616 72.05783381018219
40.61286928789963 75.05684421799401
56.5250036605921 77.11222840734436
35.18637342060518 65.84614848643301
13.926518616333379 66.58632793611413
46.90359594049414 72.82762760626633
44.08830308569684 69.85638697251183
30.54178819945462 69.352827908176
38.18367452262541 72.24212893567484
35.31715616238501 77.70935604440803
19.959454911801192 64.33344654953672
35.481972812030854 69.86161402893616
34.39270511451424 72.81034239863665
29.144304794761222 69.37191816822154
43.66832177843706 70.03421990118221
19.515537618554546 69.36595242897347
35.64451138621748 68.85020120403311
42.40672744145837 76.37518051893343
37.658852733181334 69.4838377160607
39.697894707150624 74.92842579773446
42.9912972961467 70.08171986706637
31.825371104184505 71.71709787932178
46.48641866957961 74.568312508248
24.272990197007065 76.43685894784667
44.58407253086071 70.38224384827883
16.533176596381267 65.34525608198382
34.286871631373785 72.42592674338692
47.98017847048269 71.60077428041147
51.243069520170884 78.91844846142118
22.58955877988466 73.71977032278672
42.70490489680528 70.74359645371489
34.3645804664531 69.93414431642348
52.93404423462782 79.4949318267899
51.33613429274831 76.71967517782885
12.594598153522826 62.20588288437147
11.803762302626128 69.83027699833599
36.53262310473 71.12782819769151
34.418133905027105 68.63390971479362
30.467414211177125 73.72433198293785
41.817513097569446 74.17821270093246
44.67219570142294 72.98552254888992
35.93002507839825 69.87532243917937
49.29695987643853 74.32070054741898
34.68717053882703 78.0116447582397
42.57759719633119 69.89482805977973
35.34936226302801 68.85624516118453
43.377368543753676 74.78848906715689
37.927765142602844 69.61477657405577
42.896755191011344 70.92532643764355
36.8481423886058 81.99520742784065
47.77160434845921 77.70881399095188
20.69458812899986 71.35877968074301
44.57696144404171 73.16608720208158
43.507799222792606 73.39714738982457
39.82002932605045 71.22723568594944
36.87277919750979 66.84680247308273
47.75463103560401 71.87582736287767
33.26509063259453 68.13604641204584
49.76901403280141 72.02991067359004
47.334768399740774 73.8020215155877
45.6504072339532 78.58413730302583
47.62532843697845 74.44766384091179
35.90682395864546 81.44540730694808
41.06544436836093 70.40951627533232
43.711735318355665 72.19350231826883
35.14168476364082 69.8528778626552
54.001400208236724 74.82117174022964
43.74255833933252 73.0838059878246
17.31900232203766 70.49081517000933
34.41397932374448 69.30499348486065
30.54712726082177 75.25845537383755
39.41005271780681 71.55949791180728
41.04641482879915 69.29916710186957
24.004169867785407 65.81105083511258
27.809817113521316 64.7579607773842
48.09644629247646 71.41988195063652
30.33213878081031 66.78318534022128
36.733937491691414 69.06430236523195
43.768222054260335 75.07090146575318
26.675281399519903 69.69930803418791
34.10407626381831 66.99369815820481
46.469268217994475 70.42548114396536
25.567434410970993 77.11726326758671
36.08052202711595 66.34609072672674
41.441049719831994 71.37145426784487
47.589239713311116 72.91176134693937
38.79838356140215 71.01133513838143
30.307199538507565 67.62529057754588
29.089699269211103 67.85627179299503
46.94750216255459 76.20314460730785
42.81360869356244 72.41174233047158
46.39541654898782 70.34942069489969
44.97837228437188 72.10150969771831
27.71627263044977 68.26850722892581
29.571533748170037 68.08894660052721
27.480297017809686 74.05637708977918
32.990294709948316 67.57640352193754
41.82581058307407 74.2443151624024
58.10425618467431 79.31818070844787
52.05907686246397 77.3663440816447
29.041966096206817 68.96771872863393
42.93992700640871 78.88836352495477
21.200029719288175 64.04229037154751
47.947649354031405 72.6828506787532
47.706539526541945 72.00918068310693
45.49191831392941 73.06172743186129
48.566295641957915 72.23900002707963
30.96225390767855 69.64640523910364
47.35192923516535 72.16882012075342
46.06376105193584 70.04718406396246
49.30831877334206 86.72823207649145
39.047166325652405 69.5472067147819
43.8450398959001 69.46321504710664
41.28863555041463 72.5039878513519
36.14058950821555 78.51704572018443
30.867154540294507 73.21431853312141
45.9103814211488 78.79878128548727
44.25002965256392 71.61843685642285
26.004804735085187 85.5954808796695
45.258749253433876 70.51424848342374
43.9721466137197 75.38975733465126
36.615740853842304 70.7876720729064
37.90935651709811 78.19848640537879
41.125579506653885 85.88787393146251
48.0735881360419 72.66322778042124
26.466753423069367 67.4374766427136
29.373800856121168 68.94030782599854
52.45947365831694 74.72449860308129
45.017481614513706 74.13042368977375
37.33647997047297 69.98791937226822
37.41498853026604 74.65438746791907
32.792214433741755 64.81056520216843
46.12250958324766 75.23275666658375
32.41552230279914 66.09262980289121
30.89629005964696 67.6991254054765
48.414982368521095 76.1695266109364
40.631327379687754 71.53206885673147
48.245560390079135 75.09225854864994
47.10165341641351 75.19183884205633
35.1077105647607 70.51089079230405
26.231446603035124 67.20297196026583
47.6981804926405 73.40713396279871
26.462510094421614 68.76866963605566
32.3283574477067 66.76378154580951
38.4872562082557 68.86605806873413
17.533527183734005 64.07992229966149
34.555511502107464 73.0066283007354
36.500665851455146 72.48635658215832
34.0909896145462 70.35694859132461
35.623945812074304 68.34039076183358
37.42477929053217 74.18757188460742
58.796044045522414 77.3165417338353
29.018541126303717 73.84282433609961
33.47995658474991 70.86322801074522
51.299506991019015 73.01962241198036
35.82903986410165 71.46960588601002
47.68299964976197 71.06115574814861
42.377095374610974 77.86520105844892
30.776272514335524 69.85747985897494
31.898815398169656 70.26553018935974
49.33246906548789 76.28233816189216
30.029100807404646 68.87956981934379
52.011891623645006 76.72123519254623
26.20592618801836 67.03626885013378
42.509118174975235 70.03725184178809
34.52844230801325 74.09090097431486
38.990744447749 72.48283713127951
13.496083210485997 67.59701524909755
37.33422219229952 76.6904583338172
33.76082446158048 69.56938063392825
46.32807156399167 71.42940558367525
44.981370055531045 78.8125916727049
39.33409163087488 71.53951774403768
28.705354911500518 76.1381528920343
40.77052360091114 70.99536524633301
41.3802896171455 83.5614415880974
44.29283170531112 79.27217750100999
41.37413517895923 73.17758937649505
33.86402496546369 67.5147372264915
55.75706840547241 76.61041150476936
36.05742273670616 71.54098044064511
44.560224856763966 72.3013938704454
35.78634512617218 71.13938421521992
24.326274401776974 68.77410508487208
41.260176348476115 68.95429607768617
43.12011042824875 74.27057408862943
41.394500260899655 74.16188961303932
48.639367211235616 78.73966584638104
24.040204610142514 66.09579112945768
28.934338118040593 69.3991421190382
28.515230662011913 69.02587965809053
33.040906571323596 68.9751141357923
38.614608136901914 71.72382512425916
32.94887349805659 70.28754515114453
36.80975033843225 84.13541256885784
53.326615201762046 75.47337402062612
33.4956080567219 77.34053209853766
33.153419086660335 69.68802375891771
30.695285448112514 66.59573317890559
37.91134885176217 68.81161378138096
27.924333693722023 73.91562582069221
44.16442393064702 70.42189252783535
52.748263932858826 75.32346127608038
35.16689818554975 71.45131872729178
43.55459761603551 72.2001657463492
49.2233543170576 75.68688215370047
42.77167654621508 76.36294204545263
38.105345995615295 68.55898184377648
53.42106812575075 78.42350109404484
39.7064445189965 73.54172826040889
31.67083616669039 72.36138424544934
45.646621590701315 73.83033773851555
44.91205411871448 73.08406156184854
41.87501656658872 68.69468397763205
40.73372808883612 76.5554535758698
44.12837521332042 72.3939725956979
45.18192561187781 74.7608305193916
40.899479421712854 70.89624741891643
40.80236005077403 70.72097674224186
47.3777575369718 74.61568622503555
41.66438470051906 69.32528559809796
28.453891708434465 71.32363176585399
40.94739687456771 69.51043390948124
35.93143786294442 69.16806150340093
21.71603389011752 65.67541031975115
32.671478053818575 67.8777630158889
36.48109271930001 68.2561535164227
26.363747399609377 67.80159518928782
29.28559102247121 70.11430300092003
36.56421610270844 71.59314315924132
54.038634548927085 73.96967108478843
24.218853599872915 70.01566093698383
40.40148595205499 73.12163294541672
39.18742257254425 70.11727925561637
44.69353980159568 71.1548927745409
38.98062354655824 78.3227013810987
44.78711018388656 71.41847729452046
43.47406393154267 73.7312582298203
42.23264603772692 71.88597510447924
35.98472003995462 70.20937581728109
36.11745901883952 69.11331244138927
31.93114779978259 65.40479521319835
40.833829981372276 69.74868558637489
27.403005493584992 74.48565861450459
27.53840991516178 67.14589895260517
43.39850857227966 71.22780347754369
52.02003428306171 79.79928898922887
29.6514471135777 70.93930222477258
40.79990158836548 72.96126552334752
51.707497166035715 78.25115922762565
13.913288156231612 66.92369176387969
46.80680365380461 71.5418548411303
37.253162360383165 71.89512589700392
46.15074624933332 75.3118148021306
22.476680716490453 70.0198372514902
25.86719697510233 68.08519924962873
52.14079884377851 71.91150819582651
39.58654744181363 77.36209089053574
23.656517928431438 68.8955619793552
33.95163222113833 68.20694594606788
31.680153944390387 68.85880203998744
32.084498257290534 72.5489845827238
29.361685736534966 67.2879560754201
37.66308221848904 76.1412342738907
41.95278161651211 69.93347807428485
22.49578695766561 70.10052170089403
30.747522297959883 72.04433030393139
46.89350297683004 76.21196287698332
49.95212869575489 72.40773907698318
32.03449161329955 69.25664831647275
38.41223596559289 77.88901398898716
39.577314484210746 79.38534203004573
49.023065465244144 73.99323791687316
25.4023245158793 70.34946778090477
40.54916831088654 75.8177072432632
30.86959422012812 66.66732751722938
33.50276131929089 65.74342292798819
39.51436764627332 69.87367549968248
33.15208736122349 81.12116920193101
24.184581399861695 66.74505671965929
48.98214525761249 75.6662612521799
37.73564825013307 70.83934984971603
21.38120258859511 67.1683125872957
33.41952949151404 70.33819819739699
32.73342280693828 74.12037799205281
38.454655318427 77.3654715866275
37.78647445344895 74.76327118229287
45.56190404456874 82.527581413029
21.008085370936055 86.16259446183705
17.21392908752348 61.9690896884961
39.90308580311408 75.94689595172855
35.083528012075085 72.68632904872159
48.94066698823111 74.15717364837838
39.395308888592275 69.88083975303294
24.10400009295402 70.96310670450288
38.38082510152376 72.72163831958221
13.481296060684512 63.337043149965915
48.397855714440574 73.32108439711709
19.534809932214053 68.89247604245932
40.396959614020325 78.13513840070448
19.611035037151765 71.28854396326841
20.497819232369416 63.94934948631044
22.20652201625161 71.29858753129062
43.87693434367842 72.9240285498101
48.64500467796176 71.46170919777624
24.0461580484543 68.34646884935624
22.90521525088741 67.2153315492009
35.04405589104056 74.26995107773399
38.37837581275722 70.44804335816939
19.597521633105252 65.23607053192946
32.53929233341591 73.33937422417985
22.17383333815445 69.95728540045006
43.73665251516868 85.44858879975094
34.29046317905095 70.23000570347371
40.280344191473226 71.5063181282078
43.50395477994328 70.04099618572268
29.653391225879105 72.24810925790659
32.992498315190524 70.33174948493777
10.212314851207298 81.10996412777384
26.03528831700431 67.54153249608522
27.32417182061074 72.29464000032678
35.69325820377322 80.76880690935717
40.5703727995114 71.21226778265475
53.28801381880758 74.38686625541062
36.39240107524354 74.71421264599336
24.616007872399948 65.251497937946
39.755120777279494 71.5674328453682
29.44026029366387 71.20724334559952
50.50822627007778 72.33531088010488
44.625173445285945 71.56807111715518
43.4501496133209 72.01818280334079
32.00089096531347 69.50422939286008
41.691155961149256 68.92781631083396
28.784256163459766 68.15422113014932
36.34426143929677 70.2764214057698
27.338555997768633 68.29636176767038
38.70387090960503 72.62030112686394
41.993620721849474 70.49091083193503
27.123133966549776 72.0238270698401
38.35961312374243 76.37354556736808
52.910194196839406 73.41593071349565
36.22389093089571 72.75457943290172
42.00950894764694 79.62782495375905
46.396882832950226 74.49089585967627
43.287551654497726 72.67768925439458
36.92660746538836 73.7489164382287
31.41198048460098 73.20409663113794
45.12664401329904 75.25981589065209
44.540215960020376 70.85615710944899
41.25500680652415 70.56495531741939
50.56216016988242 72.52021243344021
37.012660409237995 69.58103944005055
34.836528066575184 72.40756946598304
33.43896254934559 75.6663040341917
33.95358166031491 67.74955019671229
38.836501142064286 73.55379404758646
42.37694114035281 70.34172347563344
36.617785539569645 80.33667500111902
38.25943295570614 71.1788157808124
40.74031321676656 70.83274667890483
41.12850091361171 69.8679660828651
47.502162405193154 77.19903586761158
34.83787862376756 81.62266939107393
29.43296175135925 67.58264751134185
35.3035068498645 67.52909880833633
40.77052146630869 71.24893117147542
36.64454783708492 71.97916728672904
26.88718774743109 72.12934947545753
37.28049319993084 69.35979109041979
45.2880720931154 70.68168242145279
41.23807599803175 70.43796001014775
19.031959348203117 65.93319541862527
40.537486395277625 69.56490891595801
44.644777494020936 74.15357623802632
38.9333912881895 71.16635839024484
50.72624033540404 72.60568943811631
38.07354746230144 72.39010294864119
23.613002846992913 67.5834524136021
46.877412261769194 74.61836779625038
35.61558302029469 69.7783265711456
37.14431518738341 69.27042547474764
48.17868063653682 75.08162377242087
51.60853743872777 74.56152531431368
38.110076752256994 68.23242269844872
35.90826220361843 71.05433007108705
37.96658573899315 76.2337487321116
45.01463604640887 76.98336987610027
24.080225736108194 64.96743027892181
35.35220519822566 73.00576129174186
15.219331360458781 63.14464908432378
29.47571750520682 71.27009298272442
31.227892752015446 81.35095702517042
29.030340909720803 64.33911659358316
24.53366018433009 63.72752251080799
42.067304358568194 70.34496852130286
34.82781552770928 83.52806903177411
41.23455003932465 71.02072602510202
40.75118467453075 69.77972489712606
21.696742001460702 66.48635339952634
39.21726167055552 69.7348748716706
29.529116713509897 67.10159383771743
22.034538262185205 66.2053472397268
35.890940934128686 71.42769115552512
40.72822946697231 73.98376464018561
19.59488632939421 69.68222318117384
36.17631309157331 69.91458989000324
49.464711186792336 73.12129601195717
51.052894670986426 79.40734077118573
44.66790081652122 71.73893620231226
39.278679254237616 77.31649162164
38.29319047608185 72.97256758701339
27.63285064748185 74.22264557836907
8.955406475527354 67.03866601290089
38.421041963984926 70.86618763863399
46.997188473031684 73.15076242712567
31.427652585662365 72.23687350226871
46.73470995591044 74.6854068330183
38.13187546870871 68.70925180240017
43.820629393533046 71.35114546095575
26.980595687387208 64.8962910164706
32.200814654622555 69.88367199975411
42.70375574300926 73.83423921029062
34.07877219381144 68.34382539363699
40.776479899085224 70.37347823258801
35.73373006891612 69.15664201721945
40.082002807454124 70.90944553258223
37.23400365011257 72.71034307641978
36.16443320752856 74.58250927747838
30.5172911432658 71.20782317577793
24.55339776922962 66.14556980766376
47.29230060721165 75.82059000200408
38.5438054113779 67.8531398719865
17.466329566139574 62.081673331690794
43.881073805055316 75.5100565193023
37.553089158976675 71.551706906814
43.1867658433392 72.72776728038903
28.31374175965571 65.45989114449561
26.79642848099938 66.94690416742266
41.61790883160851 71.37222617995312
37.97283568229507 72.22491769524987
48.242889299715955 75.8918281062933
47.65208116121369 71.5519751544977
13.015366945541887 60.94428534353007
43.626348298536875 75.88795016729412
44.33968162138595 74.26394239140878
34.01994184299661 71.95654709091332
41.50993266974597 70.95869823964478
24.45215260545907 69.97533822874864
34.16263579956182 71.55155313452109
39.31575817553017 76.5893815841832
32.71801364076377 73.3726886002736
43.906264795218995 72.76887883905523
39.72144260691613 68.98743731310496
47.48376068152141 73.41846540407911
45.559892968375316 71.38357589477589
31.716778545331724 70.98597163627862
32.13896120415985 67.5941300084915
42.477691055352516 70.52983370410334
47.5607805326746 73.7763889770709
39.29490008786903 78.67583440641384
32.93961472699342 69.66406398306442
42.57558382879521 75.40680851981179
49.515746577123 74.75780300228544
28.77807877483373 65.79025857992615
45.37314327130497 74.44064368843773
42.102242868173725 71.26770927870581
49.79105870025548 74.43519931768425
44.073992583712936 69.5491913450691
50.53817577417601 78.0077258848838
32.49440954790629 72.18852081116395
36.18896881714825 70.66830152463811
29.393089377658406 68.57482303041033
41.22089424187743 73.37480307973266
40.27670745560946 69.17271904523625
39.989884225874505 72.72913542588797
43.56953894898361 72.62152047207738
34.31967385947059 69.52286428598538
29.187344983787334 69.97337923075196
35.090585463684526 69.6444452508698
24.695038382886807 66.15937893579326
38.22751082785324 74.99752849480812
53.571532293135235 77.4860944053964
47.403306077724274 72.93992086362145
28.483767103507244 67.92602549932782
27.910880005355246 74.36330494739848
28.989645262874625 64.95860317382133
50.09195776139246 74.65659420372873
49.14735325240841 70.81042702846455
20.265855049438816 72.81836768193833
34.923462125902525 69.57077501294937
29.29703358721271 69.75128359166725
45.37541326774196 84.41462417443877
40.4649175719569 74.27331844454025
41.33816633390028 73.26306645222618
29.838569373468076 67.3741875939702
32.428120418412135 67.92015687942394
41.55415848630128 69.64077339172135
41.277378655542094 69.54099699960602
40.47183795123942 73.23297969469839
45.88450299713332 74.95048240918774
41.91006295955449 70.04710562933893
35.2475003602365 70.65515827449435
29.313829415776144 83.02650742415402
40.69493182062583 73.8291429570195
44.83602068203461 74.72534153520492
27.756711023830675 63.991263526436704
29.404288649497527 77.38892453627938
26.977799913185187 67.12667582977757
41.349147980296124 72.7107236163761
36.62794423277602 69.95951761100662
31.76427061238131 71.1100060593699
50.08927146779445 73.51394190661817
34.63708769528307 74.57285527496583
39.61573603555291 70.7797617918219
22.306850334106528 66.22061411466741
39.490544405314466 68.76760030388638
34.00826807173327 72.71880259307133
41.032856194242086 70.0961577070139
39.23158835716136 84.4096660064378
47.37452912817555 74.11301449954739
33.37987612674234 69.86201719238962
17.016162396762915 69.31548505409759
52.15712889763465 75.57902941384243
48.74528143932871 75.22448296419759
42.284575525350675 76.76715890892513
41.59951522359787 80.51457967378136
39.34376118144039 70.91282375004177
44.55626744664071 72.97654276683377
40.13311957266903 71.57893898430001
47.079739435565685 73.74612582193731
30.568746610755824 68.71784290961934
40.9590222337559 68.86550234656059
50.22631526475447 73.85615640759832
22.42646426218681 68.88543049851549
34.97410717939626 71.6070350762418
32.28912953262042 69.54343171639798
13.414515728997806 65.83403236669392
41.369534805343875 78.90893414142076
39.289445428027946 74.78885141132888
32.73619238476323 72.8776991246753
27.223425079523437 69.36833803229885
46.32153430813074 75.67959039433624
38.18541238434317 69.5127822828134
40.21678447589587 71.64403269435597
42.676974273339226 71.80757132455282
43.293235773966956 70.88833876393896
35.29743006859049 70.87051944280982
40.62062501115238 71.9995434508476
40.569207541923994 75.10069459467778
35.33864509872159 68.29017973656713
35.87072655945892 66.84979873699521
35.19921954606789 68.24979957611949
35.02194279327018 77.39947574886605
39.43444711928642 70.04326596070493
33.660289284198484 69.17866432306523
38.884975289885375 68.04293456631012
39.24873300258942 73.03850350662684
25.162457108011697 68.41645729559406
23.059944656462914 76.24060556301586
50.27760001105728 71.69812048189296
48.61747511631458 73.36849734329564
27.450524439997825 70.24655127576474
32.06944630571115 76.07789670303919
35.166389940307965 69.68617425803141
39.996591174053705 69.98610893934573
31.157331398880622 77.50604950228264
34.61659908976119 76.00064735523577
46.19797058024296 79.15534959449565
23.478257802356325 73.57448207522164
41.55170541481821 71.10621637805386
44.13229499994739 74.88068150821854
28.083542263549692 69.66329620973119
47.044058789488396 79.85666266030651
49.133392439294 73.21598381195126
49.04223315713989 76.89959026929941
40.80115071681514 71.98654714752743
29.079302243738333 70.04622299897407
23.54110039133085 65.48912678136031
44.0791794156953 74.93218294225471
30.754916680181008 71.42395101743949
43.863286316609575 70.08193197195449
25.9377838441462 75.98200069828542
37.372054508576795 71.83825396170099
31.246423216393318 69.18984145772875
50.6886274115992 73.96259617556727
40.89359861985889 76.31358874674406
36.3574042399708 70.20584371791556
46.07325099636115 74.31066941627101
38.4419375262912 70.2923100427958
38.36901113895007 73.18561935306366
24.043196039794918 68.08076222674936
34.7955270768425 69.43253279883872
34.77560182874434 69.04757120974907
28.956420517629464 64.53334748603615
46.61645418035289 76.80096089648778
36.50008638434437 72.41737897012179
40.47676524650798 70.40044973519096
55.06286776298616 76.50435685302436
36.07755238503306 70.47322921004509
30.14624863703256 70.38460121035644
14.639398861228463 65.3312388429772
39.31865888427023 73.62939959292521
44.2168989808706 72.66385470265337
44.760603114294504 77.93965142111723
33.374200766309926 69.19490270209266
46.29309333624105 74.11711417586898
43.48443121587115 73.85656151638938
38.58953194981449 77.440182028394
16.935238111753023 75.3204658885733
41.465833974549724 73.96826802427303
31.495215375172847 72.0592079314964
32.48977499898613 72.84878434427858
50.42698414920942 75.46746620215907
27.161800661697498 67.02106711518935
37.44645508924039 70.70345978858782
29.681594502990343 66.75377294415729
39.007908290583046 70.6772437221468
25.657764577373992 66.15175486232056
31.776608255327023 69.02634855198401
40.11965586632519 72.92196730546259
26.74181339352286 70.27362029334168
49.937935852573034 75.97766533054009
44.95150747109491 70.53621950018248
22.86110556775385 68.9232931335623
50.62186738393287 71.74184089455775
39.576232142153714 67.28797699187635
40.690376931038124 71.13641025131689
45.02326941479409 73.10961323113483
45.41481927705056 85.04539457649305
43.38231318086542 73.15002894835168
30.08364390125195 71.10431967086913
20.13369656127964 72.75832172780584
41.17572472791297 72.52580672146468
25.275820848602873 65.90603392056683
36.84830168459015 70.14695685998505
31.20560611646226 74.12031779649969
37.476328322070394 68.47832461242524
43.93370590197233 76.58889263918353
44.43868301743712 73.05955645998026
31.64211590637396 68.11304745945579
37.43209715658885 70.26066670313051
42.58394814608872 69.31246228890922
25.185559744693293 70.36811790383497
37.37255897719636 80.72453963691616
51.84953245028141 81.92655671684835
49.348167530044975 74.85674935713581
29.71400264328595 64.93442565051869
37.94514385760022 69.95218116606078
26.96327604925049 65.07065041297756
44.538621152996264 72.5455820909794
37.816280399808626 73.06947758399006
46.627022462847926 71.4897304763273
33.1009940198534 66.3988644239426
32.17515366788974 70.3144104064195
43.13645442355088 70.01410191893864
45.55482570162132 76.5239903540168
24.45893152963418 70.5641679962448
34.846808314061576 66.6863015251549
43.59173487714477 69.17243045862611
36.85921478207636 71.21204582969823
42.91378650833146 72.3576967476015
40.6752913629498 71.25345792506978
23.568325509689632 72.07464192348486
44.60324477453516 79.74662996584108
45.56930632635331 71.77266811443636
22.373246455713677 66.76488786742154
37.99411512424592 79.71935684850034
30.068870131830458 70.7477302250404
31.203177294572008 66.33530006780552
34.1520910985853 72.83149956792887
42.11524278533928 69.40338638179422
15.91839426985962 64.67556924103626
43.31852558635424 71.12772182903633
40.67734955073061 69.53864482380968
38.01120150874956 68.40686552080959
38.96458494907816 71.16660150137535
26.09390863499844 68.40879912311489
38.05381526222045 71.13146680980886
27.107573996599772 69.6603068163484
26.758776824285473 68.38386754475215
49.69339704930323 72.28201063459771
53.22853862973489 75.07025666081816
41.5407821960806 68.01302746894157
28.759419347857193 67.41805940984358
27.09801918067469 64.79480620150625
28.698365270595264 70.10788628018021
46.741263395103225 73.47624437100838
33.774492476266715 70.014958191087
21.13106166965797 66.06017147668969
37.869195016732604 74.26052985672695
45.437460722942504 70.20288248293572
36.56803663595516 71.4065871350847
26.27811865295387 71.01231581457105
37.716872380735964 74.8059713345203
23.07427845877704 71.0875914807385
45.26224651560012 73.60607096837879
46.25554626154359 76.28681193368212
48.04183531967774 73.50552041255239
42.200047419933384 70.39025658959476
48.02340174655283 70.91452884211677
19.261342389727698 63.92730252762154
21.26928294741664 72.16227979611664
34.158069731920165 72.17179217731656
44.53138026674762 71.6104951452426
30.415018321531704 73.71105387909638
35.92408303622197 69.54144696184774
38.32320057828468 69.3350068915838
35.04150227146445 86.03636060574416
29.017847184796327 65.96795796550352
34.180180112403846 69.6310244896533
40.997968762618 69.30419202170098
39.93818011874787 71.54810897388498
36.86690592650073 69.25678948790252
26.124298818695696 68.70120479588367
53.26430460552045 73.139931170921
45.15893998993947 74.16107825396718
25.039052914037086 70.95276626823774
36.07806306223753 70.50904250634532
32.29109041865365 69.14391570094227
41.413907690841754 70.54380718530307
44.21411853072174 71.83123145045388
47.75086270085849 71.60431122586098
40.45141439291151 71.8351745267756
39.15529542113428 72.28982344180987
30.084705003227807 70.43743939392208
39.63334771944985 72.42700298567631
38.052917071581625 69.98013590176238
35.42141477898178 69.95787015782592
49.404521950903415 74.83632893099056
24.237728645296713 66.32016298429907
45.248514930703884 77.28601159066135
44.66212482171701 72.11041561615173
45.11846961925036 72.77492799739021
48.76923140556999 75.29125995127598
37.77239349375177 66.7200824181028
30.61423366058828 69.19144727257704
50.118995495482764 71.16662291122083
43.446371571435265 77.45459230720677
46.817302023074554 82.8954595452648
27.445647373437723 68.97047731439098
46.318646560181506 73.5741260951519
44.492139039948384 73.81366842429884
36.432579485316005 82.22167888429377
48.29212695179631 79.31783294078029
43.327674644174444 70.9078972003
39.99388874415973 70.72060743750525
34.00652335560478 68.56946867626117
42.880138024659075 68.84534682346472
46.85788895002083 71.65866164515614
40.05474031519372 69.53227176456821
41.24426828118321 72.22089299643966
41.869074004993315 70.69434410593726
45.632289697365565 76.8496993326496
33.56600161300851 71.55070961344937
41.708543286303254 74.68707982671621
34.713017009424014 68.5814605642853
41.07185127069773 68.86215109306026
28.29784387256073 68.39584947185762
35.14635194610294 70.6129617936022
41.86035386881991 68.42648257248658
36.86148035921606 74.11370745614839
43.22412628128774 70.6418842691048
32.635231545491074 73.74756010968555
40.37845520464901 72.6078795794327
34.16709039875424 72.46314232637964
29.238559382164308 67.40298151908816
48.43151569758647 75.85652300138987
47.63671003305683 74.4605294134598
42.595446282398996 70.55513667954541
40.61538734609235 71.24767223004406
19.708049332478925 65.48887766783004
47.28052665100929 77.71773140764125
45.367062213426856 70.85142374080965
53.74568404515624 74.68460709176657
38.22850354287586 71.90611045189029
42.06888529878272 75.20811676245948
41.94120920241151 71.49344653986022
26.52559767370623 69.12620837667636
38.473679259863694 69.77774875863274
47.98983524649141 73.82415860440042
18.919476956492147 64.31967804224855
49.56728624286309 75.59788305038728
50.773099245627485 72.85952058884307
20.6509211044461 68.03178224036982
56.976979700779964 75.13030196385773
43.70174305020636 71.35006667420753
27.41070220713815 67.59343091865288
45.21819415983837 72.93316140527445
27.405225533803634 68.0897790488571
42.081513908739105 71.33498808337198
37.67146412867251 71.08672583743929
16.834928122811117 71.32920353545164
16.130841541900466 86.16243261052804
20.172847946270878 63.70761036512184
27.52573339432268 69.88649614319105
44.74044643612943 71.082001804763
17.403029081311878 64.92946973777254
26.209836956682675 69.0288133463094
41.87228725498408 70.64173020744018
34.16228883070243 67.89149894018536
43.24832571592247 71.53938366098038
25.163822433226937 68.86801814204621
35.30587833282442 68.64457519922419
35.64483660641535 70.09884926702308
34.137337274852165 68.93583936642516
31.15112538665439 66.42429408745161
36.3041236130029 78.80396987504639
44.494089469407825 75.45481242359172
37.568570887546905 68.80200274648303
44.27382980287018 70.62510930875753
33.14967460703827 66.27140639565091
47.62766700215066 72.36782536461577
45.18512647745856 77.09319853162998
45.56436133683643 85.44316437399979
34.894464963413235 73.96014430726503
41.18458358081359 72.25996388548651
35.83016577927685 74.49390823410457
45.43287397470189 71.50647152661512
45.39777621071974 72.1169086638711
43.09082311090067 73.0046148561654
43.03669555293171 72.75658501422048
29.910392247907236 71.17319925414782
35.031239777169176 67.00425183382691
19.179283649929978 70.124172956244
42.3368664365733 71.24798794414552
43.883660671453455 73.57597793115514
14.501995844564966 72.15076563920785
19.04054318548151 70.06859841503429
35.141445494503195 73.60525145355032
46.718023318401734 75.61229998945821
46.781049507657265 74.09521500713139
40.744488510929095 75.7675905300431
42.596237978795955 71.88872957332948
22.301245029073627 65.02089574834801
38.44560638508752 74.67438528731792
38.24997495228305 73.06803595633852
30.90653338396012 69.04827889493966
49.926746518857115 72.24842182491703
28.89937655313647 74.87463820776448
27.539279048667286 68.71941989496653
33.401776946391216 71.49230371654762
28.17658588613773 73.51396500578717
40.05704211010486 68.4662732704218
40.66351180125721 71.08805978076543
38.734936169955006 73.35030098812845
39.61131332478276 75.71671273624418
44.839982863763964 71.1827162787841
31.65787439663356 70.0172560734832
25.09744191756475 67.68079225691831
27.746094495648254 64.8726293716595
38.48187333932144 75.70625821779132
45.44150962706699 71.53596022195391
35.145786139180515 70.84729566353731
39.022193252886275 73.2834087407447
10.013989775746099 66.41326195535574
57.89098496207316 85.38490840479857
43.130480202335136 70.7885495951092
53.17298717458667 75.01702238419925
43.582095338640514 74.35082297535925
31.6399268441342 69.85716461514414
49.63710549352182 73.92512563556481
49.7567522082352 72.7625090977677
46.62965329379591 86.63243273732041
43.09555486773522 75.01527585323822
30.310475036105725 67.01371230406934
32.543718087801196 69.73421076823907
33.070971913104756 69.17822489369841
33.02575141862644 74.07159517495978
39.065509548313 71.34303832666879
34.78686112025902 68.397380757105
44.21590604266622 70.69932440580655
24.00401499998473 66.50093130713064
43.192072696227584 72.05898665238173
35.70649321786371 72.041345371016
46.47644101198145 73.20929036375036
54.1176973906934 77.4301284595099
47.40397064867182 72.17119455168965
43.12098481427497 79.55390189385903
34.56111793124801 66.30616634745758
48.8237937952531 75.75939389534965
29.403753415756107 68.97337980150239
42.99069407566164 86.5343489263674
37.758724405677896 74.02397501391414
46.38264064526943 72.62350136741402
46.145170769471704 85.9957684754996
39.500924874899155 68.65917162883972
36.92726442781131 70.7778993067906
27.02420849687027 74.13644822827283
40.02549467094582 69.1752148889066
51.265039094226466 84.48502463552322
38.13476533525193 67.94296569579171
37.96294222670152 73.74545042608138
41.56674143393305 74.84082164868266
46.47826750394651 72.19359859695352
22.94513143711396 66.43671795572781
49.274485757664564 74.91261373900349
34.39379166802209 68.40298875302001
48.221354923143885 73.76594200598491
34.68610992243032 68.40667564007462
33.02429876556772 73.2354369104113
46.7744201215392 77.7223531176755
44.4140613032764 72.47810755227923
33.83961849824085 73.32910217839027
41.049172730804734 74.99253289992072
53.281771509727974 76.14211138419542
45.531627014935225 72.40152799298168
32.78792979887403 71.97811317358622
26.49316293958705 65.14814288456385
19.467340610535498 63.591938325491626
37.517322935666236 74.26571963896016
29.353832047956217 65.95481055175246
37.4393922903776 74.53752154544917
29.848255962557577 71.39558360067734
29.59426346476231 73.63313792824755
39.7619080121244 70.73781905152295
33.58045584151458 72.05243079912687
39.06039665195773 70.80164587615887
29.2152410039571 75.16921953453432
21.406370381100494 65.97303722735997
32.86547224487041 72.64068822873035
53.59453892060109 74.24430157073913
33.37409394353599 69.22601480592677
37.64723111939741 68.1378626723879
38.35446450188238 70.04793186084147
31.736572737531084 71.2571019914889
33.34391434612171 68.79279964651941
45.89625607834326 72.83303168608145
42.87466565759654 73.22868787642221
15.709313856679902 68.02525178975985
54.87059539247889 79.58341849197996
43.16446493839481 69.11101659076239
45.53255911326272 72.89750496837875
42.61428224587434 73.21378713887553
42.824245125032824 69.61930220265103
28.89198249275523 63.952674153274394
47.2323487572954 73.39061248043414
36.782100985291585 68.56469456617404
39.36757991646184 68.33345764144144
35.22338162520187 71.11876203934149
45.3293672560535 72.12893910389137
24.810009206683414 83.3787454644123
38.9068964583342 70.67478150342876
34.46036274772004 69.19442906818314
50.136916609591836 75.30807348994
26.799497990869977 78.89093033992012
39.2245996785695 71.44916629811381
46.36842527500894 77.20470982570764
45.995519549882964 72.68386040155137
29.9748606271952 66.93848942241821
35.77393575968085 74.00145444867498
55.192329331035054 76.24798300486148
30.638396764277815 80.10115100731484
42.96393347461846 71.44042681852288
48.18146056656964 73.44361069514333
27.1975858875183 68.42408302325663
30.25259890732976 72.5440919009418
27.20922164088601 67.23129461383628
32.88230814329998 74.83699431296118
37.902291987621844 76.36857846169244
18.42568055270686 67.52590879003935
21.559233812913682 74.69756839220487
52.778643182276 78.63256838121677
40.695028934706436 77.05465991802517
32.53231280190545 70.49986887392382
34.116964604830166 72.55186903431019
44.71667788316876 71.92280709812322
36.87953927032971 68.06741536016959
53.733355793711006 77.72700420597529
47.697967401138975 72.87166185221339
52.80790344363433 74.05232777707637
36.98419636215568 70.6065576054476
39.25927059007019 68.9607848810477
50.6602360457125 72.42086995054616
37.21614778530631 76.99486780852243
39.97484030907668 78.42516255634057
31.756808246488866 70.90439667377059
33.90414858827587 68.07389931294355
41.68518118861635 80.79236292265195
35.868017927951186 71.79989832219213
34.23106133080683 73.76870177212102
28.288675762721386 73.62129730445116
35.351857609831555 74.1701330796214
43.78745111948115 80.08049582989383
28.412585697414098 68.53027623909828
34.95350593420173 69.3118681029547
38.80649173248347 69.19632058702719
34.252379927044856 69.73544873247558
33.91804188805606 69.16728486739594
41.035694027149944 72.72377242037
40.3494756801875 70.5175500053255
29.941862196911934 69.06688858701983
43.62881251347516 74.63766561836371
32.02361154907367 66.02513414008097
45.33511785430919 72.43404710833862
30.93631559078363 67.70980447427475
54.2327493338954 73.65477808098812
18.903932167621203 72.23746044520507
55.04347754792363 78.09181510144575
44.15887171022485 70.71344129796073
25.808711471995963 73.35421220553422
38.54708505829712 69.50923563428002
26.796665870539936 67.16946913259376
48.7374560753533 73.49678813062803
34.418575268158314 70.6840400455904
29.6093845256359 68.24476299443153
31.83254634726821 69.74905198553364
44.691826987170764 80.1714286978417
42.385423538749095 69.0963575318949
45.51159944689258 73.7857678264358
49.970892068478555 76.0024697683987
43.318901600800004 73.09928660437686
35.527957384758395 72.03038167196006
45.159443204267056 70.0610453525626
36.1806663816912 70.72046393186783
15.382633733225523 68.7482648278328
45.47066084729156 73.05309669837514
30.661178804559093 67.86141597989281
45.11119408621737 86.49817424227821
39.95803466676863 75.76676061450493
33.77335426953775 70.49693032697446
46.910981010335426 70.83033340130311
37.438027295540344 69.80129157023521
41.29928682632035 81.18453395424152
43.657154737282085 76.14250195279602
45.70068149628818 71.46775089641068
38.276825460601515 74.50627762754935
38.44937817641256 74.06681928135265
43.07745549813791 71.55819147743262
29.24643423786138 71.21295893375256
46.16247941016074 72.07337730781923
48.786168725638994 73.508358841884
38.87891806307195 77.51760078755613
38.21215091601127 68.05011989185853
45.76631777491538 71.41663906792103
39.61631530900771 66.90090501701344
43.281931005343196 73.32936189283907
38.51943683343367 72.51221657718794
15.98827753848655 64.86925311282444
33.88517569228556 68.91303740992673
49.662863253679234 75.64936715768438
12.934369675500934 62.77652959428065
41.206828969044416 71.92859806834677
53.067694486856716 79.10917837089954
32.41872366269447 67.46406453462387
26.713443768088485 66.43850382771343
41.502193947228214 73.74236616213334
44.610433344558544 73.24404102699683
38.925250397152766 70.06025672523384
34.21007294977382 73.008577890113
40.027902651156964 70.52182632513792
45.11204041148241 70.65669843293739
34.42729478821123 70.46335603299885
30.08855057115167 69.51553928162552
36.936250678789634 70.50606671902332
33.565004239429314 71.02184846780862
46.052319117409375 75.13711087729828
33.224066398902885 69.7092562017123
41.39947169834277 77.78652330609229
39.62138680526472 69.5250109130632
43.36679984108268 76.74534308306315
20.95494682597086 64.96351572113363
20.072316993451487 65.10627007969329
35.78881649695785 71.98697905419002
13.420546977668659 80.10656695454523
21.999826455855118 65.81507511205966
17.96787036597203 66.2404491597339
38.615058399681516 74.7398957981434
35.83609056944474 80.83462205319208
33.7070751139235 82.86697681125514
53.29788670379409 73.77133753080669
39.30848409979954 68.1851675191609
50.12063700151996 75.39643451947408
24.969248673867934 67.47178523277113
33.3384135351539 74.91345297986157
41.45102704990311 74.62611184336485
47.22108996311446 75.50405551455353
23.58442367349774 64.33617605645773
41.861545958014794 72.87768372999399
57.63271682761997 76.2666040266362
44.11075917048802 71.76532840260674
31.832429662654107 66.94853563629245
46.90419311302189 77.71762413666016
27.48657851195489 70.91371703015542
41.280489346051304 73.77268441940261
27.429795727506253 80.7729054232683
39.353946195904506 70.10730148276173
59.27127292483112 78.7799481609958
34.31882916540461 69.09553346373664
27.48096407159144 68.97703905080328
44.910626304857765 71.57540871147894
43.366811671919486 69.92319641433976
34.3539891386807 71.0274568995115
34.169723361135794 67.8436627462033
53.43758853458334 81.47333850233781
46.808710720972066 72.88835241009205
38.895436232625954 68.61188637115745
23.761400787875488 67.9949718676185
35.580796741294954 66.24015664533478
28.048741294465284 71.7094119453429
38.72682165879018 71.66973154225511
17.18243763959292 69.69169071164431
44.77526765218913 71.49523380715092
13.7272880168999 62.953687585412425
34.79744819995508 80.82896031674507
33.18957860464318 72.3293076830425
40.85865971019477 73.66960715016181
47.14462828812516 72.95855541933153
20.805482029234756 69.20552162524906
39.00500187529191 72.77946203487076
34.0306833905179 71.40792588710494
34.59383210154543 72.97544498157131
26.958265742573598 69.3034465493779
36.86143274286942 71.00955178565543
37.7555275580068 72.16621506956854
37.694487199732855 74.186637733679
37.68478486891323 70.2962885201708
40.48070526720238 71.59759694458612
42.2311416667773 70.7041872199293
38.527055423836785 71.9702868087104
47.13271021937218 76.90966686989239
37.101049505742104 68.10495529835312
39.86851467655382 70.35862217744796
38.24362669997423 71.67238323553113
32.48002002238808 69.14429919531393
28.5392584717449 69.30274784088023
40.98945373420455 70.7801333940415
35.876910234989055 67.8224562043371
44.35260615986769 74.60220292360533
37.23009770434541 70.77953714505624
25.42466876046865 67.39236607549415
49.54183335307404 74.00479182550971
46.582935574358956 73.77818059587662
51.346554194512635 74.46724833935053
49.11440818401389 78.72748691934373
39.84795942019843 69.78111696768582
48.11092806502701 84.83617573710755
43.98165760732524 70.25630848486034
40.563298896899134 71.9193685131103
44.5926580057372 72.3246277676395
46.374397408921624 76.93899790644446
26.08324134043896 70.20098223262356
38.42998326257975 67.26578770445735
32.22455858064247 71.80714371147822
18.08723251558917 70.65640470793934
39.37400638398829 76.98166347892837
18.316717325103987 69.38710321983396
43.19178826866107 72.6585713567498
50.700435710015995 79.85387030725413
46.089600954835234 71.32905522089123
45.47379236914126 76.73956735424684
34.69130648438771 74.02989867804827
26.94387599948216 70.60137269982306
36.966156163243205 71.63029723086062
20.503259605476504 69.03443702724725
46.64526257026389 73.61312414014975
40.96821880344815 77.932748167045
36.38394716879385 69.63650257793412
39.07552855484602 72.48364815548749
39.33706995171905 70.01749577268973
42.316655562056134 74.02272054466482
35.85803280386173 68.86429496964666
40.11585978550144 71.759422330831
41.973101984116475 69.43997199096779
30.936313675765906 66.98393531451096
42.18777725881717 71.28526677306705
48.003264517786825 73.69442874470103
35.22250697667707 71.00752929302767
44.39203221775425 69.4625217915965
24.6271496902191 71.29684510577427
44.024164504100106 72.09619137567523
35.49656809078765 68.69864288124279
47.269351821418596 72.07545276754968
28.593149365918237 68.75481868304082
36.195186036196496 72.90631210259477
31.299810987860244 67.21973489255323
27.099385430058106 74.72849755064891
11.328419929832352 64.59169034450866
34.97608200482899 70.00219070459822
46.025607772402324 77.78066024554968
46.266896451418425 86.00035083469344
48.12537074284292 75.87744798455536
33.41136848342323 70.06476834042286
23.422312924982364 69.11910155316686
45.62671148710517 70.20619814811343
36.92641753053934 68.11517694141575
45.499720115217904 76.62283232854308
44.43452416963888 73.57836949674837
34.28620552006597 65.79632530801642
48.921577700043414 73.04161421595511
40.128133608973386 71.51655607340511
24.61309463720978 64.82692977344384
45.41624247876976 77.31079319472502
45.785710451937575 73.60449367966717
45.58730970636124 70.47206109291929
27.44327141479809 64.86718353501237
51.16518107707945 72.1752967225371
36.668113140745014 72.39341610165552
52.26558110120053 86.21671821149764
52.02167741392994 74.91700227394617
37.57348564609432 69.40186514702808
49.14527437482814 75.91251922702061
38.837038862084974 70.03072092068702
42.27489499639689 70.90465563234882
43.028865088946525 72.09599797260547
48.15090789339343 72.34686116607467
31.708102795032797 72.42755336289235
36.696536680848844 71.96189480148679
38.96112563651961 68.74275312138856
24.57207128292362 68.68645117109588
33.4779243207703 81.19704823768735
44.562798642907374 70.25860424937159
36.5496728764508 69.00240195683625
30.227592295171895 63.49304323131825
34.702318774663986 69.13123330311151
47.140843698814805 70.93200825129131
45.63923404924597 70.39828105403534
