61.387155227645145 64.23554139595562
57.22318950597999 60.4557540865018
62.741596463515116 65.49381206306337
61.616665113821455 64.41191559890137
60.689974279173505 63.57069098542059
59.875551834621106 62.76303381023022
56.32391385450961 59.58107636575676
56.87934059386082 60.05655064826637
58.10903660498281 61.154786909968394
58.5258141667368 61.55824887165918
55.821908594147345 59.14399126122285
58.36854864423905 61.437426492592934
55.14270082238171 58.455228138284845
57.369331330644734 60.56602088468347
59.80758297558484 62.720214961884004
57.71089517856684 60.846580525010786
57.60725023949993 60.844564535292534
60.6424845633012 63.65314241753751
56.20107326061916 59.454924623629076
57.85298338844898 60.960871773735555
59.678804942420214 62.668545750349814
57.74785814885068 60.947229304823544
58.946657526584715 61.94459213239067
58.58064561088213 61.64212561332848
58.261513266215864 61.365680589472916
56.433380521660595 59.77192763107448
59.75041500279966 62.688145034506576
58.912271630636376 62.00670824553811
59.38581276440147 62.28390909471377
58.86728475915354 61.80004888954338
57.59772243809644 60.788530209563156
59.547318393549375 62.45200678594172
59.300986112837094 62.3696666018691
57.28097142999696 60.46257869314072
54.61932235355552 57.96223216003987
57.304224718989865 60.41317355196833
58.46266005943459 61.42306366488667
58.244899095665154 61.237330185117074
59.1681380126898 62.11922208062539
57.30243790568926 60.56646143334592
56.686582576309334 59.85997567770064
58.354384739452556 61.54773397379245
57.720164039787136 60.893300580998485
58.20006333767066 61.21183203025911
59.542124570037 62.570385547778606
58.26249797024065 61.27251177846424
58.241581199441725 61.252849529323484
59.230202224773265 62.29303391710069
59.585217703270196 62.50101081943834
59.26077990095335 62.08562963979068
57.55279011501813 60.65936329136725
60.316948908260535 63.23297074977686
56.873512792977415 59.99332550690473
57.13735594874129 60.228573729419864
56.24083949584758 59.500680319799905
58.17444652806948 61.19410073403514
59.91014514848177 62.95147284239625
55.138097306787095 58.482212435363046
58.09892074717971 61.19486308836319
57.924540978303604 60.89537254860049
60.96671780495996 63.83815228006247
57.804767338441 60.95200142836714
60.48576338062565 63.41681594355862
60.21707374636555 63.106106250683446
56.979655305953855 60.036938917443386
57.03118507074282 60.19712744658206
59.63114420564398 62.51884955354504
57.259482534150145 60.278733063181065
58.71093390799784 61.79685199726472
60.959892738691515 63.79552428583421
58.54472813847381 61.55121544992623
57.96339376554631 60.99945361641769
59.7475672535647 62.71136281272587
56.595649994748 59.94512390360536
58.238183480648686 61.30432258904887
62.269333347380275 64.92289251565451
57.997410349037445 61.04260230761207
57.22569578026909 60.32092936844759
58.86701711852772 61.89919126589425
59.43599402546347 62.40210249402183
56.94898895472686 60.135068589690846
61.03824149264765 63.82236060003821
56.974200648987676 60.21858188319715
58.17445761800001 61.22429983360712
58.47950619668719 61.56575910842832
58.99076857984148 62.14537371880681
55.60932302995677 58.824530264800394
58.76713290538156 61.69443005932607
56.896063198040615 60.04582856882994
56.0483098163327 59.43288160524556
57.411528315424476 60.551349761958946
59.52947648108854 62.54290616531696
57.593156359988754 60.735203950406024
54.823659661456595 58.171240685016414
56.98791008721553 60.114969665663985
57.10730359480393 60.328581381768025
61.700818507320236 64.48749514297725
58.83144363659868 61.97443733608795
60.33156086217013 63.291288087931115
56.86352306019778 60.04849368086939
57.97770578269896 61.08428307776761
54.776452256263546 58.21358773012479
60.129422359539 63.03314072819104
59.806001509987446 62.72639751370146
59.24671182736043 62.30182866556877
57.425734318359396 60.65307691252533
59.116720243603794 62.06714571925803
58.29886387301634 61.44990555514498
55.354682062999856 58.61090380253118
62.087374037625956 64.84990568870118
56.45694230901949 59.649424598651805
58.379806600562404 61.42108396166675
58.28749382202592 61.375041029365825
60.114305873942904 63.075231264696136
58.20404113396246 61.3596787762333
61.885707223415174 64.66866128381302
57.00175935772777 60.12602931800118
56.811779052065006 60.01953652665491
57.246021708444296 60.40992670966386
59.483559437044654 62.36964507055106
57.03775419111218 60.15908932668241
58.3786887034409 61.492548800256365
57.88092435721362 60.94624190065202
61.61892570544835 64.46151386520701
59.69211891640211 62.65863323534765
58.386204340695784 61.422555452759475
60.306558958363276 63.246791513807864
59.776897066352326 62.66602278968085
58.85669534817765 61.80274928853266
57.94831799982126 60.94924120429493
61.7176366013322 64.62132389241957
56.184623963261686 59.483992395973345
58.4238402637964 61.448482399475665
58.63204759367589 61.72948680035926
60.984824271704966 63.826896337856525
57.976875168345785 61.063841470015404
59.718932008676454 62.638857237530054
57.765627422707375 60.853837887204875
55.57937457690138 58.85467330461276
57.26708748587284 60.34219590364778
59.64460125579091 62.51806864651289
55.76154701556371 59.03944787120812
57.7584278600889 60.98236431704589
55.757422686363896 59.22353697436521
58.60680485034542 61.6155365980733
58.2256411885502 61.29898662615117
58.66549359112683 61.74617351292978
58.591674953572806 61.59896826708523
59.205633352496946 62.17281402887967
58.1026156730166 61.128921633520704
58.4638484520106 61.51253625286191
59.31914084214256 62.445820597112956
58.65662343033538 61.73425191580659
60.64351010570438 63.48839380729159
59.605097830571864 62.61685860587902
55.97924916176526 59.280920380334315
60.65796547379785 63.52181774349542
59.21450349104021 62.063341722087934
59.13540223988293 62.10637686953857
58.42324994818914 61.4704519501161
60.628100429995165 63.45430920848583
60.420540436609365 63.26837885334218
60.0967731521069 63.15696639732169
60.1606131561271 63.02588333587478
60.08524161771957 62.93744271710664
59.79997083003717 62.83452939112241
56.19852425392844 59.32152096851417
59.398965989347296 62.26013185007286
58.28974164985955 61.318425639292336
57.413072355394064 60.47306812390308
58.283283922048035 61.29584538640458
58.376567816171715 61.40912433907093
57.73197552552669 60.88089010790969
59.65329352621229 62.578595388298204
60.32304125466437 63.29263995538497
59.03991045491151 62.16210555721128
56.408743547279336 59.533990508864846
58.39047849533807 61.3682139698566
59.218098832965254 62.11425702513382
59.52459986476948 62.47656038312082
59.62461751198594 62.57401264470099
58.10360676509387 61.20732476218395
59.10008805625543 62.09261062568981
60.48668738086106 63.365361712708115
58.151635952829324 61.211628951931054
58.44131078113692 61.534575399360776
56.01086006616782 59.36230047609968
59.32405704927386 62.291431009917595
61.61840307956195 64.36110591413448
57.411804431950124 60.4371802485316
59.765407633520674 62.7376148284058
59.2131549672296 62.24348160961298
53.97478577744314 57.44545383527592
54.559362068302164 57.83563739028907
59.982136224371146 62.98197024546888
60.922874980166974 63.75232016113437
60.45285037465354 63.36018756106699
59.50637753979944 62.4466320096983
57.462311690506965 60.655823812501026
60.16072417268467 63.170971815919344
56.96463143336938 60.130580441774924
58.83079006543523 61.98385125847342
59.36606538108304 62.3218468334383
57.72015079133945 60.676544597860314
57.6300355203011 60.719045169802996
58.89211795544917 62.027346727390196
60.65947467313277 63.57540715813544
57.42635833094037 60.657288751651066
59.435552923341014 62.39142398462925
59.59796344188859 62.610295204077524
54.88422200851815 58.306512695167726
60.131123575043716 63.04758527676115
54.44958697616214 57.920936280723566
58.22051050783681 61.305215952065296
59.71018152363345 62.77785632120439
57.777236765865986 60.86161618762579
60.86061804363643 63.65627865771993
59.7895110967043 62.64672922884647
58.54975893616737 61.62381818823644
59.01150002394554 61.96987647057315
57.629885759782304 60.723923786874
57.477485695385475 60.59000121145172
60.29039062257926 63.15986129787424
56.24971557030399 59.438055821777986
58.54041289040048 61.61997811279123
59.01001627654906 62.04634068739476
58.401799492931914 61.47735541572527
57.451403238217644 60.529821038645515
57.85567867229231 60.97844061790319
58.976925320581486 61.868379902954054
60.194923855294995 63.10048969558626
58.2750510110878 61.375413930537086
55.86250407188422 59.29290723112733
57.290090502151926 60.50651614739068
55.8991912513408 59.25432119021379
58.78208809646306 61.9150593814337
60.39407194821186 63.27742601742853
57.33579258849434 60.536001788207834
59.89141531460667 62.83999954681388
58.68562458483797 61.74790374708321
56.576786929349296 59.790390243856066
59.516512809542704 62.50533963890798
55.93441202417933 59.18131773394963
56.921556644069014 59.985967635154594
58.580208431458196 61.54415425267188
61.09238061002957 63.92150427672361
61.06224309370017 63.98523891199627
55.57071428732023 58.76667805822817
59.23590179624926 62.21785372768555
59.95562320035055 62.91742974588404
56.954979107497074 60.104121046153814
59.632182112019834 62.56040593159369
60.167200346050656 63.068022577908245
55.05182744000922 58.33980091257631
57.76691031045337 60.980192122410145
54.59228123210206 57.96267024844753
57.26295648941856 60.432760924409685
58.23565474457253 61.35456540611685
59.184027479677994 62.14181718101202
58.21810671694262 61.289328932536286
57.12386722632073 60.27328900848545
59.31031657798325 62.305688932757505
58.883365378314984 61.877119269310136
58.56692401797726 61.60531045649373
58.09844641935287 61.11294018967076
53.583924844631426 57.0092703104351
59.45121256898867 62.47861398918572
58.39876088584598 61.60522059224568
59.0711782838443 62.12438559338414
59.23117861013473 62.22984509863523
59.03469060126653 62.04960459521551
59.14533274759093 62.173355060980604
59.35346667421542 62.30122764441784
59.39628599964458 62.28947750126828
58.585963530342376 61.57727541332284
55.9283159683517 59.203935322138506
58.86572165968919 61.81186090511215
57.31413204826741 60.48135832755906
57.940178071520485 61.072333618598684
57.44592355119692 60.64843522693819
58.10838388905071 61.096160414884054
57.581876304162186 60.66263576991288
58.54769832445295 61.515930273923885
60.730872654394595 63.533097533838976
59.638556867578494 62.5899875943986
58.29864388837119 61.38465963845498
57.36543706241875 60.58039694448512
55.072359591035735 58.46418654949016
55.102530792102485 58.602700756692684
57.46402696215176 60.54340142624486
59.9660778091074 62.817731878036085
60.09316253947498 63.116949566695844
54.692042915828125 57.98825444405519
59.7163744414021 62.63761076545808
59.08783546564141 62.08617241904706
57.36065525476121 60.59015295225284
56.63274364390057 59.89491730428161
60.42653623046472 63.276362805677856
58.851043311309745 61.88030722141314
57.89320301772919 61.032188636869265
58.587597349417386 61.60411448478127
58.05654291705609 61.14756707365565
56.50684413647737 59.63189004386498
60.58302106540309 63.38901456844305
55.891100022186876 59.243834615043006
57.4717545987847 60.52133570463805
59.92008620809407 62.763087353645616
61.01388203276931 63.88121992556447
58.22047251795388 61.32059399721809
58.799492747631 61.85573063639068
58.09078472313489 61.1502343575427
58.502194962024525 61.586672196139354
59.35697134380104 62.37810302114129
58.313921062350836 61.38496567705255
59.70024896281274 62.635833111617735
59.81654275193321 62.757699704204526
58.85882436450958 61.874742143154286
56.7232165383708 59.86333285364922
58.601430405936696 61.500273946575604
59.33206368837931 62.33686703554675
58.69249443315327 61.76845917503664
57.95961133449078 61.05921723218743
58.736322909638396 61.70185433026323
58.3480628727393 61.430371302249725
55.07676769458241 58.39382539775398
56.38986959232285 59.69211996807007
59.06298864967975 62.16776124042426
57.36680820175974 60.46721009555121
57.707918318487245 60.87938716798995
57.14086459613496 60.33182983179972
60.205927138930846 63.203404590589884
59.28299111380607 62.24733985771336
58.70167157788565 61.59605793814769
59.15846215084195 62.10946021355341
57.32934430336782 60.43075498184125
58.68457980841105 61.80558774079745
57.548141156937405 60.68010810299352
58.50174956046071 61.57745122955075
59.92140835845778 62.778362990255296
57.99452666109908 61.154456151015914
59.633689531443245 62.55345904075342
57.00020941545457 60.18579412892203
57.63414119661706 60.8164576707503
58.05056878273827 61.14290132128261
60.61405847227724 63.446137747907464
55.07587432741757 58.3965308000031
59.05612010438065 62.04479565150471
59.91429759984754 62.9104794849303
60.08621511777791 63.08697836209501
58.03824680452936 61.144154491530685
56.248844056548016 59.524634758842716
57.60426746782426 60.748907261134825
56.68740286497689 59.92817163243887
60.742463625957086 63.54182187278262
56.25238149172262 59.473247241565154
57.39731878658631 60.58937513305183
58.80586081795307 61.92193895013522
59.21536753250899 62.231172391302394
57.63471584642218 60.65665569116307
58.715280043032216 61.76346100693326
55.9426174460801 59.200139315293455
60.68457395462853 63.5032687791564
59.023820723310116 62.08069622951206
56.95186170183496 60.215630580120596
56.96459863787193 60.18461520441966
57.7963046436268 60.88597565574345
60.40097820860783 63.43719696250795
56.13692173917689 59.38058674977409
54.86759763621634 58.230527910052864
56.58871558559065 59.89505442765728
58.122441286523504 61.17457622518718
60.40468584463069 63.36966805082299
59.07948230895785 62.17497080854407
57.93060531046347 61.04319530593549
59.48701992320146 62.410463175277236
59.092536476016434 62.11116771568235
59.179097396208476 62.175208160914
59.65569086739209 62.58318752181042
57.29898423863277 60.384999607438544
58.99105186629855 62.00941531352846
60.61907221423766 63.5038548861719
57.874574250563064 60.961436623260546
56.99013606751577 60.2062546985642
61.70029052732142 64.45252331618397
57.90907157226594 60.93318818079026
58.94987140560952 61.959319660598375
57.66012555665474 60.74151194857922
60.5077360545836 63.41354092640252
57.66246418061255 60.85967597916189
58.76838795473592 61.78573802711964
58.9009547771322 62.002881416870245
57.417002406679494 60.595418458761394
60.27371024329581 63.178255086283954
60.009784269915755 62.990710574454496
59.58984724803949 62.545528222554914
57.739031513054165 60.74528650161846
58.56827776427946 61.757929494711085
57.73148952096985 60.81145005249029
57.01693730977346 60.21566479506946
57.755053628033956 60.854371572085135
58.14598883385715 61.35807018028426
58.456670187078856 61.54934631731572
59.58081965859952 62.5743008376179
59.02843228191274 62.03793939356209
58.72596079682223 61.747616761645126
58.340285513336376 61.446869575230494
57.2233845774256 60.538232675288796
58.83504540295516 61.73317380265695
58.992672941221684 62.01874205101598
56.60857156648909 59.83569498425231
57.784140070787345 60.94747312081964
57.10017034954657 60.285902467843314
60.86091330877124 63.638110900789144
58.911365105520055 61.95827404112659
59.147168920081896 62.05082536611244
56.76695477816363 60.019796712225364
57.18900939321163 60.41083476433744
58.6356858893417 61.656802211948
61.55223008015087 64.34417759199508
57.152695982073936 60.38266440454707
57.899317999380415 61.092774207429386
58.58146802039127 61.621025418256465
60.804087651993314 63.74829941924492
56.93762208130831 60.0890447853997
58.528755854129436 61.546172575037524
57.85058274689598 61.05653513526603
57.9451042668598 60.997725024776656
57.95572909478542 61.12432712469726
60.40470731858916 63.31448096863349
60.268557287175724 63.15036029781668
58.707330064504504 61.67084242390134
55.5852873069194 58.96638796196896
58.225245292869005 61.359309270232444
61.48805956572776 64.30414756427821
57.09806979676869 60.367723054425554
58.988969172436775 61.977258399755605
58.027138635712014 61.14348363190137
58.498913761712046 61.58450775244421
60.46263223116725 63.361725371118254
57.27162288337535 60.52488436607434
58.69497044567755 61.801989617235144
56.474833597936076 59.679137714388254
57.673709574428884 60.82939479044097
59.35485826029345 62.263169727371505
60.34942103346856 63.20838979616191
60.11103421359446 63.076586386678756
57.49473808994383 60.72252588168497
57.976295728276554 61.08670474508066
58.85117535610791 61.90158235247541
57.81618387124671 60.91841591130518
56.89658733341381 60.05895500770106
58.30978258444681 61.311076549821315
57.178356232496604 60.402782255973804
57.0314558209385 60.27266105392983
58.65571397114582 61.68092887598995
57.83987790203261 61.005699311404165
56.0994473761785 59.35049982367169
59.00825539559477 62.097181206516346
55.28267191625841 58.55310450668211
56.763446651848014 60.026584493555156
58.8313205501277 61.78877751821556
57.62679743840119 60.73073842126525
57.7317630324537 60.88031227140922
55.90222103162951 59.214879944134346
57.55100762662283 60.702192093303864
58.497789801943526 61.49569535639635
57.223921250562874 60.33536854028201
59.74397328652727 62.68002535251953
59.00152696515148 62.00590094301956
58.9294518256296 61.87484705647168
60.50412054153835 63.29715771303459
57.44266694977539 60.6858719374475
59.01608428771236 62.064909180795645
56.870912160618694 60.10308804985995
55.922834496896485 59.11881603211115
57.509934189669394 60.576905286153355
58.97469967257979 62.02183608084603
59.20591402071959 62.10440804214444
58.864922914514786 61.84914516875136
58.23930584977501 61.29733403930891
58.33079687060713 61.453162387160646
61.016201040829394 63.948164492404196
57.23601336473347 60.392907345782326
56.720734568590515 59.93264511167585
58.139695210496306 61.14977754837796
57.274841592290265 60.513396602328136
58.22643718108714 61.26376598146611
55.373999797306865 58.67208516901889
58.78380978268244 61.852190869782845
59.0548706657739 62.149511150079604
58.08565933917842 61.11421035948172
61.56127844402845 64.30772257543452
61.06738906234044 63.881537212561476
57.16848403647709 60.35316598880044
56.46135398067967 59.75529890097976
56.360061292461324 59.62050667730941
61.63493516185796 64.40901195063778
59.524562788581676 62.42806400385967
60.36617887977109 63.25417541612423
57.17306090865187 60.355558443051514
57.683802324574366 60.77207764256574
59.43882311176092 62.37366631573764
58.19458554325456 61.4034199458966
60.02145659222123 62.78598432348896
60.24736599775964 63.07214652170868
59.35882925877479 62.3569031679051
58.612098468656434 61.65362408970429
59.634140901091584 62.52227119056861
58.36005650345882 61.32537141768168
60.98895643652163 63.824302084356034
59.31554898160855 62.29079651804915
56.55515955346006 59.90433763708802
58.00259178702193 61.06694636367063
57.39213623382145 60.733515983110145
59.351183377098614 62.44345458184919
58.61385348259098 61.59798630825134
57.5432835249475 60.77083023995626
59.357488161308915 62.3035861969231
59.086828049724666 62.159443302182034
59.13882807308683 62.13380736905086
60.52827491280698 63.53114961545639
56.13120246978122 59.43282673070439
56.60942797397082 59.76706041793072
56.88343951492239 60.11716545383176
61.37932872613003 64.18131209089289
58.42931914262267 61.48545457806099
60.53787957261634 63.38302956360833
56.91257786261335 60.097524917009395
58.90531090171321 61.901658105026975
54.36509971664695 57.81466151119748
59.498289033955515 62.45474328210246
59.45351045028406 62.539362028328554
57.02010012588997 60.259084090227944
58.37041098135538 61.42886366440229
59.02378562284694 62.08467866111986
59.72833742105201 62.6522093258332
57.62839624884446 60.73688058855265
59.50215466334747 62.432949569983215
58.954612309291925 61.91300917793447
56.09212429989037 59.26138008144628
58.277976332010496 61.41794614728938
59.316070563352675 62.217111489561816
60.25683099694517 63.159308915229175
60.332281769651686 63.20639534265583
58.098808153514476 61.120521786077155
59.15617389084567 62.3276456611619
59.106876772819234 62.11749398209215
61.6489314896883 64.4120387028968
57.61278154210669 60.627666687669205
55.77313342074 59.080269920635544
57.28046981988136 60.454793942664274
59.09399035230267 62.049615894588065
59.295179834380946 62.19851172876369
61.30785137657507 64.24706463404699
59.76730936002513 62.70291873853811
59.32375415643945 62.31002180172962
58.05799153078793 61.21561043344976
59.88985925809366 62.85988122619715
59.32015450447213 62.253191222628274
59.318542467618954 62.326029907822914
60.678623364646604 63.504198274817405
58.853229983489754 61.97688910328111
56.78828818577925 59.999935916469354
58.53226092730027 61.742200989237986
57.22343111096226 60.44812801818927
59.341996416696865 62.3249684023503
58.332878341374496 61.494226280242515
58.133799608562924 61.23391531047147
60.66411086558127 63.548627087705164
59.339046379468016 62.37855252300834
59.94693516564668 62.810621337412016
60.684419491606754 63.62929027117472
59.52694894119956 62.31998238414259
60.50480284215819 63.420668304657475
57.26299120865717 60.395404463076034
58.396983565904925 61.39159206944573
57.971200756090916 61.0502017694417
57.25921114977756 60.43217082720558
58.854882497470626 61.91468825937004
58.719315562428946 61.843574110866484
59.22251534435334 62.250807161631926
60.49359976249793 63.312652551543685
59.301451565942685 62.23492768319082
59.31349700682559 62.27400700175577
60.60585097817108 63.54264167597348
58.45083820722162 61.487445264990335
58.946571870741984 61.90596310965191
59.9919878789507 62.88190563605706
59.47342161448683 62.44209771730017
57.66286700936142 60.83487893304318
55.26238707225762 58.52914227117614
57.28953190808413 60.45389489751154
57.91743943232561 61.13459099476365
58.01656924463771 61.092775297930466
58.57087474517921 61.564231163125676
55.47592760728561 58.7245142226179
60.71208529870163 63.651209035503214
60.04391495582744 63.05153524632956
57.23631764761108 60.428342566252155
56.82901287920283 60.03216871084961
60.95431900545543 63.85438494426407
59.60091636450589 62.60263505772637
60.707709048403245 63.66942846923794
59.69802550054973 62.63315274467558
58.90608596482635 61.895083752627414
57.44093683163596 60.53074432867738
59.16720150570615 62.10078934479947
58.67530223864048 61.764105613344285
60.50944385977659 63.380900724733706
59.57529056220535 62.492021143411996
57.65063021205685 60.7403517718533
59.291240827813816 62.288081967930154
58.4282531005143 61.41668676251213
59.20889048915518 62.23137829099346
57.58007214309011 60.794324812417145
60.81678181291115 63.614288065406626
58.516021611350865 61.55781284713187
60.58292939254911 63.40720720145034
58.124444607768744 61.18957712077198
60.79390420278961 63.710143722023126
58.11349861282467 61.25701182222032
56.544162616922705 59.701179765720724
57.58336560982986 60.695092285188565
59.52016957509218 62.51810897857032
56.16062213767498 59.408901344289724
57.70443727624727 60.87434219494458
61.083458091925344 63.92980923443964
60.52127451872483 63.42777490434714
59.12735319638701 62.09230963310295
58.66553127043917 61.70702746246354
57.53173573725368 60.70204987826701
58.2533422608003 61.30117863827995
59.249138778829845 62.162129505977546
58.45451737742432 61.54507802232769
58.491101903887284 61.572871552722496
58.43195839556084 61.43815721878404
56.481920249328354 59.64161921264482
56.78551544292335 59.905008682694636
56.6052104019439 59.81815613594041
55.38599943356165 58.72673171248468
59.26886141047955 62.20017188926001
57.12966213160183 60.42738398324282
57.113490843416336 60.166357676328396
59.11289636970209 62.11577905731846
60.802855747050934 63.67415459178471
57.8478802034495 61.02892249162995
59.59792862327174 62.5887248072039
58.71829897608978 61.73358589927774
55.20797240838289 58.55429361733725
55.92121485755751 59.21080803731864
55.83648560039195 59.33828557776656
57.09184174472286 60.30608359617113
60.10567601832233 63.031730256293464
56.05735874560623 59.387337317173575
56.954638437144304 60.03857698009833
60.676852934000564 63.4970416044264
58.92537050271722 62.1037665923994
57.890706596383794 60.940071570086516
60.23711909596286 63.30912148722973
61.044248566876696 63.85797263121662
58.03278503668187 61.11975420864961
58.11113583933602 61.192740663715284
56.527814080070044 59.73548731860239
58.56198970596242 61.624247896348024
61.234048832468595 63.986723746243506
57.11161097363569 60.306784793550676
58.94004710808055 62.012861688701335
61.06150902360907 63.85114089886458
59.47864210034128 62.43145406971829
61.09762703138487 64.01648343974288
58.651179955180105 61.68674253484042
60.75950786563822 63.58878048093283
58.73999665188915 61.71777757790432
56.76662453686679 59.98881668241947
58.873694570183204 61.85162423343801
57.18327100813895 60.32760414592249
58.606393608416326 61.63636091737252
60.08467530300104 62.8829177354443
59.674528720659694 62.57050147464302
60.94185964380422 63.90956904810204
56.41658912519747 59.788122202483805
59.57151754896037 62.4638661494174
60.39205120570123 63.22449772148395
59.37086300647023 62.350232671634224
60.695432235331296 63.51153361370502
58.7922748411643 61.76456639692166
57.50725484658085 60.66752402743995
56.25762306498375 59.46274153087838
58.59351135161368 61.61561873251934
59.75317270408852 62.739985307259246
57.525677574305575 60.6279154761127
58.16454889002095 61.23597316987634
58.060115387245574 61.12818996792222
57.45209079697652 60.531890753611854
60.35139133753394 63.234503627768476
59.115853112878106 62.09242544192866
60.17786093983824 63.29718808797247
58.53449434734221 61.631225371129055
57.802853074744256 60.8803784257586
57.351481231079575 60.429861488849035
