50.96270034130373 77.63929387459244
33.33732054194606 80.65803861319726
18.295668479923354 84.40748045664273
18.68440425216676 77.61954469261723
33.32551400051122 74.2091554110134
22.18420604820144 79.49198570395765
57.4127403193019 76.70161667013828
42.58577446013275 73.3507374785859
53.86541974041012 76.640602484783
34.27062468215381 76.0612487006592
52.11565124800453 76.88259725704282
40.16961997190773 84.56366704235528
37.455498925188586 72.7656252843318
44.53875569279778 75.26201528124675
21.74113131717554 84.77150727135769
32.96957411632099 75.12308436895425
40.872155008307956 75.2512232201776
28.277553879417678 71.58886917838967
43.02171044721834 76.09410083418913
48.73534381750101 76.70624286130729
28.13482087342361 85.47707431037617
51.07803873654126 78.47299085538495
56.84545746093314 76.76438748885373
49.986177210206726 75.41010885514402
47.329905511240035 75.49331366999596
25.255009852618965 73.13636458935224
51.93323274954856 76.13743752770816
48.86206252834813 82.20261846291972
40.405956771559026 76.09076402453903
33.68346072082645 84.72918216386836
53.24058283043919 84.5186081863276
47.3272667022915 77.7147875181999
34.87724836664373 76.7813311905254
45.74149800728303 78.18120950070671
42.69403799643393 75.58855535381086
39.3117140177111 75.81923256339182
30.420432278754753 83.57731911717524
39.15567206026915 75.46905362403102
33.34097872622695 74.63000179368035
45.576505825079494 75.04615975418928
37.39230257619239 73.56540160388099
63.71313663066569 79.98029729269321
44.07121062443557 77.47021562685809
47.055647607279006 76.55276565154672
50.57859670382772 76.33589189494604
18.23604163299366 70.98843684502141
36.16911151023547 74.02857345018985
34.42666487184937 74.35116814210899
36.51335435870724 73.32721196959372
45.98081431432899 84.42860774880455
38.12226922970101 72.48465490315132
43.123173635633705 74.87574957459238
35.394939932861874 75.30076572748918
62.209452173895215 83.6832792385253
38.50627321929548 76.28634537726566
28.223579637082047 84.52785007111011
44.781131511817854 75.58802512308006
44.50872013477012 76.93982727980148
24.97794277443508 73.80248506648587
40.31477474481355 74.53926833749105
31.423583366877143 84.7624170522292
38.73801984155578 76.15132495974966
52.72408143652241 78.57811351944353
43.037277143763966 77.5787695238321
45.32108923381078 76.98942706980709
50.93597723163929 77.22378681745684
24.43826782502942 72.99511114482745
49.49403862676012 75.00946760868773
48.29435730426653 74.42441730277373
30.91003000301008 73.01385991275758
44.93925867067006 77.00059787263804
49.88444843861115 76.9495986917461
46.59709319401867 75.76190499099884
52.47688031032878 77.0374228827548
57.349395610657474 79.95233169746142
48.538224335435935 75.50746266255008
55.568403525577864 81.6844068734252
24.719331302408392 84.6712325466652
37.03759687933246 74.62907296839275
30.172098284626127 71.52006535986582
