37.79301326005505 61.897918765555595
53.60784759487938 72.67736112963732
56.756011622249666 70.96164198328658
26.741681008731 61.319329696664695
46.10283463092261 66.51053759905969
47.5129016299217 69.47227741517786
48.203927401217655 66.45184459435832
48.15088207907686 66.41277753764291
20.781542555239163 57.14368525176737
32.407734151363925 60.010906904092735
34.793747943069164 68.69251026188107
49.03601435730913 69.87039557332973
51.36111422249374 69.22471717077832
56.18918849038763 73.79280341213371
57.78830319199861 75.27055539659665
51.339291853673394 68.47811692183195
52.52354388126302 69.63750182891269
49.541782889902805 67.56448265508702
50.081579652091186 68.78027822933545
54.1540306584579 70.66839831160988
52.04121189261644 69.33903965137898
41.13729413510397 67.20670131996935
42.70850520267115 63.52637557263723
49.512328305195176 70.10704208399206
38.62716016530696 64.81462016491807
47.81708609228984 68.99753984098534
53.203523116640746 71.86335475741858
33.392495140826405 64.49727861344455
52.18683976069354 68.7125107782672
46.901643888693364 66.88146053968916
49.3453374336285 68.69744960801671
42.03084699345124 67.8619121036385
54.253049574685974 69.87195887832682
43.142406308640176 66.00514218274138
42.13318323667022 65.3939263097134
45.42888724762951 65.27087224886871
37.092341494913384 63.40944164659662
44.73667506876501 65.61209418480715
37.66529806358635 60.77209916980348
40.08918618660678 65.28687933645574
43.639578120238106 66.42700014326962
44.07341214334916 65.0336250748687
50.11363511888986 68.46231181700082
41.59713999802943 65.57508977147475
51.03880199775215 72.29741821523297
40.72246558234732 63.265935594293644
48.99232811142267 68.50191562222737
46.0489686477127 69.03794150184203
49.66614231051305 68.70855834287228
38.143204280018104 64.46659439765627
44.593486232723436 65.35876672872496
50.26111478691288 69.02173966561907
54.72787631231103 71.89471908156733
42.499665709594574 66.41685673158929
49.216044760068534 68.31478753751503
54.781244332514895 69.45961697878299
51.81990516966621 69.9753993997667
47.37632737668465 68.94565558664453
46.12404657002708 66.65748000141929
53.05865881984744 69.09495025690619
37.98680871002383 81.51696776190727
48.894394074030735 69.01805831582257
48.07469721134063 68.64107959800758
49.093516777726485 68.70569806097237
44.69177059164262 66.46707045886802
50.775382401177424 69.1607367096886
52.300831665392366 67.68242865836946
51.83826355733128 69.58888102352641
40.200299080437134 65.6352917292325
27.10895448416231 58.738063060298465
50.717405727856224 68.07663642753552
42.74444390162318 63.03819684979915
43.81877956434356 65.87194911474651
47.90723068298282 68.3167192137936
40.48595642892878 64.57279469567163
55.456284344955456 70.90915628162425
52.06374824372279 69.72043454381665
39.81099133078241 65.22754096976745
46.864837909371424 68.10840993402466
41.50762282597567 64.43513005909354
45.26282002803947 65.80981430029479
40.442182314286754 65.32096688867945
58.231396054462536 73.98585117217806
44.708066324410275 66.08905356791557
33.37212693311514 63.74296533712288
40.61116153461011 66.5337438750527
35.10540905210277 61.37006956686883
55.566820390044114 71.43304742790927
51.551542527329 69.79905814706773
49.775533339728725 67.51017509963775
54.01202766522916 71.01407039545367
61.94167754280698 75.90810764334859
52.76858281247458 73.99256543360492
55.4673613040714 72.3115923058979
21.979230971896005 55.75122096638024
41.93297463109596 65.56962362750954
31.343864902292392 57.691002463199986
42.922945955852676 64.72646272085834
41.87065898622574 63.90357187562606
53.473115779948934 69.24931420724695
43.38527380653404 71.53665624250081
57.61097403956478 76.88250407783228
45.91982887061551 66.73844520402646
29.852238789708448 58.64891425871845
50.28468171685527 71.44266793173182
41.17332413841264 71.6875998043665
44.688253311915744 64.31254154598126
51.70408144522277 71.80273916957107
52.661564479317065 69.41876996969853
56.74859053435095 71.5530648189063
49.35861930440864 67.100052272837
44.31672168910385 64.7648214722295
55.331142732225366 72.3050083187754
52.61552444146355 72.09166323976872
35.43147750844166 64.95191198420419
52.91023488429771 69.00753827060916
48.3615305530169 67.75675608684891
41.60995642293504 64.7274847721473
44.10070452738815 67.25916884176911
51.28637799728467 70.53061743882677
53.73135925145335 70.92319412805776
50.59085476511475 68.91195557824851
33.74076521689256 64.9164849223072
44.89143167338434 67.62448340776292
46.52340647614755 68.99975406828027
56.024550850881816 70.48997356797838
45.54802311269977 67.69410842259674
48.23356319534714 73.69409344236261
38.10795437578047 62.979986988667484
36.07371387387828 61.7433812146738
46.214581640663 72.20700440517243
35.07123465584367 62.58899920038213
35.31910831058531 65.87564390860416
53.854652310837075 72.10264497934487
45.32050105124255 70.53213048806482
40.71723526644194 64.04250362394748
52.99859510583393 70.26130980820352
49.33894110869235 66.8719001775236
53.44007403740079 71.2492983155365
55.23219187751293 70.5667441355359
58.19550315221754 71.8118745276825
43.61408222701483 65.79084029442495
48.839692153284375 67.02484003879657
50.28128030140421 69.27530590865916
40.575821247734176 63.918091075258594
48.45487537375594 66.87862226485288
54.88575964396911 71.24883603054826
43.10708604830138 68.88183003045032
51.728522294120374 67.40744357864862
50.57202234607318 69.5525216615181
39.17067812563786 61.94606225686164
44.74487395322305 65.12763760483274
46.77296641507107 68.31688236486471
44.13072036234535 67.84275328928638
52.62019693113518 69.6766963127959
49.90635391209019 68.73756907057812
48.94882874671637 71.127710480222
29.500631714571327 68.88510473970271
37.397749432028554 61.29486705969852
52.03826674376533 70.32325180992056
45.02580718936684 65.34206950704893
41.273812950129056 64.18693599922801
61.79854294563693 76.38218107505271
54.65844230479964 73.38792187517683
43.23927712183634 71.478957623689
46.8304640177399 68.65950899186147
40.534928323747486 66.80244526883897
44.23134283544594 65.62211427886027
39.84739410267937 63.00508590703634
51.186085192352685 71.19223052428839
33.81997834205277 60.44071585385391
50.8811793152921 68.51315948311446
46.78043870299775 71.32365308175173
50.532555253808916 71.57195983335872
48.67221882467156 66.1107798024711
48.642294410498366 66.98523809289262
49.48391397574209 67.30993706941825
52.45461370291529 71.46276550167973
56.74884651081352 71.60681044762151
43.64482529392762 67.76428833762913
51.644366099981916 70.23558267592418
46.66004291383307 66.93659048992458
50.897140885988584 67.15348390514218
53.49170920555776 69.76019961399761
48.84880457141682 70.28607713199163
50.0507945501801 68.4618962139936
46.147637853574004 69.3135214033943
46.59813274106899 67.92253178206155
49.801655752103 70.41943781510469
47.43919881932151 67.80503522055916
46.309516972345484 66.75632429434317
47.5012752983492 65.61612738623064
51.8628566465245 71.01720290366073
37.582465362825594 64.71986627991026
51.417445899100834 70.66869823073442
42.43738810669065 65.43163610099413
55.504410952182084 70.6210139497097
42.122958400384256 63.91404411618704
52.585369728961325 69.58910383268001
54.82716006358781 71.43801136604516
54.07742943354561 71.22529993080059
40.75057350582125 62.15159659362467
43.012226284758356 69.11968225202536
48.071930021057334 67.78302924276282
52.54946691185002 68.9661655414883
43.41326126722811 66.45141315399569
40.313104989247364 63.33611572013797
45.44891732811535 68.18626748034882
52.13952036353562 69.88915536614459
39.262936996015625 63.41891627532699
46.21510024697741 68.3138006014009
50.326286719504935 67.35008903936037
29.749315863507118 62.97639244748402
26.194936787181582 60.00890691783421
50.77225828402789 68.47208658858139
55.66005554572606 75.38844701067735
55.866927995133196 70.68695084490015
57.348868840723 74.300657467048
49.285391128405884 77.83279846762494
45.17834211969581 65.02700487022807
42.410066703179005 67.80053884470556
39.24178808120427 67.68856586757744
57.28122798650443 76.10799322646686
48.25165067273376 67.02700697126922
47.42468807601161 66.43697268028632
46.91434517239903 67.03554497737174
55.04205245508373 71.2601013718246
27.68343031960342 68.28072330136162
51.76737608119327 69.76947173507719
45.45354143832146 70.03255965773377
35.26492288748421 70.31526516477473
48.531534926355725 67.6704953783191
44.24460999222701 68.62492040749255
51.371298641005524 70.65524144696876
47.921367586770636 66.9365436141752
51.15202349765907 67.82117820136095
48.34756453711894 66.97091837927083
46.89197842932498 67.45886646804716
48.501304923649776 69.19744091052604
54.14357411187221 70.44296652370082
47.048442550894855 65.69404124124443
42.40857559303122 63.79415860591193
45.49945567703309 68.97179846451773
46.897555401990665 68.49703456546915
50.94746039172616 69.5473866954377
52.7041490980838 75.62743071226404
53.06137264290167 70.75490631876968
52.27478779227747 69.40927207802415
54.04180548188588 68.96614190981133
47.245325492227856 67.00782407981347
49.29792284463011 68.87094285671839
42.032732407007664 66.84098396692261
51.33350904883478 69.83715434879085
56.653011506126674 70.33434981216372
51.16987273256761 68.84309836602023
52.80185921547401 73.4626977631289
41.36278228038999 65.27626225881869
54.56115363989557 69.6471641289436
45.6809334206623 71.40709941946821
45.874497039476495 66.28562174688706
58.33409219105903 71.55653878165832
43.39591667305798 65.61606411184643
36.485552552022355 64.06765300142743
49.80666695813471 66.82215027577496
49.212925799494734 66.77854412354026
49.42506440291136 71.55482255495245
26.80446081237802 59.86286499811391
49.694951272232544 66.1132440625911
32.432976376796 66.01716421031456
48.650753847935874 68.09178267587053
30.254045516082925 63.822866037184916
39.92722386339818 64.37816517100961
49.40025758239185 69.49379699294985
35.36662148895311 64.20690799666434
49.8312646115355 67.23839894881905
49.557185656448794 68.51147911994046
44.67902495555915 69.30319630697467
61.002699564799116 82.9119422252832
34.08118647481912 65.22720818676774
56.74533798421254 72.06849321309039
46.51065684363832 69.59198158748448
54.044935307041506 69.63308482215967
47.06469040346837 65.02324882738893
47.66046809435246 81.14786361233632
50.79424081386141 69.06264676239026
49.90655457411938 70.93611616329845
61.53110611326193 74.74455632111881
43.393877893539525 63.26475577483218
26.71049715830589 60.16527664743239
53.34510046922964 69.84113766387937
50.76958385284422 67.27141122524819
41.96539420341949 65.71886099156154
47.735242808039885 68.85348323383975
45.91573303131865 71.53564083968993
32.705791761913716 60.41214404008748
44.56369866700654 66.61060616107503
44.601524185475434 67.97704902982463
40.831195736003075 65.25876818586882
50.67679126349511 67.51272555971202
34.03355821712694 64.86377857895565
45.158042950003384 65.69134836575229
50.574486111155764 71.56148938030869
45.914175403057705 66.1943637663758
48.96586934448442 70.5972789432103
50.346956624053746 67.55533175452885
42.61775525356015 67.5149029557243
53.42160016778876 71.50621229422643
38.30733439467633 69.73176038321084
51.4404625629331 67.84187033129558
30.02966303336337 60.18628745581827
44.43363996929574 68.0853971458239
53.97244935462809 69.2786453132379
57.471163061749294 74.74536396195485
37.18601110501844 68.410825900141
50.398814829161324 68.1010971754862
44.840789185979766 66.61033016369784
58.805403003460164 75.68033151914302
57.54127878145905 73.58242239906768
24.50355802254855 56.31972442538329
23.370145283600152 63.14102342054777
45.78662759422885 67.49946148857155
43.854298151849804 65.16392773432896
42.49784359719076 68.60823251791032
50.36803135832949 70.68672104896366
52.03603575761239 69.84607931544541
44.57976066370759 66.43104235679206
55.55419895460617 71.63252655302558
45.52043651020414 72.35048328240988
49.63853558770367 67.24386190146537
44.82090368171781 65.73151365987552
51.35718380742853 70.80872478554444
46.66259097551607 66.55484590236328
50.28515155655085 67.9525355446857
47.334512772215426 73.11635788420685
54.89114568961389 73.4665657502658
34.99861615849049 65.46894319495614
51.688947965934474 69.96530674953844
51.12820042198758 69.77083465331626
47.764672935679926 67.72794081738226
45.60685994950417 64.19897835156698
54.20495406094886 69.65774449425223
43.0848932052667 64.68715914255573
55.41616465744682 69.72043412793822
54.06580257852584 70.74376656321553
53.582600620409046 73.66589697515892
54.123381381698465 71.3770637214123
47.27430054341166 74.83116335729447
49.08501121104162 67.65224278899015
51.29902522205985 69.1055447538832
44.597575018683386 66.36864916019923
59.021225708003726 72.6921286497785
51.14305130086778 70.00626313525075
30.986612444943017 64.27851708629082
44.54771703294629 66.04369452655084
42.568769433220744 69.74895768609734
47.746974980202424 67.83357074379234
48.39713736661588 66.63226779630035
36.710502512344235 62.079261774871526
37.04773290153852 60.941424470359635
53.98782015408064 68.96167676482303
40.04504308992923 63.36326291974774
45.945817366767486 65.9274077998319
51.184403227370325 71.10653335888836
38.626296204272194 65.18759861004774
42.935838334003435 63.93281684953218
52.50325844134581 68.06130330087781
39.46607879635517 70.13327590860374
44.29000161866786 63.648011571436335
48.9883172219053 68.21397067608092
53.63249042298518 70.1031456886274
47.59701057579622 67.66679278638524
41.05552155621655 64.0009488928159
40.09350151090503 64.0936306811758
54.002581443575956 72.44139871730344
50.49146071417423 69.38832015966258
52.59293747617559 67.92093986570396
52.229329391360515 69.49137873459036
39.72205415112546 64.38452953054724
41.089797686432284 64.43007519170743
41.1880088522032 69.2707082201302
42.253978129589704 64.11370619841058
49.647972774052555 70.44861767606594
62.71884973806421 75.88754142883988
58.123183717296556 74.21416205789384
39.533712173573754 64.9540740195099
51.46271159469393 73.12258506934523
33.81650093313631 60.38331625871398
53.868418101810924 69.83108055327513
53.91071769375364 69.5485813914484
52.62090928521469 70.07359043018701
54.58575481907847 69.84315442658608
41.42163972696016 65.5065497365987
53.87899269312215 69.82038706264137
52.22960917461932 67.73260309072771
56.97173754000924 82.00650200395728
46.97794425178103 66.59410602892346
50.13602854400298 66.9497427572934
49.54598057943966 69.01669653472862
46.43491130659066 72.3814034284109
42.039870921115096 68.76643317242792
53.47339755399218 74.01904227650573
51.4855797669893 68.76758146770635
41.23765117083302 75.51089510844328
52.06600077717682 68.07021931371051
51.939345923961646 71.68143345125469
45.79780416918378 67.09926630907297
48.15787451424395 71.81172753200377
51.05369190515276 76.44585516821323
54.18340022555209 69.92080930131804
37.89829276899899 63.36079234462298
40.55259667352475 65.12507865485645
57.91510931267708 72.29412900969942
52.11859219488709 70.49603475247868
46.852249139439856 67.0476685854312
47.60124166365085 70.51828045317662
41.19441575589981 62.04955951773444
53.20200941869257 71.72679336062703
42.109857141022346 63.13163314241614
41.153556827188616 64.22932396599433
55.520946137690835 72.75437713188866
48.53157645894701 68.08338886429512
54.79020650302182 71.8163263404168
53.914275380735326 71.59711708062261
44.785063090807085 66.51777151728788
37.598649064398614 63.42469651760485
54.23040673992102 70.68782583342178
38.52165249454481 64.84848735632592
41.580245722640974 63.5136595963075
46.21229166917057 65.98799739984754
31.355906954931655 60.03268948820302
45.39140750338451 69.24602838425756
46.032517369677194 68.71633297622583
43.99346491600092 66.71631161451002
44.663727499404615 65.2965132139256
46.93290471690142 69.618265236069
63.02414732354841 75.15462095082975
40.78686896676343 68.51573906654849
44.23844142273946 67.404993379396
56.587323885483976 70.63089095824877
45.37611855439142 67.72758745310878
53.64813628001344 68.67189078561577
51.307540095571035 73.00515624583386
42.14064946626292 66.01725706167157
42.724099056711076 66.14591659491369
55.9778331610485 73.16145518271946
41.15596602406673 65.1167633441075
58.004428318174746 73.92741892975391
38.47509410020506 63.272187171350126
49.81510885512949 67.51515641634555
44.972245805538094 69.07221208284804
48.006802474194615 68.83959102076342
26.00268855222458 61.86786129019679
47.35572442964422 70.71473383194362
43.75786200913034 65.90522985062111
52.46802733118197 68.91736228381022
53.227666597801644 73.92415562784764
47.888395746871126 68.11293780488398
42.35399430182729 70.4615979490165
48.559586745075244 67.85129670256366
50.79648586719544 75.43781991887937
52.82327216827537 74.21780479825502
49.414920911588894 69.37655421304785
43.518766274839 64.45317033509473
60.55970805990832 74.07519129160033
45.823997888436146 67.70556971294144
51.46426800469971 69.1959405275197
46.06064927245847 67.92271975737503
36.63661042958034 64.67795343045593
48.72610321226776 66.22686093805517
51.00973552390663 70.3984098009982
49.884428625455634 70.53223269364742
55.30682656442388 73.82601224652464
36.400732322985114 62.3063560784905
39.18493876810493 64.66060629154488
40.07467913876227 65.0402887525421
43.38143006290839 65.53127768065475
47.63764868864667 68.11500844790947
43.3202943875298 66.4377733132262
48.27515882524331 75.27747906594549
58.57054969485841 72.86011710475896
45.014871690676884 70.67782678819891
43.669432260175576 65.90859814405083
40.04328837176466 62.939655644661784
46.27351415423199 65.78493077768242
41.31663220880575 68.75772813144467
50.62584788908717 67.79241531379154
57.90926705754168 72.77721580865854
45.1760705456891 67.64140386743685
50.95656837682274 69.07131928687673
55.29794363698977 72.44864669548178
51.26779597203636 71.64116653990138
46.42450869485753 65.65548154305004
59.04071128249681 74.8082586423809
48.79909796984278 70.09187148451535
42.96573736331231 67.79493249286321
52.90191520602609 70.7459536999519
51.83843745638107 70.12495968463894
49.121020060431846 66.14897328354377
49.698585947484226 71.90163046346339
51.336555545745625 69.42709962984755
52.66644916893907 71.09919001821024
48.87028691977464 67.75636874848124
48.88351219901453 67.81228731909299
53.678036225747036 71.38556929533652
48.75972066866966 66.52505732298854
40.7916352453693 66.56179787934425
48.670329277551076 66.73412450249367
44.86550093569397 66.185591494923
33.56454788277588 61.21097269571833
42.76877446481815 64.73321404026343
45.22684675550131 65.08630590468184
39.11383295711707 63.78146207424998
41.031529581936006 65.74190490468295
47.021552897346055 68.11533521444491
58.9137245747331 71.92406893296055
37.583595666565536 65.1357080290038
48.983447789832006 69.41498984363433
47.33437909037254 66.8148344959917
51.68077854471164 68.34205638172848
48.89863178103462 73.25258375409125
51.5464054058694 68.60922453598911
51.45466228876764 70.29717627582332
50.026725562424076 68.60761837020398
45.599337638336024 66.81204461131345
45.40658197567135 66.14000106915812
41.8001830300065 62.47168379655072
48.34488046037133 66.99627547602351
40.26845412384401 68.7733216464765
39.468174339939296 63.50264892144719
50.911336287454716 68.50281780446497
58.22823204480922 75.34012348907129
41.49152275252332 66.28279377911632
48.53273388488157 69.17528865231185
57.83777925871604 74.28322058081724
26.6252893610853 60.22735863500743
53.2868446635516 69.03905177997927
46.305388483293825 68.29488774923071
53.6659000786938 71.96287837635487
36.07154927069944 64.83306334367522
38.59013416835339 64.24998191533591
57.15748344273614 69.86495836596103
48.20499577180639 71.37718583078129
36.797473120283584 64.28741164696216
43.895948473322704 65.1008476027017
42.214702017208005 65.33517382736619
43.460166508434604 68.22163035182786
40.23015754038387 63.720238181687144
48.009101534490625 70.9051462428165
49.29307994266529 67.30360170059079
36.301154024412355 65.09382403752389
42.34708759920897 67.80799376479303
53.8962098962948 72.56614709412263
55.68757534080613 70.07810692145543
42.43963333681324 65.66759450099084
48.374649925523386 72.144299052437
49.301068138055584 72.63744481505127
55.37020022769715 71.3550954348973
38.705485225420475 66.01877985626454
49.54361136453568 72.05127314165459
41.43909936628069 63.46701196138129
42.71053278810091 62.98154924930662
48.116562804568694 66.93939467295286
45.10815342970319 73.10528102580842
36.54108845966243 62.94117670347933
55.53298207114839 72.58032269329277
46.76355401721229 67.48864521816066
35.07527237742309 62.69371353285917
43.8079822688088 66.60526398045762
43.9879818394346 69.26225553702606
48.33042262744094 72.1625485764272
47.751499430704925 70.27972542792358
52.88014999339273 74.81831736834349
37.62948775570616 75.98198955826392
30.53593585620262 57.85766335926643
49.42289907792799 71.51564688966359
45.30153182379887 68.55594383144086
54.94679120877881 71.10495085258249
47.60337350367605 66.83546438358725
37.28976585561036 65.92700814325096
47.16543121062222 68.9334109927937
26.00015483856647 58.31946148500194
54.39455970815336 70.38235549370471
33.92780808068273 64.06088391148104
49.90707274249357 72.12517599907018
34.35949273098027 65.56621757482732
33.24453411167969 60.07067829139512
36.38001774923373 66.31453993500551
51.315322035837255 69.81574040924396
54.54968412706705 69.1696031355084
36.57147334601879 63.99708862626473
34.563699876210904 62.029409860647014
45.272271754135 69.56814588710361
46.99580745637772 67.31061389765463
33.31220225925546 61.20454046718081
43.89788435455402 68.32052312322486
35.96173159360663 64.87951413572324
52.801586901818595 76.51007194393219
44.312540440063664 66.62128837398032
48.58096436475007 68.15594952257754
50.46187547737656 67.42275807814293
41.75737954937251 67.59651538548925
43.72425735491661 66.54989984455652
20.562048124949477 65.58167878773779
38.42769519495409 63.646439608805395
40.14404201268291 66.86956106667463
47.00831741791612 73.13000882118165
48.565253527405545 67.85354012234514
58.00807720275274 71.90349279349311
46.41143457835319 69.66547652055
35.51897780772032 61.288502197775294
48.05980874420245 67.92664465645116
41.90071817843351 67.02778412459082
55.85113735789801 70.03636653676122
51.56851877151625 68.677927355471
50.50062708702711 69.09433009673464
42.97254491714984 66.03906074867137
48.650375820223864 66.36044422796276
40.464659669273914 64.46743217816463
46.02731610444944 66.94732473564733
39.064599261728354 64.05066242095965
47.83091619518818 69.07887428784245
48.958012282091424 67.41748725407466
39.721668446141535 67.26402760055318
48.081982308708454 71.24924937640999
57.93039805139966 71.28626657889215
46.02518512932974 68.55249678068616
51.18582536745126 73.55217454518804
53.07303326848268 71.30697434131233
50.87748805834877 69.5058497782188
46.74353622082195 69.58395276981017
42.73514886962209 68.74139559432096
52.54976442568378 71.56014578321656
51.463191309602124 68.1651220582516
49.23831422796379 67.70743085706172
55.89121326061162 70.3303391411725
45.87443696855597 66.40283221104997
44.87964166740654 68.1698251835454
45.19368689365463 69.84039977513409
43.39758835576253 64.62778305339171
47.82059857277723 69.61644258684312
49.95924797849836 67.71775413341169
47.38994352605873 72.99485777824603
47.11882727127044 67.7235334988764
48.49422357050818 67.7158447205739
48.55835796688374 66.91717069116784
54.62758765857722 73.34694700330874
46.6972009309678 74.01978297447494
39.78622129898451 63.655106616950505
44.01013699317861 64.58885217627798
48.90127665323998 68.08465785628685
46.364217853670986 68.13867412728739
39.68675517400153 67.13668000079018
46.01896673517539 66.22722952178545
51.77929005289969 68.19880162284866
49.19486168532759 67.72115728563921
32.72241765168745 61.501226438751516
48.36942774972489 66.86425371117812
52.15917841943367 70.7850096579941
47.58059274155578 67.73466533952084
56.099644706374285 70.30715036316525
47.287824434263335 68.96528891857206
36.224485397674904 63.45146727307087
53.81951008977029 71.42764630043831
45.22685035600003 66.33193063445287
46.09668392011153 66.19998453751265
55.03901845215153 71.9327674933027
57.2182965960458 71.7839253175835
46.395574499030204 65.3538811989203
45.40484392426222 67.30435865565042
47.82577415231088 71.45696241246486
52.696627085521676 72.82168707018927
35.317580775830876 60.999463062682864
45.74036330822024 68.52574341476054
28.074319790150092 58.15290665913141
40.902802849449074 66.67036644038046
43.57062794587432 71.51655130665387
38.00290195911746 61.02794236023876
35.79724883308762 60.525955560335376
49.65771585300373 67.57797295233715
46.244880659703725 73.99401189809578
48.977428648938506 67.71731327506969
48.28200548320801 66.76671203840765
34.89070768299957 62.45228039789373
47.765902720610626 66.76021722822598
40.64888008688009 63.94703806891128
34.89210369825752 62.1221502284672
45.826618247214604 67.91429211651241
49.938749228623536 70.47645581801301
33.89305510788236 64.225260226332
45.517054962711285 66.56497328913534
55.17392178428384 70.73380184755482
57.41116052776973 74.90670062407612
51.72756911324583 68.85865726022968
49.02960985045225 71.84012504531042
47.826909603433606 69.04300454860618
40.324678729097734 68.27003307491185
17.95422245020687 58.552117741316124
47.22208963414707 67.54657955732026
53.691408642206866 70.28872251276702
43.174070112921875 67.86264071049052
53.859687637552966 71.62328557165246
46.37916308740915 65.75470538120646
50.94632174625055 68.62700514688188
38.5924216903353 61.66087877303714
43.145300734290124 66.3288909644894
50.84329297315177 70.26830086946302
42.92533914073858 64.9075268260453
48.348602161754854 67.52680503626418
45.29625427426545 66.07314796547047
47.854909369030395 67.9200918718101
46.65195887305212 68.75763034450276
46.01611602565766 70.02964439277557
42.15251425332407 66.80480784975555
36.99789731244525 62.33823173920768
54.51780620631498 72.616075786728
46.694626956191016 65.09206025230807
30.238653678854412 58.36758928167526
51.92176333456504 72.01566560407747
46.10522269077317 67.94903065804695
50.729730941898374 69.6425370812984
38.98735936440168 62.09411471280938
38.35102703243928 63.09099622397899
49.273513288775774 68.09466796817091
47.17030013709019 68.68793774504366
54.72253495176047 72.2150647226853
53.913581401806304 69.20677557658216
25.289699954817053 56.377941567160164
51.693775514515195 71.85316388330392
51.99777499808796 71.11772916916667
44.820589583069406 68.21585196489121
49.05769951570844 68.19873528349875
37.890811076864146 65.4457929185265
44.92602648344475 67.41070535913966
48.78209632787024 71.78410495208432
44.312135504769735 69.00691000051766
51.03048014420597 69.82030462256124
47.90372925602189 66.20609018287917
53.93795472395416 70.83091009624097
51.87475162472031 68.66034673363015
42.6468889148056 66.677606733616
41.202572543591145 64.11458735448203
49.8231998328574 67.6866018148858
54.358743299061395 70.94095854509327
49.41663867162969 72.45099305223701
43.22006018604813 65.99745440377933
50.57491689137926 71.08114156675009
55.72403048548578 71.87222701572574
39.69220386505471 62.339356823435836
52.427671067578885 71.05601733987567
49.88572902750783 68.27290152409326
55.95206120659766 71.704001668385
50.46174983453382 67.11636321734197
56.89651981104027 73.90401213968158
43.761993553704976 68.08047276726403
45.92981620584857 67.1592521315601
40.21409388872109 64.63107220004359
49.9167992913783 69.81622182828909
47.63865965594197 66.43109682357802
48.77009027363485 69.15098693210581
50.87962559724859 69.44531644606859
44.17176254594969 65.94517848502646
40.7199073667673 65.7741711488474
44.559057959123194 66.31217349509573
36.16438668490272 62.320340333343616
47.87283169663143 69.94970434297716
58.927823776481645 74.28536468202486
53.82010446929328 70.24052758378599
39.90910792545856 64.13526087449281
41.23111526744904 68.99370394355597
38.37752125487867 61.76741960877662
55.82802556198438 71.95183737090622
54.91137981799618 68.73998455612646
34.839636966977984 66.553284414138
44.08313661176006 66.0269995513357
40.875051744606644 65.93176216289845
54.253695457465874 76.68790129084988
49.448837934834025 70.8302218078115
49.73369693129074 69.9096554621847
41.10364541195893 63.836642450076724
42.489312078808084 64.60308501919577
48.84424981864192 66.75807923271427
48.871525406227406 66.80291495325652
48.722474438953874 69.24446444869366
53.07630159151301 71.6369294060401
49.510447131987476 67.3080871844442
45.460114466562274 67.31751812000971
43.453437421872096 73.57185450809807
48.976073447273386 70.04726748891615
52.36579283149439 71.23941492645379
37.141545069673825 60.77658663665776
42.44422172373644 70.59142936098347
39.14580748694538 63.54033915765733
49.420844286509485 69.18899146460538
45.7774744036937 66.58296320899488
42.482865103987685 67.04443826143003
56.038838235501586 71.13786687515532
45.528332237244086 69.92553239472696
47.782681343746205 67.31599675021603
35.48204947796356 62.26857985482344
47.21410364118475 65.98076229017046
44.45844526280975 68.59568390587201
48.74669433564442 67.20384300558592
49.28216648584548 76.29313653522931
54.32589771842613 71.30286446021894
43.611399428064495 65.92957888085648
31.16834730612941 63.8931472042943
57.73547498546702 72.84605722975769
55.143217797863706 72.13209354141088
51.095481321333565 71.88854499607017
50.78991191081653 72.78325816973621
47.55023559008669 67.7071704154771
51.802863028463236 70.09517585916478
48.50858781782441 68.27159220110909
53.640926292483606 70.66823157303224
41.36092460622987 65.06462576938993
48.60569323771599 66.16364158440295
55.8923206649777 71.18149373367817
36.1978616081988 64.19819608548912
44.2110841104866 67.71941667412152
43.04532052193036 66.13270100154134
25.828506120470394 59.797126750200185
49.95634333210129 72.59924888976177
48.58208394566902 70.44588318274202
44.31918092085887 68.99895237698543
40.086587269775144 65.3356157615588
53.5943550349841 72.35130770659877
46.380869821773445 66.31431950796427
48.68672290461659 68.25880436444685
50.54998022214453 68.80922913726948
50.63174400323183 68.22951529078603
45.012535986492495 66.84517135043055
48.748416923295 68.50768096441921
49.52085156457948 71.24803917168228
44.14154786444001 65.0777573222128
44.396083139396666 64.10634804356219
44.711443370711244 65.12566577902109
45.951548718188924 71.27990626502755
48.18778628504404 67.1729038614221
43.901481156002376 65.77074856602616
45.77388726908625 65.06687141133438
47.76392738484519 68.84801444439258
37.78298197852986 64.3335221321163
38.051653496175945 69.78682280868425
55.559051614711066 69.41576511781065
54.85415348880983 70.74504607829334
40.249162984179684 66.17458479620046
44.50561341242647 70.11093205985519
45.11091226312397 66.410450605069
48.0513845056997 67.15201536582248
42.991514690590485 70.67322487310753
45.44929617632087 71.2593169797338
53.49003994178715 73.60710224372305
38.00114613771171 68.5146744845386
49.07589890512613 68.02672962671508
51.75582602592505 70.78818683299353
40.31078545019868 65.41805861025202
54.41244535976611 74.2444902793095
55.04419307315814 70.6423768819011
55.571934926291696 72.91918332193752
49.027237674896064 68.67376088534708
40.26026413786147 65.57119457960256
35.48735293861292 61.48200975001838
51.814255627729395 71.07888423526413
41.70548807107178 67.27126964977089
50.8948119600689 67.4940706130007
38.969355903490374 69.2461979504277
46.68859238411012 68.27011126939395
41.418113545583 65.4914699439659
56.274814998265484 71.50960530414704
49.77983831694968 71.5521657874775
45.53103105637066 66.59823005709053
52.62755604640493 70.74193637356254
47.057577808213345 67.28057667061948
47.832641798458525 69.2957665803266
37.39126865075963 63.669019712563596
44.95485118379917 66.27079502572064
44.441498893854124 65.69117529031485
39.12432326896632 61.52117748483835
53.816482369448316 72.82316233914963
45.746903150437575 68.15482487122217
48.56945088722766 67.49878453967197
60.097799249766176 73.9726516394484
45.59192031130719 67.34646131118285
40.82113353772744 66.2262962807074
27.449156558741922 59.723039098732784
48.14356130783319 69.61762547872404
51.48291459998192 69.67353450890323
52.99068759342791 73.48474292855296
43.36624247864341 65.4913051867001
52.88408235256388 70.99356443523139
51.4185758442128 70.66140166518153
48.41920693202102 71.97104604120328
31.570854511975956 67.77212731154752
50.262374693150555 70.69073048784693
42.832569584122844 67.45873945153727
43.59064364398378 68.26920707857748
56.408109707990675 72.38492885665379
39.255003910059806 63.558015006125295
47.33559043966554 67.68281770889824
40.65806187869728 63.3272273520868
47.709600647692476 67.52501920206282
37.30101067735912 62.348498993667654
42.04318193234199 65.17530799184414
48.55716255349492 68.8996346911942
39.846038011714214 66.28384303824015
56.50367595033636 72.72348934119593
51.50747719653714 67.88575770762738
36.10087439686176 64.31138908274359
55.93694334872063 69.59831557625652
47.189879607028544 64.76043094820722
48.40025017471757 68.09884794123393
52.36122533207928 70.19257231092924
53.73885352618705 76.98081362837306
51.274560074621476 69.87033855639528
42.043971132512546 66.9632793846745
34.35989418931856 66.9795646511328
49.43317488074454 68.79162168152452
37.227680362025836 62.21430213818907
46.26816348240771 66.76199852841373
43.49562265402413 69.19561491456317
45.7710532937431 65.51386960590162
51.970500687745094 72.16034770255185
51.87350894555407 70.02872375654094
42.029638396451844 64.63010022479175
46.1806138825181 66.9462132438943
49.84618560085343 66.78879152048715
37.94825749673828 65.74755279638114
47.52269948684087 72.54649982216831
58.39995931002072 76.72450658902585
55.44895768833011 72.00014098040965
39.137619804123084 61.692394961504014
46.63792291570251 66.780842510525
38.356616724742665 61.798421658997995
51.95858701011161 69.72829395557115
47.44206230756395 68.91503650887428
52.83398244576152 69.08525830682154
42.34872327878783 63.52483924691191
42.97767332789711 66.3323899480801
49.709246542900566 67.36980677484024
52.8649191058632 72.21022984109786
38.30718611319941 65.85931426876235
44.02740902793054 63.708505606752915
50.177237264830204 66.81030473544081
46.01382075948635 67.35641099788674
50.30620913715126 68.89276598814098
48.47493489059802 67.985952578219
37.642239706296856 66.63760882231534
52.856108576725106 73.63189551073567
52.05382238116387 69.07466672090484
36.08956863785701 62.75953899759881
48.31216833125641 73.13034680264226
40.538891785516505 65.9635997264981
41.49822619400792 63.1971670817878
45.05164806290749 68.37783691844126
49.35812273850993 66.86773483923784
28.894156515157654 59.778168400932444
50.48231704267853 68.31095037768671
48.38549839961259 66.61583812974663
45.938207620677446 65.52586985931059
47.480828847691484 67.78152498661902
38.2300604495474 64.23268525408223
46.63402831645005 67.80369067226076
39.71746687747103 65.08994201869832
38.66302705240694 64.10676322791569
55.331457719256235 69.96904482092732
58.543314517245946 72.68514392523242
48.358610732884515 65.38681318124529
40.60574460800658 63.909090389371705
37.459267833234115 61.561613484944225
40.774739589231 66.11756661945925
53.44685516944442 70.27181930511175
43.87134600244045 66.54955811963899
34.41713934186254 61.79510837087389
47.36071640661318 69.7397373969406
52.09540443133095 67.90202703906098
46.15810341457149 67.75190136456102
38.656588240424455 66.03784585494753
47.521956499596044 70.15983091479178
36.6160890335742 65.65413274054163
52.25623301259657 70.15698478357965
53.9694371736617 72.66069050804622
54.11492792457135 70.61061172806444
50.1994707890052 67.78721250167602
53.81554439952656 68.53571216572928
32.592574145974 59.93651379440828
35.843948499559275 66.82150451166758
44.51941938288196 67.66144960639845
51.580629235991516 68.92828918797414
42.517620105107106 68.60877227256566
45.33920930252827 66.12063877190316
46.71658188464775 66.22651629925814
46.64272245576235 76.42472553172179
39.20172030069375 62.63641094768377
43.96878497093512 65.77519341168586
48.59418298605903 66.63591102240997
48.26175016908406 68.19560816512893
45.265365901359296 66.2031204684279
38.848705350696115 64.6408906116769
58.40193715890801 71.14439968976062
52.590545274263015 70.98414268783291
38.960964101975044 66.62136244100842
45.20779914808116 67.0443663819005
42.69536860869616 65.73920340753483
48.834878204783756 67.49546468731113
51.38464506251524 68.84554654209884
53.51261593546432 69.00319333295334
48.566913530326744 68.4122356483093
48.15753475508766 68.48588063264894
41.54733287088023 66.1661409601212
48.097456018232265 68.75240819513913
46.101725451884214 66.54501378373438
45.01400446696394 66.5632930538744
55.722293595589626 72.04059001126137
36.700333029011794 62.24498957255361
53.39165124974114 73.18251273581781
51.74107295716817 69.35103901611059
52.23010707296026 69.81935245968477
55.162829505055115 72.13076094685667
45.673787233560006 63.927760257972
41.87860280542626 65.60946669949789
55.459639881739804 69.03610751512699
51.74998772215941 72.78524251926856
54.80479250254824 75.73274813599694
38.73252095897862 65.02349130665087
53.22248564492495 70.5753855035143
51.9111985470878 70.49546382666696
47.85156776142917 72.98841945669254
55.09004366653205 73.92983514249448
50.89747086063729 68.19623289884207
48.354818273142435 67.71818819612267
43.97296626067096 65.33155674966486
49.5851200396278 66.24308981716648
53.33070031666031 69.20144486501178
47.88314361613904 66.74044650194793
49.52174994435043 68.86837627101384
49.4799161153278 67.65488884480979
53.15901026223528 72.552506292356
43.88263699205445 67.01180824209973
50.11392801982601 70.11107377180606
43.94437922935129 65.18280563646644
48.550403859696964 66.15828691815669
39.315551426108456 64.1635576683347
44.900992884569106 66.95241021969545
48.836926088936124 65.90026204105614
46.83135066918132 70.05339994065174
50.68019954159741 68.06526728349633
44.26693549513327 69.2022037409579
49.17732341330887 69.47064951957074
44.863415184891394 68.37292673676716
39.73892462950195 63.96933552650209
55.269296662829156 72.58695979026001
54.17249547602864 71.4050782260789
50.22938558467059 67.9035053193016
48.8451786545782 68.09059264236514
32.362023391998285 61.0936396898143
54.746770787980516 73.52035241573753
51.5506926071809 68.16758555785015
59.05386164002277 72.6572398868702
47.166469752885796 68.22402456111362
50.425075279244375 71.10159566373906
49.506361836166406 68.4550826447416
39.12547391513358 65.00816002592114
46.72035973657493 66.62537166886243
54.544069244378825 70.99332844826151
32.72443067076977 60.44166658423637
55.81765592134355 72.34313202655673
56.178126768698924 70.54482649285747
33.72290758352309 63.222902311134106
61.24530885358839 73.08262143772443
50.68599714614619 68.30516955680497
38.620452330286646 63.286223863305736
52.59252202245963 69.88379520745616
39.140573580365725 64.10763670789841
50.00744800568954 68.4717358055187
46.9237417810752 67.62883881049144
31.003670491377868 65.31267925365209
31.33964559635383 78.88855809721818
32.88410946055913 59.98802777186642
40.21303255505234 65.9508280715387
51.403156186323905 68.03283793981097
30.20359451982465 60.35338739178685
38.60707289031184 64.68092929694137
49.70969298394149 67.7276238759083
43.7278680536356 64.6226852554228
50.43639631543448 68.52269426750715
38.32650374018995 64.57500314057971
44.45200419623785 65.36555867411877
45.188865815965876 66.5926827719157
44.02380307313742 65.68982546557314
40.43163691134856 63.15333403852715
47.800898766764206 72.40100468494103
52.4414139695287 71.49174786812735
45.78020586143387 65.6626149142611
50.78845724152465 67.78187430681382
42.35596315914353 63.46256083770158
53.68555934899185 69.71140092826333
52.836365860956874 72.54843832291148
54.39656178838958 77.99969222297774
45.38114430077471 69.2664389828558
49.743170159232434 69.02358023271265
46.514433341605546 69.85319681442361
52.24220979975852 68.97687093402868
52.34977984582038 69.31848507665012
50.846553670821386 69.60733491499948
50.44158445791201 69.34663362277023
41.59015886967093 67.11025983974105
44.419032982639415 64.20376521227087
32.52078281581543 65.20578249161275
49.685721976379256 68.16126809933994
51.44899747705004 70.38233418254475
27.971873927718907 64.76265118381471
33.63747395064002 64.2571352499654
45.1928329018375 69.08032887333617
53.427671324887406 71.69976204508677
53.66879294642513 70.90120577893445
49.821271375251925 71.06549802081446
50.234977801307394 68.91296146820144
34.3200456325033 61.04789439048248
47.769165593229914 70.06981795824879
47.54780580842797 69.02782469157752
41.65268194076453 65.21719358897512
55.5925538838726 69.9576786898939
41.39105016943331 69.73767644943354
39.07099413794039 64.11167130349769
44.22507161644872 67.72274788002865
41.12479007316026 68.04893936633468
47.61808225155356 65.73808315773107
48.257619537976645 67.91565087172575
48.13966270762738 69.83226829748399
48.91266841376036 71.36333880992102
51.86129158537231 68.64150506323837
42.2998123901165 66.33574826787144
38.06454176152717 63.74391452394222
39.09818675719177 61.8134109456337
48.44914956136849 71.24012543001396
52.27831234440254 69.07929801543025
45.48117500939971 67.59561808943516
48.06641595933904 69.00029089384448
20.022618530870922 58.93920728917853
63.384321803719466 79.89531011641186
50.623033649628226 67.97839405746507
58.37282126971638 72.41460732836047
51.77441425173701 70.87096764205441
42.74000199425533 66.0533557502551
55.62537521092229 71.50249080824486
55.51056760224057 70.45622048523695
55.07758113768952 79.18051663299752
51.4452781547676 71.30824599080037
40.17385631424953 63.32716072322882
43.145203833373216 65.85821226770845
42.993031580824685 65.58014394303743
44.82004531032069 69.67281688422347
47.77660348709542 68.14060148567701
44.431969552993 65.29800907968915
50.99062601305855 68.07253183435353
36.764186666178134 62.55416349731545
50.35299252141244 69.05284568592286
45.586077724398955 68.10311587127637
52.97022910546866 70.33021435987794
59.65133151693796 74.43544072915176
53.66867040015911 69.5529382428728
52.197857376480755 73.83152675222291
42.639518578194945 63.28042904274262
55.36524791589959 72.5324358705499
40.181463502093685 64.71026766538117
52.59539262429732 81.59031296914613
47.187511337538005 69.54235388207157
53.116320643491505 70.02131509366359
54.17426208726334 77.83719058358591
47.55682578609288 65.88969913001732
46.18504782409501 67.53520872952933
40.76100260229559 69.42178817778029
47.80704841921647 66.55501889215765
58.30285064667237 78.76294649743274
45.624976308422795 65.15118735067576
47.94652122043472 70.10927092466213
50.03025478668339 70.92952156872155
53.006310533848705 69.53866256347293
35.83692958135311 62.309343437159505
55.16502185150584 71.96475520521888
44.36606543806465 65.20625173633708
54.788935760359564 71.136280255797
44.13079580407289 65.03865970844596
44.68153449166979 69.11353676005959
54.03265521828622 73.736785434849
51.616204644655824 69.51569188678127
44.73098601037101 68.7469749112725
49.86948678820946 71.04384971687276
58.752355924959836 73.2909611677276
52.22384068191731 69.48707031958119
43.9889118861659 68.28099871269676
38.05516560139656 61.54033976651246
32.569109531034485 59.62675981009191
47.55415995999934 70.45535823924159
39.96147779192044 62.44476086188442
47.075466814813524 70.34080996322905
41.84561189608751 67.09733070410982
41.78629034475313 69.01948914342148
48.06675760975661 67.61329634978881
44.020778575343535 67.87156014201096
47.53054608425145 67.38438132741219
41.69615465646816 69.37085228872944
34.74988263618319 62.03930308968783
44.40035614775997 68.77020203779175
58.617545293878585 71.97764738366159
43.67611146395075 65.67659968874374
45.13227885902015 65.04143583788799
47.25538614612583 66.91218759483412
43.39101405688197 67.55366962162155
42.71256874207501 65.31235024219467
52.70027475017738 69.95263997415097
50.66598167374174 69.58262442452545
29.35497689973119 62.788983437456466
60.187786522070475 75.96651423291459
49.955218356296314 66.5057190743698
52.70978742266518 69.81450407931015
50.35997620492212 69.58985478975664
49.942207326757305 66.9787902102948
38.40652615723285 60.945664584880014
53.85204572700597 70.51829046457617
45.501936328459315 65.41132273783066
47.455732513272736 65.5519155173622
45.02325935425732 67.47752737715075
52.20827976180414 69.1489188767775
39.638461329904196 72.34135864108812
46.85252509893946 67.1137819990121
44.09438054347484 65.75022979122645
56.358843281029465 72.33380869696298
40.75429969549768 70.42279269937796
47.869671225994225 67.97456462160746
53.39330354147642 72.5419090053129
52.584032465950024 69.73759372022218
41.01340942742941 63.540347327336555
46.586743738551796 70.2459227058622
60.15397404871582 73.74380140232593
43.49674027141497 72.27459351770352
50.25128346091741 68.53399890385916
54.366749224453834 70.63705850471705
39.56145948893253 64.44688009382774
42.35386645136372 67.87441883253133
38.580978039548114 63.796095706024815
44.19602929123403 69.58843301472682
47.944415564986826 71.09151444870515
32.07447125764944 62.538607606876894
36.601152210114044 68.95946587676607
58.82452627033199 74.97863118369526
49.63106706412554 72.25048377775008
43.43901778437566 66.60166373759866
44.37853413541447 67.94423377564881
51.52285351762825 69.06247787990483
45.73876286098962 65.2684980058819
59.37842856292192 74.99004761176886
54.245787654501555 70.17546885924942
57.9193201287102 71.80712463698008
46.11056771404144 67.448874140415
47.46745617772545 66.03451949820366
56.2091615713155 70.18057951069031
48.01009202693035 72.02460724424031
49.553366292134385 72.84096636648681
43.14200732385184 66.82963712622929
43.64737226530932 64.79216293603201
50.71553293319495 73.67938856395133
45.48599867632551 67.83384914058328
45.47095826750947 69.29068165109133
41.57129749599414 68.60299627328799
45.628299730543795 68.94674400610553
52.239282945880134 73.94431717240141
39.918956067251514 64.3666815565403
44.27034911244398 65.9795387965902
46.47762160657548 66.15544845337713
44.020387697850296 66.20587723857841
43.601057051814855 65.6107114422852
49.332331936451865 69.30616614874398
48.333139751347204 67.51074595593137
41.050440118875215 64.87423664126332
51.18022718817445 70.91454748083257
41.281645515158566 63.01978852260869
52.27171205957678 69.66354333347896
41.04437302299037 64.14277255018816
58.88187588734758 71.55827271711328
33.46794610121145 66.1396480711505
60.130032941856996 74.707184463625
50.72000856478422 68.07944324241627
39.569360738603585 67.56933314605294
46.69336499227875 66.50817341547392
38.25520802628836 62.943777117347295
54.70626596288836 70.73934200743575
44.13999885283562 66.74732763127486
40.60454766421602 64.44577372020379
42.545642856297114 65.75837237900744
53.115837329098056 74.79908184630473
49.51405140610269 66.63054866301826
52.513339270463604 70.87017003105179
56.051787131536706 72.66856723642542
51.24045510399508 69.94883320476761
45.665479851306756 67.97186214108775
51.831044636517376 67.67741550307501
45.45614433790858 66.9686057203291
29.193483088680548 63.43499297060428
52.25707370095793 70.18539363509498
41.029032864055296 64.13529268237578
53.896244934210436 79.45994349562842
49.264303665910504 70.99425613623106
43.08357898885088 66.498276169886
53.24990304632088 68.45303828229306
45.76812957060589 66.42209510070445
50.48714893673231 73.3197567274481
51.514913836270686 72.24854871419774
52.25191196737543 68.85157660676624
47.87802166560674 70.44642158263176
47.254233408744774 69.71484483643098
50.430550911819374 68.69483992707549
41.2558581920945 66.3810973797516
52.564629220118405 69.31767591528445
55.02022911257406 70.82568728325576
48.45174302569451 72.79359212917063
46.4243589080657 65.3013238533553
52.396890476090974 68.78241985990908
47.18417890986416 64.2349313348869
50.91032414966065 70.06878407458888
47.20833685707987 69.1491569156505
29.245374434728998 60.38571711166554
43.33272557738383 65.48656866906813
56.14196555783829 72.87591021573765
24.812195218085055 57.66478742987652
49.49454576463428 68.69726368016146
59.37340513867057 75.6919451857828
42.08489612732908 64.02292252178847
38.45692351416546 62.538894826620584
49.788752813597355 70.27226858755014
51.8379695084292 70.07359731987965
47.02515059016993 66.73030705575829
44.514938543545725 68.90686222282476
48.05494173557276 67.63916935861684
51.76010764433854 68.23489994046511
43.32347904378905 66.59434384714233
41.57503957231144 65.47757242875598
45.35723914737226 66.82120638625283
44.06033822817945 67.22370557400882
53.15905197455519 71.63243178593886
43.55505136731407 66.04798080549158
50.62547336848789 72.45876828621779
47.48024090978658 66.2638124551572
51.726191339968075 72.13690174794563
33.443290484577204 60.83957641465617
33.21947351358764 61.24658724274707
45.26792550689646 68.1507664911236
26.50542149757012 69.31095787816486
35.111031829797014 61.82326812375544
31.34361056984283 60.7611894492281
48.523887302024974 70.94626044560381
47.63317197107081 73.0263578116287
45.74181239772672 73.44350029540237
58.367446755786005 71.57127601743304
47.00597038166189 65.46785551113058
56.39337291328511 72.72384113014233
37.29387743261211 63.47355756275233
44.594336707681855 69.83972808056544
49.58008861424724 70.33878169671841
54.10492302304084 71.98910245231762
35.0358548836532 60.65112146521994
50.14169635890771 69.34830368717536
61.899674555307534 74.02690317057507
50.706812459749905 68.82309312950545
42.18208225372707 63.72383555371034
54.933647311519145 73.97807890458344
39.71739365871356 66.62624251336636
50.01932107133056 70.05354777155905
41.5385415590581 71.92906928653883
47.59064594888697 67.1727623934242
63.44669013434724 76.09720735464863
44.12345709064911 65.7291864145653
39.4962904380615 64.91002216684487
51.95904539269754 68.82162202824843
49.88214849891525 67.32580821585346
44.86725317956946 67.34800973797223
43.013814716554506 64.46145410378848
59.072651855532925 76.08410957127717
53.32405446315121 70.15595398429161
47.257821095968026 65.83934162709164
36.83498374563327 63.68432220784215
44.106151275690706 63.429121794397155
40.088246080246584 66.55897311844925
47.408862664609416 67.97559996775772
30.93992045097577 63.94398232892887
51.82784122234489 68.9029533547809
26.197166341685648 57.80666008796593
46.868975697890285 72.79813772675173
43.764519984873715 68.16640000213313
49.321604943275055 69.89483221825543
53.72029138611448 70.08553143967123
34.50047653827159 64.16485235075467
48.09703424031076 69.19322129326788
44.14158909396787 67.79134660699731
44.55090459163084 68.52332247313143
38.75004096252402 64.90648170263817
46.00934449772702 67.3843570704427
46.97571464421129 68.32640877119988
47.33702221326368 69.8830838236233
46.71770140446373 67.03513873232062
48.368054795717846 68.18943275252052
49.840420885815874 67.9902295603315
47.366352790250374 68.58051437656192
53.94507546403098 72.61155131119575
44.587222495314855 64.96873232695609
48.11807588958063 67.28881269947959
47.340283677826406 68.02077943633003
41.946001293906015 65.30422274592543
40.25162442188063 64.79879210985307
48.71840564421087 67.92680798784441
44.79454837250087 64.9627995598597
52.10892007664596 71.29317406085778
46.5489596163588 67.33616272685799
36.973771645459486 63.2511460968651
55.62522605040631 71.34546621283505
53.32496542349867 70.77542386265985
57.01544082812631 72.00752398819468
55.89039232885973 74.34075432861677
47.67221560243994 66.6941179303362
55.73912178314564 76.22092009953109
50.989776645293055 67.62025805838147
48.72637801911432 68.574504038287
51.97706799275943 69.62506402956036
53.12029635048416 72.44792342743236
38.641153043968934 65.60687894329085
46.21144155714509 64.5579363191329
42.77300960508152 67.53661523791752
32.22975236522726 65.16524020314137
48.42579458438811 71.30571060787344
32.42303356744157 63.871493275902324
50.764568411273586 69.40433740044502
57.416897170129765 75.39667652660785
52.73156492371415 68.90631996264489
53.2181867834158 72.80107282930005
45.100037330944595 69.48639201525685
40.04497915654397 66.11856684716666
45.966144200029284 68.00416060690031
34.36738958092692 64.4009047482849
53.42253714951657 70.56641201150518
50.19194080282418 72.44956711695784
46.0161039667145 66.48365260680087
47.38960000781891 68.86836371799916
47.955771403872454 66.99704466952274
50.680118901673 70.33797685038547
45.14946995468332 65.80039621413866
48.74153278540059 68.77789575978305
49.231246991600145 66.78742141913533
40.417023472325546 63.53760211272798
49.725351839325256 68.34047572362053
54.24995843527102 70.70618741248171
44.297943888194844 67.42903892078866
50.94712455629889 66.89381686546004
38.608039457560366 66.28608193133593
51.20568654172431 68.87378330773765
44.894628557484964 65.588735776512
53.29938221185349 69.54249504985388
40.104536450320154 64.28291313797668
45.99949462633524 68.50695370139461
41.342504927447294 63.70456297561981
39.216517163172455 68.64371857215212
22.447600544019174 58.51029179950657
44.27995670598099 66.38079123700801
53.083861288205235 72.37095487462206
54.44325748294306 77.85280365999442
54.768078730182616 72.4406511536337
43.43362837133442 66.11485544140153
36.39305599178005 64.3937367584153
52.022075886419834 67.76015998780359
45.57821325389512 65.37120588933911
52.9497728501471 72.6504394165404
52.166258652552465 70.60731471169935
43.27685145966761 62.990340029924766
54.95942922266245 70.2933847178953
48.479905951985344 68.36738513466706
36.13475373960295 61.239212854089125
53.52485753277666 73.07260285797722
52.40327251507308 70.66840284665382
52.28204571951654 68.01670942647901
38.941958235172365 61.6208060763343
56.54819567286892 70.00629414288805
46.31597510340757 68.45063197207924
58.71631176622439 79.41947344355802
57.518479523410704 72.37273193480301
46.33804775888873 66.11541318374388
55.5445783032818 72.34566192350367
47.15412689493086 66.75538624717659
49.84668943416345 67.91585683556876
50.70299645944115 68.96066865179392
54.34595430110348 69.8827288591324
43.55488579861964 68.38972484212137
46.376733815373356 67.96974165656077
47.142460310118054 65.8733514328548
37.6207643584534 64.2211354807609
44.775882245022295 72.71780497850285
51.29732567979484 67.6747030745145
45.70936200961906 65.92746006904456
39.54791777922351 60.69900082090201
44.24459859327798 65.57826405156715
53.10176664590568 68.61662934718893
52.08495142395543 67.86606707353178
