100.56869107961228 125.82311769522975
96.17622612370059 146.4838044666203
80.3961853771153 170.00161137512137
82.77266405193208 156.60371844980918
97.63469338047189 135.06658122293123
86.3646500937802 153.55575273489637
105.91970504437649 124.54480664687333
95.1119413019702 123.03075461310333
103.91367247030243 125.38602381677032
93.50025937489673 139.05201647280578
104.50591130893716 129.6360516498085
101.80741274673721 156.81829338970667
93.03040079307128 125.58966889666837
100.01098704305453 127.27786993249549
95.70947390081693 173.1359283974219
97.97093248457362 142.05398874292476
101.6344411408677 132.81415746041944
74.92152851206855 106.09495701219801
101.43588734056519 132.3441964089245
99.73664385408604 125.2530500007274
103.0434868190287 172.27460278357876
109.19914299245376 138.96439077892543
109.45077041395587 129.35521852824922
105.49621049057983 129.70087483048624
100.95136157162119 126.17909946560533
86.16814104263716 152.05463958717726
105.73572344812544 128.5505811633002
110.90159690910453 146.24639004022714
106.55028156565417 147.93571611473106
99.58492461573157 166.49621208833693
109.76787152924354 141.5934145143126
103.81876518718626 136.24800842680452
91.8067533805951 137.81754607823493
100.3315995355986 130.3556708914557
95.04513255608597 127.54190493115034
99.58358098497206 139.3551484846957
91.71855872572263 150.52140446946657
96.37774634790964 131.57147810152728
90.88499319020512 116.87847554324989
93.63499531600257 121.50293693649064
96.64112857596356 132.4680961514136
108.79834609024559 126.10617957732357
100.38900937488668 130.05091542206566
98.9472093068538 126.17348634671143
106.05385412966709 127.78880799378088
74.89501974480305 113.9984843184929
97.13256819920123 128.04414723292817
91.5897350819006 129.87360932499143
90.59293596143709 124.59197172256744
103.83225175415701 147.4710204411551
97.12195002764217 127.9700948786068
95.01477911313522 122.95182070678048
93.57502461477766 127.31809502782838
119.98408939078283 143.82350099179058
102.16111020771787 155.33533078998897
94.33533555663328 162.78804920382876
100.3757560820446 126.32865390616006
99.24188217643875 131.81274948433696
92.85301281548972 140.60596796353477
95.34626118741093 127.54170830902355
96.9419803646357 157.37417413434358
99.36513826727081 131.43743179716827
99.30994159254163 122.73008749692062
96.35588029587868 125.013602135933
96.82292027286678 123.67388461871816
109.19693648988178 132.98267551592565
89.92332472921998 141.16896240087928
103.63152163314284 128.23148366699468
100.34468160739875 123.56635846352178
93.89665567542936 132.0723545400773
100.91613219382953 128.49157502015515
103.53542297113594 128.70782698589704
101.86223344356593 125.43512037994248
102.82986643624345 124.56298226960892
109.06713730433678 130.15993034870826
101.22457838706195 126.09573821004035
108.68795450999407 134.50778119758652
96.45337970787897 169.48804096399903
92.1380755988827 121.58536884696886
84.13566382152143 122.96758131005993
