113.35084612549956 121.31753370055343
115.56017797269668 125.07284119581044
114.78781312177108 124.94842335969597
117.86320566695217 127.51824847685542
118.50483044973565 127.04548807264648
114.36772477890116 122.6828028442313
118.90461412496396 126.0513253311608
117.11775751751951 127.24932281378989
114.72776070050011 121.82781530894981
116.21599026347529 126.76785865304475
116.28806912176671 125.05193672813296
116.11591210442378 124.22597584217256
116.02567388172784 123.42939292795258
118.30899197718428 125.27914459575007
115.5781223682726 123.25603593396666
116.04757130845584 123.90374123954872
119.7928535760425 125.728341649729
111.18520476776709 119.00562402085134
117.0016424078018 123.23299138572614
114.55098985876836 121.69121871048074
115.7968290151038 124.61754125916931
117.59708263702431 128.57312778517363
113.92653660866019 121.19041688501841
116.77690912897565 123.73374954098358
114.33570341857896 123.62651553014257
118.50236385557731 125.55102306363666
112.01244641453223 119.35031866621266
121.79427099248726 130.86548067019197
117.02946450475058 123.02926495906392
113.96541543768758 120.42230069598351
117.84047642652845 126.12883287502287
119.18651677938793 125.07719249569107
116.95007953577053 124.7911440044932
113.65189727606604 121.21863965444521
116.54616379170331 122.62297129132122
116.77677649393885 125.50351658161713
117.54768127937359 125.75865296745896
113.65534399473592 120.85898756371974
120.34093089449097 129.10916621186888
113.47618765140561 119.8424309621722
113.15914401744415 120.51821885477626
118.50457690523068 126.58322367591185
119.63819591439527 127.76469170990632
118.24635877264825 127.59783599880181
121.67053610003047 129.62726122443996
115.52645253557438 123.43751909404716
115.74248909760036 123.98522499282375
117.59006776551702 126.8208737641095
117.223988870904 124.8412464930671
114.9423440596055 124.66627772496794
117.54884068302046 124.49789000639082
118.5641287523923 127.14404786166914
112.46544094314659 119.55656432930934
114.72442287213202 121.13365159619559
116.09462148926262 123.06946258216877
122.26408228976017 131.6017809831931
116.11815779652281 126.41275966022775
114.32271737533893 121.54524847352613
116.48155244065315 124.74903016507172
113.55664497309861 122.79511055247187
116.76391871781179 125.48322141237409
112.89339111129524 120.90884751135809
113.54078622175012 119.30597101542271
116.1439696748936 123.8204001041338
120.95120726761317 130.5865042934392
114.96820895138147 123.3669188421264
117.0275158060595 123.38409094752357
114.08376296135995 120.93838396764448
119.89567455788996 127.60995831312081
116.20660629866316 125.30169802339523
116.04508851959402 124.30043520873356
111.95148740680695 118.70731317775915
118.83931899664674 128.2322825465479
113.06621118089153 119.383435767573
115.17019102985297 123.19857938891077
116.0649825949333 124.87700439247487
116.24376634384124 123.15793105979428
117.08169972599053 123.4897449499086
119.85373164384944 129.56164022050064
118.89878479334688 126.88718645156321
119.17172961464516 127.51073590699113
117.52996289452054 125.95462756525947
116.76829129549918 124.5105033741565
117.34356737682359 125.34988283909539
111.61499208393114 117.99130714885656
116.32967880753081 125.2557719879073
117.89837097315993 127.48662771569562
118.1171831021546 126.88880888328423
117.04010931817963 126.29284760727508
112.88477156154566 120.04551907833118
116.83078860927776 125.69045610833146
117.89835627182624 126.68974400655242
117.07977800905753 125.79158087736705
118.99589714005621 127.77932085456074
118.38593864275106 128.21852935561284
111.76963259659007 119.40496943197513
118.4985814885441 126.89404905562917
110.64194574515467 119.6312756442086
117.07813953997065 125.19027772459911
119.3357046533057 129.50637360863982
113.87103892415024 121.12396172091334
115.43108918222629 122.23154847179543
114.19601278710925 122.84034462646743
115.54648319416589 124.25180755887685
113.68115634325345 122.61307562687016
119.35717876469124 126.10066297120173
114.35996219074495 119.92776466125507
115.51508721899648 122.9575176795246
116.45068981996673 125.29098573233253
117.17087638067991 125.71941103991281
118.49811310427314 127.03856441307829
117.21053941951517 124.8781528141019
117.1696653523355 125.03092618960737
115.75309090268782 124.36187730178972
116.30362787983579 125.114228982529
117.02713685633603 126.4864343751326
116.42076774602988 124.7005784048024
116.63481385516265 124.38589083503756
115.53595051931609 125.02828435332003
114.52075066270095 121.64403015619365
114.75559508247967 123.26861149821954
118.24212788198335 127.47524615033423
118.22075746762957 126.693673766346
115.96229756009615 123.83892017554055
118.42192587982673 124.93194571846705
116.56570826300668 125.24556985015474
119.63187872579208 127.83353381383401
121.86011847570484 130.87605885624916
113.59510485416787 120.4077026483194
115.73276445472733 124.70901611377852
114.71137944733914 123.62643250597188
116.73936586958999 124.2036531256899
114.91203357921046 121.4385718955186
115.85327274007454 123.18942884769201
117.55826524949019 125.73433528943656
118.58792722785023 124.16744494006686
120.04058606445406 129.2427058499856
118.05133113550845 124.25894613347415
120.29590638280906 129.64108555264832
117.3503899024647 126.67562404206888
117.04746840379661 125.87893987800093
118.66015936020203 128.10658926633553
117.3425279549289 127.18517872766851
112.93544188480462 120.77423206683085
116.66203767761453 123.75984118875752
119.42525397920168 128.03306417268925
115.19283915852812 123.79152954924078
111.5242941327524 120.71202216623516
117.55465984868307 125.18797993581401
115.9169961703129 125.09946989299856
112.57660683918603 119.79488122834634
118.28871121159736 127.35832803556228
117.87227569141169 124.45176615145216
119.49217960179915 127.84806375344525
118.94226293572694 125.67256466404388
115.98517876461301 123.32067046295734
118.60893956955155 126.47972488474645
116.95917607650486 126.03663199021648
111.4875602828732 120.93201926547518
113.1221516216892 119.70559844568704
114.70963225149782 123.24402329779973
113.66984657329463 121.32486617989282
123.67509382794546 132.63182138010183
110.60318539586068 118.22490175696356
117.04902138417071 125.43914063476274
120.62332677680773 128.8305043057692
111.65997009970002 117.99985801698817
114.43824864431585 122.11356492275468
119.83355801659187 128.12465072620938
123.89684948617176 133.30159694610725
111.03166240099132 117.83899603543219
116.06698228404713 122.6661625222372
115.60396823445477 124.24247612935304
116.67004689893452 122.85910412938274
118.78758808746873 125.76523644242315
115.60838650058182 124.2516148205873
119.29039955906934 129.53283085109956
110.73049381920389 116.04184848415485
113.23404474120306 122.73834114116552
120.82577187418967 129.38838202260555
117.00253758898486 122.93430425958186
114.82961228704778 122.99072533349691
118.84485832532343 127.39529071115459
113.04523979425628 119.39492959625943
115.9233934193074 124.85270165951971
116.38795371611212 123.57689743579988
116.48017923379902 123.96975916490048
117.37920264953728 126.84656612865487
116.61570222822711 125.35283399558635
117.39059619382446 124.09013337511534
119.77885995039857 125.62529488381949
114.11488481734449 121.89680544218078
116.64696283831495 125.87926575064228
118.35003313603825 126.59977657021523
120.02163080431225 128.28295929625673
114.14067575868155 121.02803829112658
113.4431905813015 123.2254596337905
118.5803606268367 128.5575802307741
122.1507646007419 129.85691162459244
115.6395920057621 123.44419513322211
117.73166055573155 126.13490264653348
111.79186148698702 119.44617854298312
118.32336713755413 128.733802562702
118.86133023067485 128.889198025926
117.78830338606905 127.49183692072884
119.49446734262906 127.58053794291295
112.16455122200512 121.51284684970663
115.38297761870433 121.4704353628335
118.24102313730478 124.69326851087247
114.3862369977611 122.39440709282783
122.9434465959632 131.93741268118197
115.09730003141372 124.02547060485429
117.5298119768406 126.65996192434301
122.71543366561487 129.6360886494691
122.21216895682764 131.70416811466987
113.40289034416791 120.45152461373002
118.27008217502357 125.65667912982724
118.96113987303512 127.06108586824153
117.15236728387067 124.68637025364707
116.2965111770481 123.97615460912449
110.95566344979424 116.6852265310867
115.31974541136921 122.29748683184559
117.18196464284559 123.56270493849539
119.8637041797865 129.227290960711
117.71778558444115 125.23434885956824
116.41062240536073 122.80153382612279
120.67762100430541 129.26626109271865
115.52628482682152 123.46678416332333
115.58321591234532 126.3621557714223
118.14130241652431 127.02107287722812
118.1869447150376 126.23426013328955
117.89132673160395 124.30727564305064
117.83796103562105 124.94113167688792
120.94624938525689 130.3146906050722
118.39347148883499 123.81008788017824
115.9401324129323 122.11037749918549
118.1056020324676 124.10584193393746
109.63031785422459 115.34637222624889
111.85340422990447 117.55583577069629
112.3842822438969 120.37886141464254
117.36308939920379 124.40286816728347
115.11106652166889 123.20265420197121
110.99683417900265 117.62233824584908
115.45544616382294 123.89989689061055
111.65101295400932 119.54574540014364
113.63597998259675 120.26515409268698
116.99831224469324 125.97122314468794
118.69289194106888 127.34689173516391
113.74090574687469 119.2167948337784
115.9083191024128 121.15767587807827
115.5952918858798 122.06149010323477
122.45611786430541 132.03952201970125
120.39430216625156 128.0912291558842
111.08355998906993 119.61689320579175
118.48339391237373 126.76967973684916
117.68312565993723 125.12813802152341
111.9001778585965 117.90144035574808
113.6340344125825 122.6786514137871
114.6297339295814 123.71013662376491
116.6110300052106 122.80628428320087
121.29018376900635 129.8695112688109
114.49891311569439 122.545959465857
119.56016860341529 127.03178416176486
115.16146315725646 121.05582318571264
116.94719987825088 126.57611444639565
116.93037961325501 125.9741971276307
113.73231350094369 121.22019171009849
118.94307735349612 124.86106084231712
113.45180649595645 119.13712353681012
113.66443531686508 120.48909521841759
114.62143771938962 122.59091215774544
117.4381225077939 122.3791925198445
120.83334918240344 129.4250661470621
119.15431116186636 127.11829806852174
112.9836917347144 119.67886685589961
120.80162856722862 129.17059042483305
114.30955023997312 122.62035989094647
117.85716840841995 127.41282052329557
116.19949020567957 123.47199340488005
118.92961779370454 126.04075054080636
118.40821672166774 125.9535855620604
112.27855366245015 119.07367238409023
117.50619611536624 124.36705022826315
116.10806023742863 125.17051093450222
117.2281879940807 123.96789581840672
115.86726477199237 122.25214944454308
113.9465489396858 121.94147145059864
115.56202040476627 122.92652592064572
114.18182347433056 121.6247204729403
115.47989356741517 121.9075712563639
117.22420782344602 126.38166775386787
117.09710838314606 124.06885495096556
115.14371684136552 124.31525106473414
122.42406245721872 132.36071064934353
112.79014749631986 119.62163599639386
117.82809164390218 126.72412379486641
119.33475285962813 128.20734800264879
118.54211583325977 126.60908633971276
116.41527938645889 122.91859438503737
114.37400287426625 120.68745285379433
117.28748611238356 126.32164542705623
114.11265431981464 120.56415927898016
116.26748800121358 124.35283982259709
114.25858091441151 120.19573325345779
118.70527322627017 124.93100692081427
110.79584398364821 117.83544065615055
112.30965367070623 121.29290872101194
114.43286861272786 123.409418792788
118.79177024755276 126.39757021504386
115.81999968846515 123.25365340533578
115.1694694946008 123.86628689252639
116.8712710497644 127.61693008574646
117.97474449227721 125.86268785841021
119.70332350761339 127.66752403782908
118.12005426372406 127.85922600661202
113.3400633584543 119.5504296573438
113.73361842555735 120.52220819937469
119.48693778592984 129.55453003254505
113.1807547731122 121.02168129411206
115.07834426976568 123.98242230088204
118.23250388162276 127.62507536451572
113.55089711795677 121.72429744335088
110.9591272147456 118.02868174535102
116.5480167422103 122.8363878949729
118.31864216150932 126.96224167736163
117.70013899177516 124.58106429064007
116.69582537543 122.63821689213192
116.58179673441018 124.55843486075585
119.49388075537773 125.01192656203636
118.19825345155532 126.43601153609761
114.55706015706228 122.15898237915675
115.97274018829862 124.8496264310408
113.63609473167666 121.99844759292672
117.77224534573367 126.51404947608377
119.68079884275116 126.83547328516379
113.66233928645258 120.21573996656056
117.9534966493095 126.12554394816361
119.50781916862908 129.12350977223787
115.01463663358169 123.03603776591692
116.00589090877224 125.096730527916
114.80501032112467 121.15705512495761
114.90397870827923 122.24024643116198
109.99087822999333 115.97175843418245
115.71828953745273 123.01371469117882
119.44569136998251 126.5297414757296
116.37533842372248 123.10529512831779
118.67937915299441 125.73265639663643
117.00552832091728 125.90033241706078
117.5227378116701 122.97999176624745
116.0046453076299 125.05497822085441
112.82743620639728 120.77278431629531
117.58565400887454 123.74649861850246
117.72022463289682 125.16433156033807
117.71426628565318 124.8766907042883
117.01184094857688 123.38674822111875
114.6285022896391 122.7486793373912
118.99467500512554 126.15861410569173
120.11298020008518 126.49917420782691
115.66658558947188 124.90601600408799
111.71845924619494 120.1951581661858
117.46471546214896 127.36567117584383
123.36073963302576 132.9693170642751
112.39212064877323 120.43389212451034
116.98625133331964 125.50505889207055
121.40332912116467 129.85798193012076
112.25727982372386 118.21658222622669
115.768913716024 122.65608095558795
115.05048490824068 122.12987818283743
120.54918168106818 129.96366982890922
114.92440276494744 122.43603103279618
121.55722716374052 130.97646142554612
114.96250413758968 120.58437005094588
122.82267360426951 132.67526363840238
116.94457722945444 124.3478122765336
112.92580494837036 120.23875144747318
113.49542908466665 121.75215560700718
118.28865410627637 125.86745278752194
117.28928377775144 124.23768820125758
114.61077520106514 126.03160238304943
118.05408493546348 126.9965594008967
115.55036183483283 121.39427286037132
121.04834250716002 130.15435903857906
117.86797322225502 126.89230369031483
120.14071580128397 126.63787460708478
116.5257319633935 127.76853505142618
115.25724597937536 122.33400711591337
118.16145224076145 127.14065986717398
115.28456235652729 123.48792924948447
121.55616112690477 128.03891643355047
116.42137895438226 123.35047546412977
114.00427996725796 121.0382412417994
114.97450567391812 121.53499474717603
115.70061488245834 126.02768435792014
110.95665179874088 118.98123935012764
111.82485864936768 119.37052328788967
113.01555752584808 120.26250798533489
114.43092979512522 121.90226472820804
112.62931839230016 121.92190800016479
117.02046332193505 123.94004405679101
114.65503514860022 124.03790134713158
117.26541228604378 125.24269693399087
114.89843584064708 123.92850517167193
117.7693068534418 125.91109765035004
120.04211397218458 127.48368398520942
118.90833344096613 127.12902711567115
114.84987268956102 121.23647972100329
117.10693103923532 124.65649647265833
116.76736589003431 124.45819907677678
119.613327353902 127.09675515055616
114.69285915567693 122.73192332753983
116.39497768197734 125.22254621998002
116.12684162038063 125.40486696140712
117.9715643190069 124.4541471168502
121.68459979302155 131.1371883751851
116.98785718246329 123.90395831564314
118.63418231858039 128.95591518108998
121.7507087837384 130.95007742553875
115.15764652769846 122.3896490642566
116.71132937967045 122.72856400042072
116.56834216934935 126.01056264356522
120.82418536331053 127.649245347579
116.36072239260253 123.499644903003
114.45920988359892 121.72468536955499
118.76097404557173 125.36090047245932
119.82986828646835 128.25144751737463
111.30730646366867 117.53786143216983
119.18554797212452 127.17950605319385
120.49403584759949 127.57179992417832
113.71621192722935 119.83653274337787
117.39358151094142 125.51818991663501
118.11652366962416 124.42710061027387
118.23572044254279 127.93694336152187
116.353447980255 122.98255624282534
113.58199348917377 120.9200851614003
113.31705284714 120.73732403228658
118.54313747888128 127.08610034773562
119.21587399791903 127.73333765787558
119.48190828122638 128.6187964665028
111.03241011525895 119.53098565759637
114.98502355104159 122.66841814388351
119.51367309371588 126.22825102005064
117.57309295940284 128.01390119187525
111.78792639589958 122.07808509295991
117.82387618026168 126.95920813412192
111.59210415978889 119.14222968258902
116.86989469373185 125.03812391427766
120.31660784846491 127.45659321159752
119.3041239120093 129.781652089225
120.99809026107035 129.43424154969927
116.07273354777278 124.24942805629163
117.53275157219892 127.24662864022822
113.34657861050195 121.09332495847492
113.39091465356945 121.89124593144932
116.09059955438921 122.35349754452433
116.52515895102098 126.57228676418245
116.78338422827733 126.28170301214985
114.46373738699513 120.75155085866523
113.90418017898374 121.33608608013016
120.62960580140332 130.3572629844155
113.86315278511813 120.96240518733505
118.14174954486622 126.69708981660031
112.23083760773766 119.90516322588931
117.43643398889846 125.0413539942167
115.50599200865102 122.06048923400594
118.23480175158615 125.1272124950612
111.14844946730578 120.39563065915898
119.30669845151876 128.83789513498962
114.37107358436245 121.54645291833936
117.33605603762332 123.16943218098803
114.26171518455558 121.07766716388117
118.60158323066067 127.00030384790712
111.0930154427359 118.00420555101593
119.05590590329808 125.73664950764693
118.5534330391526 125.37150789096498
114.96896440766793 122.02842209661468
114.42374564677097 123.56651492311224
118.54866839629419 125.4303071498542
117.71816722873645 125.20295201596004
113.74175992490714 119.720123974745
113.5295949840863 122.58170431833442
118.36433296555415 127.25897080448296
115.92777223928276 124.45206323139155
116.91533221215208 125.43827372181914
120.44714374796312 127.2193436919401
118.2559391184565 127.25200729487878
113.46328731388127 120.7649211394653
115.95131004218393 124.19479290343577
115.57920844321957 123.65739828153959
116.84475548802152 126.77682348163917
115.70991443260183 123.67064825255335
123.73484577151197 130.98024122298122
120.38110093944233 130.69019536809486
113.99146366465062 122.43484844844096
115.80256955461941 124.6972659857154
115.15735488576853 122.25912977539075
119.28859099665738 128.20760345467218
119.21613004292867 127.50776742424284
115.79017203234578 123.21933245072549
112.8220570704716 120.48624251636772
116.95481899886676 124.26291547432524
118.92242059070273 124.21590609182134
115.33991149832349 125.34519824214472
117.73580836997705 126.83018214875867
114.19190931546203 122.16683875509146
111.10610177614835 117.52671078956784
120.06919879338875 130.0576988223664
118.84771612323551 126.21861866791406
121.54301962297822 131.17463483308862
115.66505932553757 122.33653479026952
117.36061152105265 124.82957882137944
119.12611174943618 125.72412086658072
117.54529446223046 127.87631074798341
115.6596939686701 122.67765853559814
117.377628057053 124.96199246203363
113.80680100031209 119.87601183651586
119.73989287048205 127.61518159087271
118.764246049843 126.84963622450155
118.95198292950924 125.95514488238871
113.87851420459025 122.93507901699434
117.30981597439268 126.54895422070123
117.37876347634516 123.21662373457005
116.30060238676815 124.90806099916176
115.90772726018486 122.61321644533888
118.31528969484346 126.20518996150506
117.33655045204905 127.33125415993752
115.4869506114683 121.98246206074845
114.1302705571639 123.3054760616055
113.52454008343139 120.3668901400748
116.62192167829335 123.01681861878075
119.81292163980324 127.53171461167187
114.14727368128337 120.72552100381748
113.36034528150626 119.81783034108172
111.44111184242063 118.95670020271412
115.5744107563177 121.81478178808237
116.2095484384186 123.14490729296227
115.58799079154706 121.89004848843578
114.92290176425333 120.41729288570542
113.74443303345785 122.72272712066426
120.11969361517622 127.68558372022487
120.2025427528902 129.25481365076013
115.64761279942302 122.01006941443282
117.64826233018377 126.41301898179093
121.75015825033995 129.383664910272
112.27136261323092 119.19140231005147
116.31349719051727 123.92809321363328
117.70597594592633 123.89071090718497
113.21298792857486 121.9895043710734
117.23388918566476 124.92458030490431
115.43166162138179 125.37137425818672
111.76325206715953 119.40472676097261
119.22850952394884 127.11262627052672
111.33823863512832 119.14360268427905
117.55811388491735 123.92405056569372
114.95870701359875 121.23658731278869
120.23560031654917 128.29431710122506
115.29327413877449 122.46158915064254
115.60524421266655 123.26068649403416
120.28086624094627 128.2870444586218
114.67442307300365 122.17162509594118
114.00211090874669 121.75919727440657
117.07146276043422 126.23169496549744
113.46391267107715 121.12778939821372
112.71289959490667 119.59002371112491
113.00457461242696 119.87298954875348
118.68503583179859 127.9057110750619
121.48518805542025 130.08351478725507
114.63997574075248 124.36597528351189
116.74978322109251 126.10975737715773
114.16475242898164 122.87311107958843
121.85981526222982 132.42743877363793
112.98622195128868 119.43205663757983
115.46653892710135 122.64919719884207
119.40226471308779 128.9291286137789
120.43452173121159 130.1441714359098
115.57017214051432 122.67897451142125
119.6377563369321 128.47050847772286
116.92301269530839 122.72482287948971
115.86337776909575 124.50531300848598
116.90216263646828 126.82073938236388
117.3376272778996 125.79211080641687
114.25310127189518 123.78311559774227
114.51363954414957 121.86973762755687
119.65553285163028 127.93360862946709
115.54624854651426 124.53060510130994
120.39562902565831 129.04338470391045
124.9482636619297 135.26544094467332
113.5806408725438 120.95289959356224
111.53083743487704 117.38558838634599
120.15981051589779 130.50048818959573
122.7636378167865 132.45866809955
118.83947703194008 128.96701173791865
120.28309851408046 129.10140545951904
116.49097183913706 123.50617888827091
116.31597513327743 124.2203703158393
120.35801211898651 127.7616004529663
117.61195474497558 124.69740829139032
116.16075296058021 125.67245130383164
113.33178593445061 121.34730467572447
115.46550941024832 122.14404947561907
116.28044960966237 123.35877739806442
118.61411541383913 126.04030831293004
117.2799777237533 126.12292174138243
119.9823048747465 127.0734924736761
113.65320579689553 121.88674987437956
114.6032817746581 122.16672024025401
112.93819204144937 120.08953390106308
113.98184926575844 122.95311372848911
119.65269303007291 129.4432273105639
115.85742165859331 125.16127269066726
119.32242201279658 126.51134993738563
119.50056433770655 124.93198472821086
113.85472655569355 121.05899975907585
117.49871457518502 127.35692095266575
117.19640196273866 126.79085381492965
116.51371167261314 126.58034204250589
115.88328396375657 123.99132572138537
115.28416689700144 123.46598575492779
116.65270110455256 125.1356932097993
110.57907293123256 117.39766233861293
116.54652745313898 124.16293791951108
115.41955492999853 123.34283225820421
115.17747248203865 123.69806928564644
112.63865314144961 120.13096152121823
117.73773239070523 124.68310671925369
115.61013785285357 123.32848418109226
119.718096796956 128.62111056134611
119.28755258871101 127.21921740587655
113.81941320682743 121.52445114723423
114.08220307613293 121.09206461305718
115.24607976819215 121.66371250728787
118.9086579435008 126.10444795000755
114.72949775661229 120.71372382857385
117.9755823930522 128.17912098005368
114.8080486785231 123.78659961967632
112.87106836745045 118.84496284765774
118.01482339368744 125.22444165631074
121.28468891144946 130.63289403228168
115.59717395740118 125.28566887754727
117.30522069419597 124.63139439806285
118.51937836902651 125.84397365539067
115.80000841918454 124.44453198426247
117.85505279360318 125.77005664318045
117.59744487426221 127.22494298227979
119.15686058014296 127.91728532540668
119.95416274226201 128.817469596472
118.41487970934074 127.61891233644154
114.31501741387909 122.23947366945964
114.99432258909064 124.50402327793478
117.12824941139296 125.86392767766418
120.77875478509853 130.40081198323628
115.83471124312602 124.09682559914603
118.3419563639974 127.90230629068213
115.69765646695603 123.63289181783811
118.85561508035107 127.10817721086383
113.62303700969711 121.3408042428923
113.03186311625203 120.98134125717979
121.82691039925737 129.9131998205391
115.94382953225816 125.50709748767794
116.9625205413937 124.58797350492749
116.6337596693829 124.7093395458045
116.47362810171228 123.16492911635497
113.9315521737981 121.32024675025976
119.17973380800775 128.8039875121536
116.54259475432701 124.86990709707926
116.24974752337171 121.78647063682678
123.51068753360059 132.70942671678574
116.2070529355227 122.55989250493498
116.43770988318809 125.00228185233482
119.08891223109498 127.06578678446489
116.70857723486363 127.96994729041303
117.42602761938969 124.57081009042942
118.94899722921306 128.37381745492712
124.56019019370461 132.6288252942559
117.48275696080854 126.63251483441621
116.11819756679151 123.908109623013
118.07961857251934 125.05634563321132
118.53944516259781 128.5463226079556
113.66607193453146 122.3418513073289
114.61588472527248 122.86493513211188
112.37519599113472 118.20375745977192
117.91948840006259 126.61660356747777
120.61080135734628 126.24720086301431
113.44471010859972 120.67635425425117
115.17845689224005 124.20229949894701
107.30230929627609 114.47813449428375
110.7672131414534 117.68669697336227
113.04015389640536 119.54867380683189
115.91045133083635 124.45429502723155
117.08970996249782 124.19109708349475
118.56004292151002 127.36841896186245
113.09624443305353 122.02296683713173
116.3472422454936 124.99588955311425
118.727869094293 126.74063692402606
116.33698772533644 126.75918272461013
122.97470615165237 133.3895110124977
117.0832847827057 125.0139048714283
120.12207451381303 128.53828488515816
116.4694012563193 126.72949517567248
118.34555433761653 127.61458141425506
117.19082420408544 126.97697931106448
118.04270703542407 126.33133240711517
119.85374015192268 128.0283587378352
119.14928347242378 128.82650294364237
115.56144671532878 124.09249049290541
119.1520006747168 125.07326719189312
118.63010748366165 128.1564543207431
115.93228831503185 122.22805538932565
118.69594904845789 127.32209236757869
115.28733488857817 122.50949474041394
116.7644582472421 126.27667289615121
114.22732756884446 121.61030546483052
115.74390595494137 123.66817942469457
115.97610113539915 122.02106013527984
122.8648214070025 132.73273477324452
116.77757182664678 125.4430567686471
114.9470241542703 120.8310280351633
113.24956885903876 122.28952519111267
116.02780580623957 123.88142059179772
119.4361424190101 127.48866142207923
121.54309950294343 129.28569084561707
116.87472778022787 124.3303906408938
118.01163335644446 128.7858153080039
119.62493228858393 127.72340370784663
116.66048764485424 127.27939960191983
118.76317014239996 128.03409342866655
119.49325289149083 127.32424329868842
118.58640559905601 126.80122689179416
117.25722725637188 125.39346092038278
110.98980891167972 118.31874437353532
115.24171198751452 122.05437020533826
119.2570864002381 127.4521453644151
117.03029596787121 125.3123409038232
117.09575387933428 124.67466690163943
123.88718651569961 133.37010624839732
117.57145853259912 126.10654986122303
118.71407951394646 125.96273102935528
114.69808094744945 122.4779037895696
115.51723584838612 125.12100178153008
120.11654413852072 127.11953654487027
120.26136127279752 128.79522080371677
110.0415645874658 117.14014173576139
121.08084833325333 130.04569327472933
119.24119692227369 126.38722459286083
120.81086900094411 129.18907762322883
120.25648297379107 130.29167433058007
113.31816179642952 120.49762846769234
114.39768256250548 121.62310012061795
118.14283720808285 125.50010294848032
116.6349606147093 124.55991762556766
121.06422364296621 129.6374286820488
116.66114168050545 124.36012148147908
116.12558949249829 124.8345687757632
118.44056479146842 126.74617533569113
113.65507694170039 122.58514032953373
117.05282313894591 124.91690436363469
113.70953035917101 122.73775083340614
119.07434046086703 127.5909775567032
121.52478290216601 130.27515756900323
116.58311041321004 125.31367567405775
119.30458310767816 129.44457699230546
120.69677527833026 128.82983944223102
115.63717906211923 124.6211554198152
116.84879058264308 126.66729179391363
120.85164256691209 130.11916174988718
118.20350872281266 124.60865140563467
115.544520011453 123.4565042653909
110.78511210303881 117.04359223111187
120.0584195856712 125.55289832367974
114.80636068733435 121.4035931175097
117.90574572633369 128.08087020045377
119.50725800736733 127.66104200734942
116.4359883968742 123.7702709214596
115.87848812052077 123.69612051913545
116.02928356668151 123.9959701423131
112.84598972962753 118.70511241472943
114.70450142768155 121.58138205760783
116.39312410452114 126.09930299810551
118.48127700781515 128.7990305659162
120.85328475354049 128.14607451488862
114.49675390913491 123.9314464690218
121.11592371598594 130.57170883270845
117.45063941153943 124.22990476711787
116.58016864789225 122.85041602713004
114.98140363795255 121.88066322438529
114.45708119329004 122.80948952782677
116.78212154378694 127.14964649195252
121.15548948284749 130.67045118198095
115.38474053160769 122.61037897861115
121.41482530279771 130.14097548500237
117.99589325274724 123.49433108398298
116.2227145231767 122.8846648483317
122.27046868294183 131.04929270950458
119.33699365248596 127.481355420107
114.56746014424262 123.57861517500795
116.5386938971319 123.85076471537825
110.61540012848684 117.97569670257447
113.87085785582894 120.7618480563008
114.37125585428291 121.61339647254128
115.89531021950535 122.68349516630668
112.73527264342987 122.26183797253692
124.10191064644243 132.6499011169205
113.57735832529185 122.09161743638457
116.72003174732228 125.50640774863157
117.62338293000177 124.56747085364944
110.60975554769483 115.82114298840379
113.44929317929692 122.62806391164143
116.20111716714676 123.1027894062218
118.40972729690246 124.68649424661096
114.33408075953066 120.17764626997699
118.46125922379306 125.71849333923744
117.11884106071761 124.46875928525692
116.93427312197858 123.47218349206999
117.90105256071396 123.94732614572786
116.09272504899221 124.89755943193806
115.40506703776057 125.1754309290444
114.72596438738836 122.85803002723551
116.41053531886195 123.57182672336748
119.13265810385492 127.11049109348232
115.2925148336916 121.18524291530686
118.40174513150491 126.72507507781515
117.29790008291174 125.25979929205353
113.87156268631892 121.17193300094239
114.6001480854942 122.6774790595329
115.83161702078732 124.20700574067934
112.4793891210438 117.99007300037337
121.07760357261618 128.9063472881703
118.15526791482534 124.7872924509594
117.40567289977216 123.26975294466372
112.58629327911926 120.35812397028218
118.13909252351813 125.7807517438599
115.12252986071256 121.3705643332353
118.0111691699546 125.52189906168458
116.05340887874186 123.93455357579423
114.73079542634552 121.88153548226038
116.79416213237258 124.36878252012605
117.9991036136903 123.71761557077278
114.99921599615435 124.90524791643146
116.49237643243906 122.09636875060065
119.73606832767942 126.94285831093998
118.21806108372886 125.27278984343599
119.1850719578108 128.73671868866677
116.19352334500108 124.36765554362368
118.09154144635491 126.52600369653426
114.71656697666967 123.43276591546187
116.59876168048851 124.6464080039745
115.80441463631563 124.62030051910317
114.43971019775995 123.36191773333427
117.68073246411983 127.00181725232605
117.0593471469097 122.34758912415138
115.7297462403541 121.73672745412287
117.48797915376795 125.15035291312033
113.33494001524276 120.19493789405175
115.53692755758262 122.51213798372754
119.66394791228959 129.0123905120148
115.66922389213829 123.48151121036585
120.6660593832843 126.61016789547966
115.56168447898027 122.58001074613736
113.13235618781958 121.55200838576756
122.08364910068077 130.30139052190594
119.62385135572542 128.55053016517846
115.73784920877003 123.73035111714296
120.25872431475221 129.1995242487225
121.44317821799092 130.0622910897291
117.605834961407 125.84183106547256
112.55114637083713 120.0083753625999
121.28919368594364 130.2225379402758
117.34912837758439 122.74492067871196
116.24797133675641 125.28874784489923
120.96840010882946 129.94582679736394
117.72866829471674 124.62192183082468
118.817313368522 126.60671079836023
116.04368958652361 123.30620694779738
118.95474068675075 126.26121618440358
116.9476574863533 123.99633821526503
115.13282852792415 121.90264666653636
118.41453858097125 128.005764549611
117.62241008468389 125.5237897844869
117.68189187335597 126.50131227007277
116.33086196305375 122.8431679901494
122.11752780173428 129.74854418574165
112.99325658989731 119.93228456678573
117.20950269947853 123.80500122709302
117.92372060145694 125.9727553057899
119.26548924323295 128.1764747661449
117.84719675564158 126.5555041104944
116.07558056460539 124.15604220035488
117.73614094495574 126.77258075932829
118.31987366175913 126.19332396969644
116.70195316320014 125.81753993352106
113.72828004607817 123.03790612370504
116.18958085924325 122.84405555368213
113.96406778916692 121.37027809312283
120.56530284373534 129.17305119648574
115.59217532204136 123.98697979394305
114.06751165829934 120.50510753951393
112.35649560387455 120.36741270421378
120.0295550370555 126.18213878611317
118.0242249360492 123.66962664575233
112.16298920358504 121.74637896688434
114.03074727444265 121.25226274483576
116.00691483207083 122.57317496678021
115.61059698553706 125.0513123201239
122.83011243763809 131.79980312668383
118.72852368438258 126.46182976001319
116.71890769127829 123.73364975913294
117.03515613470644 123.57784502530663
114.02788678201857 121.05821582215022
116.29135572682868 125.07344362688637
114.01343190889438 121.85354153548214
118.5202110430183 127.1429203264831
116.49211431294 125.0053258191736
119.63475832872464 128.13542698512856
117.41511916724704 123.84650419833775
115.08414340767234 122.00089570439546
113.12603288919833 121.40848141415876
114.70040440215331 122.69130745382323
119.79249666015194 127.75128815476437
115.77904152191978 123.36385448765495
122.10167419726089 131.23124635254197
114.81764874345282 123.28003518293586
118.72644528057144 129.07538240877426
114.66545853108876 121.70485465428693
116.38809280233906 125.25979605528339
120.77069478525235 127.24824022562166
111.50277726078914 121.5648534806843
116.21197113592228 125.56764922684893
116.08973315699069 122.77839683021766
110.61231329726986 116.60523633886618
120.92024123715215 130.91299046063497
121.35342877415479 132.0072548416188
115.21188769153764 123.69910247918878
114.41409029574793 123.0458265949251
115.61653356694598 122.49661962794129
117.36103594064872 125.71974743315833
118.40338957282717 126.14311842788344
116.03468951502579 125.13309732408311
116.79924676332939 124.83688203004317
118.91672671904409 125.08233143251822
116.33433120045798 122.29163219155247
115.4904146818318 123.23812388972877
118.6678896595063 124.1406125790099
117.21265488135272 123.96373590973955
115.88331368899375 126.62337569623492
112.21275549967625 119.55692590887696
117.9822666841857 126.8793473159947
114.81620807669275 121.72257158805166
117.00192685761711 124.4134555833069
120.37830555551535 126.93062583419359
113.74974947635691 122.521590320013
113.49208985195168 121.90224037416249
116.46604271473028 123.96007578906757
117.82191788636433 125.0079583355952
117.26555875562175 125.6486491987326
110.08281066703981 116.36512573886883
117.18280515306473 126.22718061682622
118.15302325152045 126.4593114839927
119.71512628095478 128.6266550154008
114.45093485994212 121.3367417072202
120.63028872208118 128.1582724668581
118.74682375899569 126.01276516998652
120.87595846113601 130.1029569542392
119.66700425965489 126.6849473498999
116.9318697961796 122.97855841736555
113.9594770784744 121.41451498099931
116.34822899239154 122.2192003161841
119.13509765656684 126.46735009905242
120.43455530617649 131.3267900407796
117.32361580342399 124.03202436045652
118.54553126372078 127.61751526830149
122.03488388365248 131.1152179971834
110.45934484242069 118.97513413944124
114.18157388992583 119.6626981800013
119.06388601060944 126.72442017811119
116.23383560328891 124.26022352661975
114.59247779934 121.23897538410534
118.94307850139718 128.12669637746984
116.58001603833036 125.30087317714072
118.24821447703164 126.30490820733705
116.32962323493399 125.1693968941675
115.41083776414737 122.13867480855342
117.65218001177394 125.06133958202322
111.65012221174683 118.37948846783036
118.01407272098605 125.3793111525138
114.93415416962861 123.75139429961742
121.57651553590723 131.72443409381353
112.16490811517838 119.67648110045748
113.15327454138557 120.98260033799507
116.64528650525865 122.90697800687717
115.57697540666548 122.7755485464569
119.21454200346976 128.64082008498968
116.51985301429727 124.24695199257579
116.54538091967059 124.92333370026974
116.25508761432371 124.49068143077841
118.54213180919312 126.57407418756885
119.7674678566501 127.94810681763111
122.36117244435654 131.19578072779944
114.63389260656639 122.83322295878386
114.31431285505555 120.26753554663802
116.43516025111327 123.4005705011728
120.56129681798011 129.03169596025748
118.46745201853115 128.0295945576659
114.18639662699223 122.35772302530572
111.34359492570233 117.76233381110957
117.01882941904594 124.0071694834582
116.73991572356063 124.22999970756979
112.88904601936001 120.60145018244147
121.77912207201386 128.77799966914435
109.66165123629179 115.98911440684273
114.93212953169096 123.73198032754546
115.25644476476376 124.37440990797849
119.3476683328107 128.65446317477065
120.88401523632278 128.11309075087127
118.44799275780751 124.77748772268862
116.38223718447334 122.71838167730435
110.62567667839515 117.3250254137109
116.3061732499666 123.33982579148064
119.73635326980477 126.14454004317344
114.140499003481 121.03957549586768
116.79568945408192 124.12028993288027
113.91370106132084 120.23156812278563
118.600338303967 125.28672622902367
109.09875791609855 115.82642428990434
111.64552571580344 121.39567959817442
117.12393186082383 124.95440897797552
123.31436222075065 132.4453018608143
117.39687391438393 125.76033664631494
115.65459343859844 124.00649958632003
120.12188118905843 126.8439009128597
117.14631667656457 125.91814827525504
114.39052175185805 121.01710734543896
115.90936284723772 122.80943612966634
118.14933392755286 125.15151844335736
119.87066617268424 128.0501344424064
112.24857347501123 121.19952395785408
115.25067037995518 121.47750082902391
122.69122338701904 130.84386748504508
117.78452012188879 127.36233142621916
121.74001903740827 130.54223348954653
118.11757654216143 127.18705993766145
115.38375708886925 122.42276173832009
119.64632131456838 127.52258058012511
113.48799875891459 119.38960488004662
116.98163976531254 125.39707329019166
117.80158332704659 126.97883035012354
120.69736459622116 129.03295754518217
115.70277276657373 123.69334316100141
118.6269485665352 126.70740511484694
116.23118915689635 123.63231120267619
119.72949029194358 127.08425727426696
122.37918846970173 131.735828725158
117.17755490936113 123.54204286586223
113.82637479993292 121.33529405199509
115.52437993061628 124.19210283970173
112.97044996471787 120.36160487115532
118.00601406993628 123.97454279610746
115.1714371034539 123.77161095945308
113.01574864803871 120.05760064504737
114.54661094160436 121.49145578190472
123.79013836405313 132.19682448924308
118.5866490002 127.15472158124102
113.46472036644815 121.56745173685792
117.29550396864803 126.9852788680727
117.79993394107099 124.98257572306765
118.27356668843734 128.13032247225615
114.94097686116191 123.71994777521604
120.83067819731097 129.21977564924907
115.3017769956362 123.63629373181013
113.37218339710714 121.07492392905326
115.0016323349173 123.16928276880014
118.38977382921576 126.50520783649496
116.44202170998119 124.24732066903029
117.69211032432284 125.01687610674789
118.80594296323834 126.22212231361814
118.49385814504683 125.5083523761453
115.75763702489216 122.39875068035944
115.00941328629996 123.07913783075432
117.54606874026717 125.80496837758477
114.0174522755353 119.95716051446126
114.13503690433056 122.65283189349152
115.62701031257475 123.8166994729618
114.88638713605233 124.16532021525443
115.2883400086023 123.1694695007655
116.82608666665271 125.13152684646934
114.19705621792457 122.63824350713227
115.23846007502274 123.94804100139963
120.0646697495392 128.6851972042541
114.69201669188695 123.0770825969961
115.99168230501941 123.9036175123866
115.29072332795837 121.89265475542724
118.23128650401799 125.139103014992
113.94980967739903 120.96907449336815
117.98646108059297 123.91230512538301
111.68179691147141 118.73230631216916
117.94569691909321 124.87719311286887
119.2315338263733 127.98949318378236
119.99851233567287 128.66958522766384
123.43070940139444 132.51605853044964
115.30638937437271 123.0621353727555
117.69137114260539 127.02381271416739
119.09455814729523 128.5534005338522
118.11492382474117 127.66058333038715
120.29083926158066 130.31643838462233
116.78082780050251 123.6488394014136
114.95932807694354 120.60485905319408
120.52431474503877 129.8136983916633
110.28082689729567 117.01844776895383
117.42716695280774 127.08766849456025
118.03370316698334 125.61189111052468
112.78398227576399 122.68614918542447
117.31182592546426 122.48987887514019
115.56337308873087 121.84752355764655
121.24813081691852 129.0703122234658
113.91375851133603 119.45419133999387
118.7407224246014 127.13867512897501
119.81703305838401 127.20569600998613
117.56529502428612 125.31407532967864
114.70469937977413 122.46183408962752
115.5036270552955 121.9006522561528
110.17642920138877 116.43115609348239
110.69472187858294 118.53595700174887
114.20674311059796 123.02038290831229
118.73741709826345 128.66159367791656
116.83140996929613 123.2066056530976
114.2608688284039 122.81023440438936
116.71581514378609 123.30340413223198
113.0968586718833 123.02666839747914
114.54925197615387 120.34422201525496
114.77316857555378 121.61516019854545
116.06844670166916 125.35889121597005
122.3377240754868 128.98348570552798
121.26159506272695 130.8544607456886
116.27917856137064 125.4437198467314
113.15277202590015 118.71725519502215
117.4996814849973 127.5511466015258
115.12880490667494 123.63627855775202
118.3642105814585 125.68815892551034
117.44452195964949 124.72093099818294
121.45262103780466 130.7399901922859
119.61298371166403 129.04495096462594
117.11232826677774 125.6284446077628
116.07731550506995 126.29612318105116
113.3403416054524 119.02293754882879
119.1047854282489 128.22428080130456
114.95621470649434 122.37796433108369
114.05890209713206 121.18050298321722
117.81731916987135 125.02807202154372
114.83757318441185 121.77614712003303
116.8834313849916 123.39505942336734
121.3221072788862 128.91663744895695
122.23390126436527 130.8404056658889
111.45867763380768 119.18247414906479
112.89953896355189 121.80867406189807
114.23455438992706 121.16089742992281
112.7555625415894 120.54545965397544
119.48005780798357 129.04299730663462
115.59262281109378 122.5651880039809
117.51979427074588 124.18366821567496
120.21257853219765 127.34303920856983
114.63883501805863 123.12438016213139
112.17551509911732 120.54381601747565
119.95331901425696 128.69227921355483
122.12173319233007 131.71415490104212
117.41943257056558 125.39495935303121
119.31141700899572 127.55647811181382
116.59348539865586 126.46603792430207
114.66089614386638 123.21062180506435
116.67208350293672 123.06758995304068
117.21094755676077 125.02121906248311
123.4715789837777 133.11269559370638
119.9880413254722 129.76342090287775
117.96783627015259 123.88719365349742
120.80214840465048 130.50322493200343
113.72257434536294 119.83607896666393
113.88962666247538 120.32696036707095
117.19333222655482 125.59373816205562
118.3142850883357 125.49384494682072
116.83312887357987 125.55756949114478
115.79474803451647 123.97066070323274
118.20668557827041 124.70609515865145
117.78606469016053 125.4955767530417
117.40034370195526 123.01239499144916
116.0579032540544 125.61401649553676
119.82673958354872 127.61533561241932
113.27583183032517 123.0471574904102
117.42750905759345 123.10839880762258
116.73742876626328 125.67252634824843
114.40556602011726 123.21257864657159
115.8711755136663 122.88866079716485
117.23414556152704 123.99140780941714
119.15230016826936 127.96598036432258
117.41934767596345 125.93672163914798
117.07116831575196 127.35422894329598
110.8265533987318 119.68889834415292
118.0747239335266 125.74332338437695
119.96197872559047 127.48447994203102
120.51819447691096 128.81219197190848
112.55703935509509 119.00657865759986
113.0071881864221 120.958591774178
114.59578883861582 123.04895267256072
116.46499250081847 123.04155345046694
117.52577325805414 124.35188646903669
117.34570049792696 125.04514617499544
120.76231360106813 129.2164771977991
113.66688527531683 122.02707660707723
116.60739401968448 124.20791892076409
113.11141388601155 121.10465828731589
117.79302926719234 125.15108684252564
121.44446908810622 130.24917322552602
122.4234076553639 131.80714422966057
119.99470268501905 128.09348001800814
114.67339068630417 122.38379347858807
116.30709455225721 125.31592675593986
116.75554996224521 124.11858862847839
119.40278200078828 128.87769363523208
118.41218802821417 124.09345955062601
112.25835206124465 120.22373028118062
114.30465728791081 121.92684765630595
114.37839710092663 124.66046265507984
121.12786561237034 130.98255572033742
117.12864624297441 124.0109471051887
114.53601904662644 122.3355647140597
115.49397093911848 123.83749255417652
114.90331669219043 122.96160134619588
120.41178169796635 129.54051683427082
116.5221357175881 125.27606466831398
115.68921452367 125.50008624650252
118.92088217495352 127.55742592580856
119.99089826384422 127.550983651842
113.07801948126374 121.01519283192708
120.33949173000354 126.48339247106722
112.97122298869542 120.18863896583885
116.036709627665 123.84954034006373
115.91362511560658 123.0873081210701
112.84734880479004 119.67842661600191
118.16593655731403 126.067315024516
110.9417470939582 118.3127213092367
116.74786597736623 126.60436330327336
115.6903974466516 122.28141838033677
114.30856634743142 122.5310574852252
115.97951651233315 122.8324252027492
110.84730167254199 118.06236882968858
118.30380353915574 128.69018261854393
112.82106800040778 119.618120189742
116.74464895891145 124.47924900822018
114.93663980642077 122.94856870237997
114.63828771945161 120.87866251469636
114.55741673815383 121.95936622753345
118.7742451088474 127.42809620054818
116.91712211257365 124.8508404252869
114.03677475461551 120.97923068627858
120.80716056673437 130.45074551765012
112.26311745263143 117.53922930653158
114.24747742136104 121.2221400325926
114.93225598830924 122.97154097387181
118.06850908730787 124.21722171142514
109.93371496687774 116.94832715363441
121.84383625749858 132.14109012559183
117.71725134427307 126.74862822151945
113.95953080471963 122.28816948451109
113.71705004209878 121.09704006771992
116.66228094537854 125.56532410104847
118.57487200298227 125.79510481500817
119.73872062564978 127.98797591589978
118.79773827196561 127.61478210181498
114.49487042981423 124.15725163750504
120.43341730406503 129.20179458320496
121.59849718209861 129.77991231424346
115.26452796762374 124.28941488442699
115.1150461856322 122.85122373931145
117.11698374740709 126.16606481542307
115.70173620417744 124.88202084872147
115.26187834082015 122.22142786576606
122.11947938663025 131.04239395849186
117.29574395711889 124.67235086869815
112.45054945943508 121.30345248143323
114.52742036838917 120.94103696922085
116.21702307984643 123.34724425024834
116.45781293421977 123.60019419910893
123.84851393552671 134.55440099550052
111.86465898851884 119.44909126614006
116.81314124772713 126.54223476036101
118.45258457358169 124.6761181883949
121.47913832072477 131.72309432334222
121.70777098976215 130.7840712896151
119.87788532260558 127.55412187575077
115.76932571426187 123.18663488440112
113.86565413503598 120.27840053648765
118.87857280015656 127.58428846867032
114.50176777965653 122.7942339122004
123.49299438211757 133.6492246119792
117.26956479071866 126.44193721536169
117.93392598495002 126.57477317707642
116.3777945973803 122.44521582659456
123.20255626575947 132.65234036949295
115.8339149969508 124.54206558918476
117.94237068972603 127.52568536450966
114.62468240925223 121.85588695325698
116.47898327590961 125.0665583498092
114.9913666318643 123.45231940154136
117.83348545769246 125.23040274743794
119.01952162129031 128.6108969981605
118.69010277955715 126.87780407367448
115.78806000010476 122.95136382336374
115.63167501806225 122.03174241204336
119.27944860460998 128.5660617838335
116.77577144271943 122.89456783645728
116.51783768199265 125.62186645419784
113.71847770620528 120.347570486031
112.93182106375714 121.06121267899881
116.84855446816374 125.08300978172784
118.02855529947217 128.50486741176303
113.29698414479275 121.93522104203366
112.97439928785171 120.08763862070167
110.229560314158 117.57875985062603
117.53263530453494 127.07174838414096
117.96974280362387 126.15692999595022
116.05078915936645 124.31045401628644
112.3465689887658 120.7727824069664
118.43618990906363 127.78653794331854
119.17797191560425 127.44163061060833
117.74783149413526 123.90759131654029
114.02433810291352 120.37076118532708
114.4574876893539 122.33807532436158
117.67613629228595 124.47152621247405
118.46228460157967 126.94655571416077
119.88213489920857 127.82771071532018
119.56110015155203 127.83583959779202
120.60752901330582 130.73305302490883
118.35385486270377 125.2110504874638
112.20059732371801 119.4854661055681
114.78557760945868 122.92321954577552
117.15184696957984 123.82871191722087
118.96434491076828 125.9963597701774
119.9210079174851 127.814091221185
115.87402289446484 125.00282191903878
118.1353951576453 124.26858331566208
114.64626569788317 122.55704379385514
118.1636744573713 127.48998483784675
120.55609365947741 127.94732064132468
116.87682868946851 123.81785711376298
116.55572952750559 123.98462546050916
114.15754035270216 122.26248348618269
115.97433786650217 124.77292903203514
114.59822956683142 120.68630559683118
120.33846279630414 128.06984288128427
114.65259637436368 121.50580507257858
118.37585264000917 125.99313827537618
120.926927151758 129.77805780634668
118.71299882815227 126.01586239038471
119.54784270102164 128.5075240801669
114.00239372907296 123.74619089084332
119.48305662158701 126.9849900121814
111.10498690570303 119.7719773200211
116.88191126686448 126.94081153538427
118.09345265245405 129.23292141246168
114.68905229734538 121.79889822240669
112.33245105084015 118.40500663351216
116.73175934365972 124.78485999483209
111.84758181218186 120.45801565562056
119.23083802563188 128.27226257562268
119.69609693028188 128.44151753214229
113.53324430747904 118.79895969355788
118.84535971238118 125.93579603620405
117.59485579926611 127.53840699325045
119.08552984432794 128.6881648725295
116.86404813303184 124.1819035014876
116.28005847073457 122.42359363615526
118.44107523347496 127.20707401852763
122.28386576388539 131.3033574759612
116.94262926248598 123.85216304252953
117.92434461307992 126.49563663649394
117.76964869221942 127.09101968016952
115.19914861664527 122.42554759412278
116.61786881167897 124.35833558260043
116.58028514634822 124.10617319115009
117.95193227587367 125.66845181586069
112.16538277412513 117.98507279976924
115.93736296641964 123.31065159401012
121.00283566237783 131.90650021482907
116.0132730659278 123.09445196142005
114.75291158923457 121.23960624309368
116.31575930663513 123.09857134964224
115.56403142718801 122.4072988014568
120.46668610102715 130.62170848675703
116.8533250436732 125.83059106238791
114.7421868618416 122.97788943229214
119.60711650220148 128.09190574977129
118.12472179421886 126.7714043481737
115.03114434858509 123.69188040773443
111.33562098805369 118.52831765598583
115.2200446044533 124.84400197180605
116.26508526433287 125.03040619456027
119.19437329974619 129.35392455744343
117.92863204113473 124.29512189873918
117.71569020634331 126.71572745238625
114.1287053970028 121.27086729961128
113.0028763941512 120.38459219124867
110.20155112670696 116.9699352829876
120.5146520977926 129.18256404778813
120.44247084149099 127.69083139981093
117.47914143275239 125.68881783274081
114.95566684579833 124.3276045714046
121.11741261246011 130.0215322259316
118.1962503846481 127.84665540248888
114.30139976148817 122.51986132270528
116.94507688114685 127.02429131258856
113.04806636186619 120.037530616883
112.95191769049951 122.57929020688495
116.23323333537843 126.65216303130066
115.39229438758602 121.76190246667886
119.60825817141345 129.12351271811775
115.07997573133302 124.46524561304682
115.87605685638735 123.90782879289247
113.86627593217081 121.32488986879177
116.98894629042317 127.93978157418407
119.23335562389957 126.7785537278446
113.4859092071798 121.01648414359033
113.01884061648624 119.39649389710277
117.68103132478805 124.47914542279977
114.27077008466576 122.30779599655749
112.95327813333499 119.20893740877044
111.17484037127643 118.81604717356115
113.24645364780716 122.70535870045994
114.52509976763398 121.81673826500706
117.19007529238071 124.8249566350538
116.98073960089344 124.06325554532843
115.09550199179151 122.15853797829091
109.54338146929284 116.33912832382077
116.79301809275957 123.12099836696798
123.59580128733819 130.4946813636472
114.19494341552578 122.6376445786086
122.06429755799718 130.85415610959515
118.09680245689071 127.22969448770048
115.85914180513656 124.58442627843317
116.2991962615981 127.15218347877855
115.36399495172508 124.47026049678203
112.50463677193537 119.27834688258696
114.66337808510535 122.7449503568399
114.6866787048538 123.87862714002294
118.51803661002924 126.93766066222202
117.25005615398602 123.40262304946066
114.75761378435953 122.08361203675558
114.7631439235932 124.45180814312987
114.98725182740758 122.19753407534272
116.49404109708316 124.74396293734958
115.7339179027822 121.7201524974237
112.18998935641964 119.88527660468235
119.09805554506514 126.37161703596219
118.62946794585376 127.91586038238603
116.19035162560904 123.8430579315328
120.9496684609666 129.4356230186102
117.72632064039176 125.39729722267252
117.46636626073898 125.16539457913673
111.95837884313305 117.7130965518934
118.14054237063928 125.35625672221227
113.45597880937498 123.33226099562022
121.48030321988912 131.2692056990906
117.38782682864944 126.1564540316964
116.60625949653986 124.36764699861993
117.87859961264076 123.4580857794399
120.26867945428157 128.9300250391441
113.8615337716832 122.0546974181883
118.86836423408448 129.16431481091647
121.99441536479438 130.47759821551648
116.84728155080629 122.23906976177841
116.78505056432742 125.72822837585855
112.61239257302095 121.95932079331024
115.81608180383667 123.24039221038203
114.23977121401775 122.26069660146466
117.73206525829626 126.81598659354982
118.40746335571352 124.65468839636601
115.04504479709429 121.33971279404518
114.85466923316035 121.87332866402316
115.0478964368989 121.75790036476535
112.62917793716443 118.67129029165987
117.98344200785247 123.31767138770904
116.19778888068714 123.38243229758308
111.27507275431928 120.07494035993992
119.22348761724388 125.72831645425346
110.21388857572495 117.66257701990594
114.776485056292 125.57963130507831
120.46856891785808 129.74841007690284
117.40456543960495 123.87324925656581
116.85537408903832 126.72537857810957
117.07233850632845 126.72852070048074
110.36403761089338 120.46893580997357
119.6277854131329 127.15667739125203
120.80141583413364 129.02120297998246
114.72366487137766 120.98415720159534
111.20475113956248 118.16758573623548
121.71984596600522 130.42145658292654
120.1638966885827 129.1797479746305
118.63455791494424 128.00267954313819
114.03674733974799 121.71434016766828
116.76878184073496 125.71784622691466
115.27328852610067 122.57765417461815
118.89403079557131 124.55799690347146
111.55139775771015 118.97748499185384
114.62620024071235 122.58169976306604
113.81489689897387 120.67177657735375
