94.09317546468658 134.05481945637277
110.4606695847936 135.33345261766718
110.34213414149681 133.1283294416136
71.28147808766336 146.26251553893798
96.61351562717202 130.2061838001734
109.89326633662621 142.2883784741141
100.91800605765846 131.88722257779895
107.69265480856787 137.1408357329894
47.66675884537407 145.43920872943843
62.232650921996715 126.34018816113114
96.4541610657129 144.41324288818717
108.03644952636976 138.91803303793998
101.76539285854095 130.55515078239588
109.11616851899385 133.65314195316523
118.1437292158767 141.3749726634851
103.74963862711755 131.29901572507103
101.17638071591334 130.20185439998193
107.45279784542835 134.65856412055476
106.78147129376998 135.59022817376194
109.0846353220128 135.68323190421663
108.74385251270874 135.44095434910335
100.76637926299513 138.9631728147841
94.15487474478314 130.44642868691773
113.13686910993543 142.90230771153574
87.14875361543098 133.59606016286554
106.80925295071545 137.5433185511011
119.19830358794415 144.69797123603908
83.10601722260562 143.70639888934673
110.68229343589184 135.1114507472954
107.49957841127059 138.3748694100264
108.28568334236965 137.48423696992725
93.75910420279516 135.07143307412792
113.66340342625779 137.5163916282416
101.24437980440558 136.1460249139104
87.81468621364164 130.4096066854988
88.82430577227127 120.85173010716554
96.59662007326625 140.6135076174038
98.88705541290555 132.8179049282692
88.41773509046284 129.9974458643074
88.86009442685378 135.5298019811287
97.24536446364614 132.26967300631304
93.24791392061314 126.41338593374796
105.69265877953693 134.81958625945225
102.47465280463155 140.41130802991478
112.12817019439524 140.66162247855527
96.44354317380198 134.11952576453623
107.09397581402187 134.4964648715961
104.63317142308553 138.19016510692157
108.7606135508996 137.16658196795706
92.87929384832987 136.5096132844631
95.48541484982212 128.85169370701968
102.37623408582431 132.0904387689498
113.57126543748657 138.64717397686266
101.72097068805189 136.04208897415572
105.71281009836927 136.37888536447824
100.67889378488937 123.4242671784218
104.77776959639054 132.67349922985824
108.08625114217202 138.3228542316318
102.90074553187472 133.6408768791513
105.08679497241717 130.08932094631177
113.03172435930145 154.30103018337667
100.24152999534832 133.09576920876322
97.58816821407909 130.02951743893954
103.5892417679151 136.14766136620935
102.17982934028004 137.59303086639477
104.6207484089308 132.31881995043025
94.72100347846721 119.52312263350393
103.72761150771316 131.61601649465703
90.23214221672673 132.99656344153263
69.5415510081276 137.64411604856357
109.91322148261861 135.29333327034078
89.47671795664002 124.04698142543305
93.2510607962968 129.2179472730224
100.61745836311302 131.70490253222613
97.83295009839865 137.35884914493082
116.96366581906734 140.65144761201597
96.053050692771 124.83232750939844
99.64714227529213 140.96601123265006
104.13717058655631 135.14966189137132
96.64911824716683 134.7389037041582
97.68703966226873 129.20985396915088
99.09129077335682 138.17636642920496
117.27442281638922 139.15673047234569
96.63479093435069 133.7391892731189
97.26237850084942 144.6254337945629
100.93301038054358 143.84071857821323
66.96851290676685 123.58479309898338
111.73539269112025 134.55468666281723
107.0558943948335 136.19246106256864
95.75786664179299 124.61395126915707
109.28689521034859 135.85619826611295
109.51168280601881 132.22976479570207
110.65506723518766 139.39903376849193
117.15876462421794 141.41030306726904
51.495743733740504 149.03946221217674
89.80783761772584 126.6729206633604
53.025454214481854 105.55443113367183
88.08187625202075 125.0811252750819
102.84380327006188 136.8745462781127
109.35303868405403 132.98396393623887
107.90800555426445 144.95125541823947
119.78490286072636 143.0318049489207
100.174640133764 134.9238976214088
67.67149002188904 131.2681099334074
106.82526862266349 137.4828570765145
101.82109608156702 139.690528478794
97.66040831169244 128.66332296507636
110.64135291994113 138.8575635284149
108.66992918326133 134.3579022817505
107.38726898430765 129.25237099554315
103.72178892842209 130.79827890958532
99.06844521262026 132.23403673192644
105.83228161285342 131.95880848193306
108.86389812297179 138.7382201651884
102.4917346144037 146.6558253858923
102.59119148365431 127.28039765816388
100.92502301224246 131.2425425270229
99.73853142276093 135.79611362299573
96.56805556139224 134.44958257300502
108.56170239831448 136.6597255819152
114.66783614115509 140.56339069246093
106.18246605219244 132.67865326030386
95.3058109525263 144.5873038464105
100.84223727773204 135.1944327952229
102.04726407982906 136.8259838945472
107.059829404502 129.228155489362
105.02170939011457 139.39237842924788
118.32973431746224 148.99053741517668
84.8895931335289 130.4256636947766
85.11818945846453 129.30193721181308
112.32878859228607 146.27981685046916
94.58212166097141 142.217426835834
86.93627576856947 140.39491405969196
118.16651825163058 142.42212893730505
110.989569913371 144.04743023643553
90.06396010099863 132.2426084516232
106.00498318281238 132.34953975800403
109.41426116859915 135.2092290844837
112.31656922131681 138.1139361914953
101.96497123738516 127.21793805044443
102.2688282043004 123.14175926404373
99.08014922814932 134.6554619470714
105.17705795186406 132.6038982407935
107.33397170030506 136.8159283718927
93.47158574772024 133.534567256249
101.69101523164993 130.4323195064493
109.84087499870093 136.15794406358214
95.12275165689971 133.62442388828356
97.66345828925044 122.25688838350405
107.68782146197356 135.67293161927014
85.51900824630472 125.89413580951066
99.0268097384398 132.76889080026743
101.26936357154716 133.94803875147335
98.80926491670375 135.78896664354212
112.30472667327197 137.88743395348087
106.32361463557822 134.72480284345937
106.00625956457279 138.13672631762566
80.39933841598379 146.41977118757242
80.22981787971432 124.54677040089557
104.4031774595801 133.2582051400019
98.13653194523347 131.28706880495227
92.9107415079511 132.1989391977538
120.04198313293578 141.00768778235448
117.07687546004095 143.7930675250124
107.95465970689189 146.81353137004677
105.99961620280604 137.45746113558084
109.78854400420009 146.46139230492665
96.71086962265163 131.03694397601254
86.94368900436321 129.1611775416571
112.14196073958809 139.77489919806482
74.74099357096786 128.52785672436065
109.10820362323338 136.2583184967798
118.23596532127823 149.42464546955748
118.08542147641978 146.3835427040131
100.44800186236498 128.35183611099498
110.80763914377724 139.05443055400414
102.01162073943419 130.0317722419519
110.12752547825704 138.60401153616348
106.66692043624876 129.99196858947877
95.7738236533975 133.782661494926
104.09435703116215 134.1842533884506
91.34832342525566 126.04321945665684
101.5539990241308 126.63829328713035
113.64517673141263 137.10769921245776
116.96125941745454 146.91042132427518
104.93679955215903 133.08436862604674
106.42767191760262 138.44648011154894
103.99583902808725 136.62897888278664
112.36593324482847 141.35932688865566
102.75130369865306 134.11228779741708
103.90404011733148 138.16863834730052
93.33536921326996 123.72025184425539
109.8056786097163 136.6521081478988
83.42612899254574 134.07949009783948
104.02664159900736 133.29126545280457
100.61945414854158 136.14221178426874
108.160244274516 131.70469246493144
90.72439533091953 123.00917545232612
110.59133159927359 137.79195102312323
118.9917630639496 142.89669796810273
110.85393543955142 136.2304179334685
88.99146379033886 125.92412322574819
106.93141203100924 144.7364236710448
107.35561044535494 137.36298031977395
110.10718695813374 135.1175310953015
95.66062455858138 132.6688031169084
85.92188260258169 126.87505428336628
100.51854815077907 134.28159052764815
100.3682005655576 128.28168682562864
79.13167893229972 124.50281454747766
99.65228660996132 132.9434511739617
100.13698552833532 126.87211000932528
76.83677839713765 141.00676806811228
68.26029467946894 143.49121467471863
102.34202723789612 130.34157735368643
114.45190727223817 140.4607934761684
113.47034001939659 136.395385320026
104.82741028668826 130.27582564877767
119.07305420824143 150.92294030728942
91.73364029737951 123.05997470688828
102.91176500261295 142.04856321850818
102.8483748547534 143.39058528797696
121.09795096239853 144.43508620063187
98.02925477137525 128.64491571123006
100.04911286447964 132.00260443087706
94.1938259950992 125.8100475217805
111.49280591090557 134.76945484642096
71.92041210141066 150.85106859122595
106.81450246198999 133.15819189130343
100.16652385180633 136.66008172433092
103.07370741248351 150.31938911963005
107.35890354096951 137.69191413135633
97.97357712387043 136.30348934746746
105.17770248527096 135.3123880429324
95.6996856718048 126.33548451043052
108.27197534803175 135.43906253483416
89.1779989329421 120.85815645832317
98.50308737657035 129.6352513373747
103.30415952689897 135.63373112229388
105.77848204487786 130.47886308462986
104.25713173117585 133.63343568684832
94.92131370245346 129.70315706652715
105.26245585786198 138.51171330579652
101.50851171747043 134.9206208651662
102.79766711478264 131.42994976673444
119.5183222007115 147.6186223450057
119.05688040718663 145.09488937471096
105.72346823630046 130.5965269818739
113.71067839121737 136.6273827750348
103.36322859057184 133.11730224659144
103.3112727856209 134.7402829094353
98.84936753362936 135.7277720741923
108.90972775304034 136.5486884547759
107.50089372649495 130.13404307148383
112.50150213682599 137.70724391013135
118.68666320997936 145.68694946050545
93.78459285047198 134.87876718225942
102.7077095767886 126.93207561450045
117.98790613650071 149.13000892130484
105.32892644028422 137.02652863243944
108.08770164019583 129.48647273715468
89.88009950842914 127.14124698440429
80.98042492101735 133.34666866369827
92.76515049814574 121.76423934031095
101.90820659995734 132.07553859923908
106.2639001211285 137.54342777890943
64.68336937298551 140.53029621788608
97.4395812099109 122.5008642895996
97.1786523252347 149.7541151720269
90.61361818142404 121.55918380180987
70.13539834642764 137.29728665572443
92.44718722076753 134.92183254169922
103.03050453848385 133.22664746883711
89.53182509439625 136.3709711116476
99.37932356298944 127.94176906983142
106.11914266629651 135.1768172806465
103.71157115205808 140.0008250449966
126.833959104153 149.0330077746683
101.05023725856232 148.09853905728713
107.25553234495125 131.29377735905558
104.58788363027185 138.57851388791488
103.61421783071262 127.28949453934234
104.00385784324449 132.36204125406329
120.64653114172819 151.30476755873858
101.26309848840832 129.76672662688952
104.66877652078448 135.22493534531586
108.93704479257856 128.79670335957533
78.57777758098443 112.3828262270076
68.58729021907271 142.94386990328996
108.78261480382908 135.16203836955313
110.84069357102538 136.69582871687942
99.04652981638547 133.60006592500235
100.19318005894904 131.8838181871343
108.34073240240421 142.7605321268136
80.03594625905654 133.72513994801773
107.72204710785911 138.42827470544466
101.77666793705238 140.1113023995286
101.70123150528505 139.39783376762512
105.58875832039048 131.23986739638244
91.51402787650665 140.9841599070868
102.47200430715209 134.71354119299718
119.92048804796141 147.6035618857947
97.55730623406035 130.16673720530287
104.3185033418692 135.09308963422373
100.95716810732135 128.26702260713125
102.85677021715547 139.2966430504397
116.24051520645048 140.7621976380152
100.83811138302745 144.00240907771288
102.289040156832 128.46314570655636
63.73847628991594 130.96312555931476
109.39319444495402 141.66193335652565
96.85936074873406 120.75949397691039
118.13050649240309 142.98360423120715
97.92303284614529 142.8598113698073
99.21965005527059 127.07706926636008
100.04673772106221 134.9035956865809
112.4652936120631 137.3737695661094
103.93739362752943 128.50704573123375
49.00191179332157 131.6841072640824
62.254014488322944 152.1051224797481
109.05074858368862 141.07166160008433
104.29047200414053 137.24017050686086
108.10826853422114 145.17441443136244
107.19619092135804 135.05890791872946
106.33344982258454 135.28521539292183
99.46724447720845 133.3151461664026
112.790582484419 136.7557333120213
101.24128180665497 137.68951493401516
106.16295027542634 133.77772083855928
106.58667067010649 139.36220463816022
111.82203200580882 140.68525586441262
111.4132521941937 141.24215090665373
102.59789392852494 131.16492130772744
112.11696604318533 145.36611910755732
111.76808515873172 137.57436384767132
99.81811694903413 146.44738733067436
112.37098231869753 138.36794846205697
110.18817589265112 139.20538811185148
104.10916801214006 135.4150561261317
91.52913909413611 122.48676386625466
106.07381902988462 130.022388415565
88.56309468852827 125.30497097690392
111.9568883679674 134.4625227694656
108.8267518511083 135.03843196504886
110.66722316844489 138.94298519027123
100.38749195733718 126.72335790995616
100.89521208837945 136.53289577796735
102.5029463046529 131.44538679850973
107.18695097430333 134.71264805866156
96.67314633179629 132.0332866865873
107.67716867072068 128.219795356304
108.8313741565538 135.50476974691537
70.85268527831856 137.99542759095212
104.86400994964889 139.00996719821975
108.90720959455969 145.0956488567085
109.49142534001174 141.3248595000773
88.07661846067676 119.20696389469836
91.48384232107296 135.31668010223692
81.9822463497101 128.95899443362168
111.81624611863269 135.83142807883283
95.79481261145031 132.90773697336385
94.86118370650483 129.03746753735965
118.78964652547656 145.51703947595803
89.73335566317336 134.78249871344698
85.58890010718684 123.92408382579288
102.21905426330284 126.7832001189764
112.71959755280572 150.32513791420388
94.53477522570132 127.68248532429529
99.03881367483484 129.2152941089928
106.29701190141593 131.45038550331498
105.89525005323523 136.03774067257237
93.78691948628486 133.06106323725092
93.51367294381699 133.16385273973455
106.34445495224429 133.96729770834
99.78536899322754 130.37035155546567
104.97948570909954 129.96735357457214
101.67523970350156 127.52347144159769
97.02248231827282 136.7136578229598
100.84486683065624 137.84077945705974
99.58740510930843 138.72107370362264
92.97128862336345 130.11279774536786
104.28435330290286 135.88867020418715
118.14419870232625 139.30242473105727
115.87784263706992 137.55451290486
86.60617440524446 130.13256672840348
109.42710333206765 138.22224219304778
84.57695206182743 133.61562196597944
117.78313422446892 142.02718746075186
106.04839029523401 131.57670081563822
107.20673932114916 133.27873572969682
99.74251599256297 124.84676655882683
93.10622702238288 133.31289725571165
104.34674411984729 128.24518767709623
101.33834826782406 124.98825501726385
121.99704028604768 147.40189991556403
94.11364077754826 128.0317589461747
97.61180707087378 125.16230817274358
103.6209865934111 134.1807150964162
99.88510303865677 140.11827337939403
91.50306724117321 135.23026356382826
119.82684233769359 146.7357912100101
111.80641924154855 139.22659528408565
112.29188813167437 148.9915020103865
104.17381302829953 129.81704859963048
108.45839788480001 136.06069244552668
102.55137500380735 135.8774621788463
111.07693408888622 144.3342176779344
113.63581985118934 143.2912964951447
106.28866673381755 131.62016701994165
83.93744716963657 129.35575286891552
96.65054558550096 136.10330027988877
107.4983901218625 130.26223752230555
112.6863681830708 140.4211996559684
100.02142082483813 130.372091009537
110.18690350349621 141.64112986751533
73.76747129950803 109.47389808618637
113.93074531469243 139.90838554512462
88.06542511212821 123.65997910102737
95.35585213933197 134.13873648570768
107.86614647018418 133.35202699814562
111.28875415570964 140.53671986227656
120.97274312485335 144.44936572582006
119.73227687999442 145.2901478103311
103.65801274322097 137.1753572988578
84.85876003606062 131.06891380105316
109.39410687612425 134.66720116511965
89.9847250745381 133.51505307771225
80.16660620008855 120.74353820643415
101.8635812287538 132.58069686327832
78.91783774130353 136.95873407600197
112.33182415646046 144.11280026066282
107.13268859140378 137.15156610050553
97.03525192265381 132.1037140220705
86.06899356448393 122.35057673549254
109.24701962026431 142.02646142485278
117.42398609163993 136.27326857263859
88.22627219167119 134.42083437819056
97.46379895932323 132.07867302469418
108.81853937964307 131.10309880229454
101.17463368160807 135.6712929155338
105.00800798446667 129.45488555358367
115.8018817466948 143.59182212590397
98.83727989863429 136.85246950841758
106.80399209954757 142.30093175680958
108.80958809338816 132.83546859058566
93.57216420553725 132.1745325805364
109.06336026910834 131.9153705433172
87.46329497666397 128.8455452501893
94.39626407690247 121.90301284981241
105.61053890782362 142.02695553883902
102.54555154494813 134.05569776926458
68.24772650681851 144.03660493435734
105.91410834102186 141.683604837492
84.10192782522948 124.70830344392174
100.63296035544413 127.35336518398843
116.59930939579715 141.92551964901116
108.41850570644581 139.56270353982526
102.18385170188954 141.18977420048512
108.42111743932547 137.11811932803695
113.27853165980989 142.5042217542426
114.54302243188715 140.68587575822465
104.94697646606677 136.11580137730616
93.43098292668408 128.26764456787686
114.52587716082844 135.27610613979078
92.00051103237635 128.46915609022014
106.9085389315355 135.88780024190638
102.69066572854048 133.73063535593457
88.47744360431865 134.7065346262508
107.29990277457861 135.12217219059332
115.14778574878214 143.71406096903647
105.56497850008583 135.628307683515
117.005981312266 144.33085732392183
86.26615967960765 132.69217099068592
80.70279579762739 132.15130095423712
93.851397395872 135.74544309334746
89.14077121873946 127.71869385928592
99.81227083431574 131.4620966636399
101.56628083303667 138.44338222907518
113.7768710889697 144.68762336382522
117.0736209190685 138.4401580721714
104.14001272949429 140.41112597278442
98.4541291200954 134.81178790676583
76.26639116904681 122.24314575228425
99.02824075583501 131.68495522599875
107.74036461629912 145.08757364238616
99.95576815155002 126.6101119102484
110.89512339874838 134.08022835183743
105.61322970953852 139.9798965880644
110.10518084112674 136.8928911438687
112.29226647460985 137.80229599888247
111.29424178507224 140.88619012851302
100.57747698144446 130.56574797414106
120.95568716737776 142.40716054060144
109.00710192686086 136.59213731722997
98.04060907498084 136.38913751570658
108.4820501890804 135.5132608789562
105.0592371043009 133.0270946456678
98.27291971481608 126.08981075209371
109.77582170178901 140.56930732012344
105.80975304692545 133.42080551181334
108.99602228850875 135.73572089327666
108.27929105899044 138.8102088264099
101.0677058298064 130.6524317375843
118.01204250687215 141.99983095947897
95.4061905800619 125.7493448481136
101.95658157127124 143.26611158097433
101.56078868261477 129.73391076811126
101.93449866825682 134.5751897589863
77.31249265632589 132.6488552055368
91.46007692896599 127.59296664555986
101.04327246438778 133.01262427728255
92.75114680713428 133.90362640065203
98.02866200659541 136.9986007095423
102.70851830075917 135.42627602406557
104.49215989666928 125.38826934459415
93.84658785362473 138.16068719623797
105.07267309552498 135.26399991231355
107.96377371987482 139.58685763824602
108.32692920207909 135.10317600072102
107.19861058925287 139.33703393963248
110.96361045199804 137.80606438289246
105.661128246089 134.78085295665414
102.20175791538308 131.38070805061074
92.05484317580839 127.60106385148559
101.80161852372547 133.83555084206756
90.95483613974937 126.95234434401765
98.25028587733853 126.08039212395839
86.63894894064457 134.00840858569958
92.32649723554269 134.07403699500878
105.28489201310182 131.7031142048925
114.14360857802316 138.31191890798863
89.5137753732148 131.92315372922278
104.03708673169365 139.3080671615496
116.58691191614895 140.08000077604
66.21414066421792 146.42270847101443
105.45697279895074 129.99277863900488
104.80273878750577 137.85157979214924
105.84374398049829 131.54347169779942
92.57133495495343 141.6859645112643
98.3873968670576 137.85268746194203
110.16531252605871 130.37727025943155
116.91021642898889 147.965245431351
90.93327006929634 140.73278018640747
82.01942113875036 120.7920314665154
94.93836801702356 130.98757294938866
103.54715159139863 138.6904441819684
91.56629807851495 131.15775384667845
107.43119639363753 140.1160803693709
93.32732027228421 123.30672058500876
94.3714101532422 140.47193362802977
96.71603651716795 136.40609094096004
103.86479015324707 133.74637073664752
105.30028623297042 129.50105510015004
90.98189338282069 129.6081387784058
113.54524519250602 144.91218954874688
104.16800961251124 139.94665839135922
107.21762138841501 130.89701844931056
95.505580707149 138.43827061688296
108.74158147631343 139.7494184637368
95.83118979811071 131.76912375218262
84.41772246169047 119.2846192515593
99.33815698586551 130.05978250766447
111.14736978058451 145.41291817602976
84.30362912543723 130.80625377439594
115.06147055487507 138.7980067698121
111.49075026005487 142.21870739013784
88.89256811742113 138.52902233541928
108.78725670690514 141.33918526337087
104.47481416673655 140.91452487222367
111.39019221659129 142.49462453111747
110.12181264805838 140.84401465610858
120.37988863925833 147.09324107867218
109.24673952016708 149.6258494003748
54.49520670781261 116.29714723772477
112.75959459793286 142.34948421378925
104.0466864968516 138.15772598144028
118.5849090937564 142.91313356363904
104.0800912260136 133.2958275482446
93.23467489119678 138.15948326007862
99.31966949366841 134.39340004824317
65.54115069539552 141.5963226738687
105.39807515750412 132.0425449660611
96.15148329417643 144.03713938914967
109.66932221225268 140.69720768219474
96.54049514741723 145.17373802235446
69.42660505005715 125.07641610611779
104.62470724243421 145.8598970490731
103.72967308127856 130.6500581548178
105.86152822242455 128.88473500436177
91.24350984645334 135.70535633950112
69.87904282226543 127.25266267822404
114.55166425186194 146.14569841784348
96.76046599511477 128.30845183968995
82.66251533767674 133.14086953070608
104.95536595607291 140.81749106153367
98.22735719756227 143.93906466295127
114.86493288678759 142.18777975648322
96.89485354213863 133.33597311606968
103.88113180996277 133.41740620140578
109.10904282600085 134.84299414703932
101.28645974513137 141.41069999412557
96.10861974689055 132.75172560512482
27.34134784290972 157.92194215584138
91.33136657460108 132.88210988747684
91.8771481961498 136.25129801887408
113.08603764222617 146.04438642899018
111.94581725364347 141.27677387118365
110.44734101617696 132.96160923826727
107.06085787903795 140.90123506893931
85.26728259959012 131.40966677188894
106.42053266132217 136.79850404588566
99.53967171902745 137.7065688753776
104.86476831674011 128.00495701199497
105.16340277782245 132.69956160174547
101.00332680180654 129.99756570014497
102.30933820788184 134.86134620860133
98.85178436283589 127.20985079786696
96.89572309987729 134.65363693871836
103.26325609067257 134.83332715214527
89.98424554822837 133.51993360782757
103.48165684693562 134.16556641335174
93.07924506894206 124.76901229847006
96.65490948893392 139.84777071472783
113.99860926691669 143.83431654435182
106.03657561792635 126.69975466670044
110.68725618521243 142.94918396279488
107.93608166332415 138.6031883630781
105.15507623229026 132.9737810982289
110.2712923910763 137.23796977070253
108.3120580533597 139.17623165586053
109.34754334050005 145.3650840031224
113.84845593121335 140.2080943099722
99.9738718659252 125.74058541750603
106.42305397432133 135.18472182056902
102.5909459894313 125.08845149991272
98.018438796864 130.4389961729656
114.52803153324145 146.95571303175726
105.56862981209204 142.3360189834943
88.8701916536029 125.00510930760211
96.30022849595096 133.1301682418954
98.3727264798523 125.61889364816493
114.78237642888678 146.07477160968546
107.90311677556366 139.8516714563807
103.52604919488988 132.5255137865043
107.08184218545419 135.21578834121613
112.06837332084261 138.27879677155175
104.73431066031999 140.87917665436424
88.98718010128037 132.37676653014432
78.43678174720547 114.32179750862862
105.87132350486074 134.52453576194688
101.86500328950243 136.5399568845792
112.16559312614893 149.9094433115743
101.5695803909975 132.91480206987606
101.22299250833919 127.64413889785789
93.4793059790437 123.9378841721993
81.61569814981915 133.30341091593294
94.00766352663899 123.16105845221308
112.37779765465062 139.5676695509069
106.00371837846505 136.57308334666988
104.550658276959 127.0124166526131
100.0609336719175 133.05395208239185
83.36516824394381 131.54964805748614
110.1244270934455 137.18851542579992
107.10878440207048 139.09343747008546
100.5902158285943 132.07957624936492
106.88036409328133 131.37622699966093
110.99361419359956 134.39551959349475
98.97286728026984 130.24321136210466
108.8650815486031 141.12264089848296
100.37197780446388 136.38735902813335
116.26492473764735 142.36019621878197
83.20512880213684 133.89276750923224
107.05846301269995 141.29167153090376
68.20556313035586 136.52104224101024
100.32906221364912 138.09940513977634
108.17771972593627 146.13672465146868
78.20037965107961 122.04359385629878
77.86586077717129 122.15868042053101
104.30619951305658 131.84346839707456
117.36670219675422 148.138587152426
107.12245245835643 136.99025184515605
107.94804369812842 136.94064231737227
96.70571857972153 142.4987878059816
101.0175197627127 132.77629866084135
74.37172726159473 121.60016697422803
83.76391428016433 131.78237921860276
102.07924647554435 135.41529096182842
108.30665793590958 136.5966901232737
90.93685811502034 141.2125554670803
102.69780954366742 136.17240492731204
106.18710288579176 130.3195167432104
110.6734009037773 134.231037383452
102.37899539355355 130.51267667482946
107.92183283108272 140.50507703596054
99.97941113649921 132.41454609952746
97.57577680634402 138.79248751265877
23.57087671489002 158.22312368383828
99.25869392258673 130.0234205757119
109.11359845800044 134.18107471821003
96.43627195815135 135.46542753371781
111.82757796754053 139.16916628404167
105.23665575447077 136.58864031846707
106.85314248996936 132.66569461104913
82.158124106413 123.48021316224326
103.79454934481768 137.32934108704396
96.53956769638214 127.87964177497346
97.16585777589752 134.5424167357499
101.9231217217409 131.87125888104578
88.98335862961392 125.48024830850606
99.17957720983073 128.439116613477
103.03429719271568 135.11555028948473
116.60893613476304 147.6375729175663
100.42234186929947 137.87795550797335
86.29224870689782 131.66686837627293
108.00468499454134 133.8913684332704
96.74681400789746 126.04881735021273
62.74516778705804 126.43205759415483
110.1727786840214 137.85823365848972
108.1262572111172 138.69953702276524
113.88161773363778 140.2932586708092
80.97770453089475 123.38620446521537
86.86206560247867 130.06108584217296
106.88437468960294 136.42796270046347
107.90419496529503 138.94903594821687
114.79407952696387 140.07636305805218
105.3078973169712 129.0468688544859
67.01230924826048 140.62802221579858
118.04853553039594 145.44348237206844
109.14005193218959 137.12660826389754
99.29643343991584 135.46521573806308
96.05346999413466 125.27199728963136
99.57941303518025 141.69471989200636
100.22322345423254 138.02560295127324
110.45855522163129 141.40884940762015
107.3957772289741 142.76191164284748
95.04538518212817 124.72685577522563
98.08596656848087 126.96238232335722
98.57014844069522 124.44246848947432
105.92343566733732 131.81726639881134
95.49799214858092 134.99421822674884
83.07785265158569 125.1789791465843
103.8800091605683 131.42339117560246
110.56085398155138 135.52131316406965
108.43983717727406 139.78179225786164
101.36908046610121 135.3599184291321
110.33915770700735 139.76050632277264
113.75566547028667 137.119552854196
83.59027672568544 125.8235247164771
112.00444661554346 138.4956919395544
103.04406360895919 131.66282884400357
109.44655216595281 133.34665325658207
97.01964239279934 123.47978969525232
111.15648518429846 136.72495767054264
104.34332446475388 137.9186786001815
99.93984228436635 132.59904487493952
92.60783291063969 134.5970417041091
110.29699368458351 139.15680306026562
95.57883522693307 127.01930062572072
103.91245024331921 136.3160194608416
102.16775176856801 132.83222411665173
91.9536829526411 127.18643897061973
106.7751891372387 143.49712082116878
100.90523796341459 133.55915940650232
82.77935582691512 130.6115623688857
111.4850281489055 144.670060523943
118.1975564187975 139.0687220298186
106.28145177046446 131.123728702914
93.31743655129225 133.83237045418818
101.74363617423847 140.44015456025102
77.72920877114561 119.8061042457356
112.76675331686081 136.640492098163
105.60045548139934 127.89174266995342
89.07141927783564 141.5834727194756
99.94160400567719 134.9561946824958
80.22203852042573 125.02242821625909
114.68451601318718 140.25392481069613
108.40728914495377 135.67033865144438
103.87990827861678 133.28430263527954
98.42092815706529 135.3998650616201
90.03295338573395 127.14328295971256
94.85440364860877 125.56719455280725
102.04989914196825 130.59710026297614
107.5165386763171 138.73623225359094
112.33170740788236 138.81341960096287
99.08273136656324 126.85839333321545
98.54503566548762 130.68476120094823
106.87602963822198 145.31111852004804
108.09942078319494 138.5048383155081
117.15109316193839 141.88623004953973
78.29503713211436 121.99414646444576
106.00707276979173 144.43517516451828
98.82061447870971 137.85750560544474
109.34058491362698 138.8310050889407
104.95185695372662 136.79646707853678
97.21925892968123 135.8090932218191
103.22753518601832 127.2024606735665
111.1308357361898 142.6182826290693
101.44854224458128 133.13108815145586
100.50614590397024 144.44005202683928
100.35514995619641 128.1342028542842
102.64198302962018 135.1111598037092
98.83500579752793 127.34896579106096
110.41043783438455 142.21145009738785
107.52101105874391 132.46146756934618
107.3976910042458 142.33502841130834
86.91679122771733 143.57691211635327
113.69871274105174 135.57034452807875
117.20880182875423 141.65527889012867
109.98508353950986 140.25450778123147
114.93949306689453 144.1450119125342
94.92838569601473 127.36359887368555
104.64875856849181 131.22680872391905
103.50789006875074 132.66608479977452
110.60358885435248 137.12934789539764
99.83029356574023 137.43253398666732
105.88480010099755 134.08413106446108
108.87630643987391 133.56214609462728
91.79241606390231 139.08055106482806
84.25822355722022 125.55917545310889
91.06300151218468 127.11894498342417
61.00798448184008 141.4762565153881
113.30465113304278 143.64479999762875
111.28396287186392 141.93136141202325
97.53489925679467 134.17187191423247
94.11640657198285 135.12637551853146
117.11949087491406 141.0854827245061
100.56670599416061 132.509148017267
104.5772237541353 134.98037902648986
108.28903693321233 136.43765232297082
97.68733487497383 124.02552949078084
104.08202596438544 139.20202629547686
111.71023705489746 140.45563373384283
105.53491131431494 136.09354469576604
87.0093733496822 126.0709561545105
97.61241392161222 127.81177209595171
102.53426123686482 134.00517565222535
96.54326219198808 134.3447622639073
97.32679688800981 129.22843953061226
96.36754545973915 131.15550753137936
85.15083334847348 119.50601469680656
112.03458317230945 142.77958758388618
94.06783126488295 136.40023187728795
101.00543242239021 144.69899498388978
113.27179298994112 134.7848855896068
108.09369166820483 132.18149651303983
96.96484177132895 136.8388635132767
107.22731219031004 143.34858503242296
94.87400700774803 128.6518509325986
100.24687699459271 129.30523927787806
96.40296787827965 139.09121292391603
107.17200657035909 142.22318387050396
110.68254537147835 139.64136009703782
100.9729253408136 140.57584470490954
112.12254011924492 139.53912215821438
114.1689548342253 142.43349652082162
92.32579832847286 134.42234387620167
121.19112201858849 146.2864007858924
106.39853849731175 131.68437424081745
108.51481485701177 136.36520157712738
113.48317386326072 142.02654821175193
84.77723841178832 130.24517572538795
81.22697938028973 130.73677930296404
111.90103741803004 139.10345548438093
93.08523552312468 132.91090540900495
104.99951325035909 129.9311177959935
104.95546219769489 147.00756241879878
103.48365455165262 135.65148517501345
91.26191464150827 133.36147572344495
105.36229639877844 128.44472645713162
105.74814039132814 137.45847703636275
98.36975568481293 132.52331089868105
120.04484932263489 146.06475379703994
94.6810099453249 126.36681158199276
108.35018394479346 138.3434569109276
90.68463127909233 137.74382078668503
103.17160864605171 134.64232006805358
96.91215327864475 131.81418889123566
83.07268028950807 123.50435932651276
121.66520456433969 146.10644258455505
100.43363805065438 137.18674089288277
101.20349770356503 131.3267684615624
112.96022884256398 133.55309969631904
103.25751869274603 135.3203713351423
90.59925927550174 131.97494784992983
62.325825097003566 137.13880813502783
103.35449044896535 136.12405216810032
112.72504445586189 139.081003665404
103.45883306934599 134.29188895538965
90.57715665727574 128.07254505667552
106.87489812473127 135.52446217622207
112.78818268089269 139.05685260485862
107.68342592887173 139.98911798436237
92.30066473276818 147.31648935625034
104.2640770314077 133.7098268842876
101.58187987286 139.51014336141614
103.45910411071105 140.09850322383303
118.57151027743085 141.65202386939222
90.67341728034779 130.51892797672394
102.47229349016594 133.77224282052143
98.6704819765394 135.52640644966422
101.5997804981259 132.7491149707788
96.25409103624773 139.54050758308713
106.68201340180373 141.53107724617396
93.05983919272326 127.76239417714106
97.27617949068726 136.53346218668304
110.16247324516473 135.90658135623178
107.70094414064845 133.3537959258378
80.20451440119555 131.7512368896102
107.62168960193647 130.11017700148514
95.43557538937124 122.84183262775464
104.85071550821675 133.18987559787095
111.86236759692842 138.75893847677332
118.26617108641274 147.02725674876635
105.4276338939477 133.96656454104703
105.01377521719965 140.99541562503939
89.18680617863969 140.92347397329237
106.68844538478967 137.6185263483306
91.97948058814956 135.39124259572964
94.78300060280775 128.71418261507708
107.88249083103561 144.26845949291908
97.78377462292124 128.4130362742659
111.40539766669498 139.93133756249563
111.21497009452355 138.8728462497199
102.30421622798575 136.47232212975211
104.92652633107548 136.28628145091741
96.86649651237526 124.45174015213499
84.68128644325748 132.61058938797217
112.79502732529717 146.01319362852968
119.07553994539384 141.0507634728199
116.53796733166907 140.507865513587
74.9880191263327 120.76253121708092
95.12053299483196 125.26046466302525
88.79019520004448 131.0001250589857
106.26850668145536 132.56754740315978
105.59622484655574 138.37387624752938
99.55804268593106 123.1905600312077
75.18187351311585 113.85303936701598
101.10901794149444 137.56250948359053
99.12765103309547 126.72427202083976
109.72859001486827 136.6296014952683
98.20902848476413 142.72400883007566
96.94369085249727 128.69333953716176
90.62158791443079 117.9822692579342
105.43869487714454 138.21752133390044
108.89793002965447 137.15887160936776
113.14646713472823 141.52537627408793
91.48179935484734 139.33203393387853
105.28974701466257 135.26270979326344
112.91066156373667 138.12066068840895
87.43769341977422 133.96309318671587
107.53801892300092 139.1038466987952
84.6250798392355 133.7563080693198
94.82476283233576 130.1884069047397
105.66185720693592 140.70575040102386
94.02872109190822 122.36153066599925
65.19450394930406 132.637967599055
113.2669079915344 139.7361179240202
100.88780851487691 130.24572860329482
96.39163566131832 127.0449432537577
102.0732801389539 133.99613850554658
91.91207510918689 134.98637603563566
100.60593534013589 133.55110937600708
99.87581811455264 140.11498073178637
91.6571316885923 136.32497372422162
101.58400966655911 124.1988935720781
112.63193368387799 133.54406472724398
100.59917870225152 127.64541868952833
96.02350152249623 134.89540853390614
79.2195157619715 124.67810003979108
105.57871333878741 141.86304777399428
110.72917377267342 138.15355327663556
102.02250867773881 136.1803547866255
96.77378137660816 142.4922998640878
106.38144887335439 139.8256457437541
93.25036753836058 118.06917733023792
102.15184421039203 136.81669435491062
93.68759360640969 136.9481889807504
108.05373977247602 139.5214748642741
86.29172418389349 135.4831341735431
115.00728325753973 143.0281900436867
112.23734817219344 138.92108568515042
113.73083393331837 139.02024673656493
94.08163305560441 122.91004245827595
107.04069670609938 130.98309403791595
80.5866575083894 133.5385418008176
94.09540598900725 141.34809005444362
102.50636460759475 138.8579711143393
102.26649417113586 127.13426915266376
111.19214782581436 146.88689501583323
99.038895625078 133.35895384915034
106.89383408661405 136.65540353611283
116.50418181258694 149.55969921486118
87.01599951843318 126.31031518686723
102.4354445366904 137.3365044303587
97.7266796822702 127.31064160930221
103.18951779588235 133.77907456875872
95.53952194343987 127.4023499029139
92.90246070722043 136.4051398424488
101.84523322010078 121.77635657546284
111.6494673216796 138.0449279881146
101.24718655651348 142.40466442647067
108.54818166007315 139.34753887217096
101.56309858283036 134.7167100284667
110.65929956722917 138.84315311441426
106.37469179175802 133.92082493310423
102.44532648538642 128.8037366486707
114.0087681467799 142.15864725756816
108.2285857058402 139.76401098393578
98.39795664580231 138.90649315830035
115.08108616982486 145.39459347767308
99.44130084316909 131.9922339957689
94.08763965895174 130.06645458172312
115.8935927257424 139.45393757148622
82.89025767047151 131.14477180991136
115.01209370428836 140.9954423536779
93.64940280051555 122.42640466533327
115.21101484131371 141.94736009703146
112.18468840664919 137.42840276922635
99.18516138487222 130.18346320295646
103.50149634243611 137.2879102182555
106.47830224397129 127.52724941033262
114.15499265236858 141.78608850173086
121.55104102913026 148.33264523475972
91.35190974077994 132.9357520275793
104.73816871784852 132.41672048958296
102.43527259346898 130.91377888877307
107.71437141361258 141.27426123544154
120.81631419774754 146.0099675527688
104.8540980742534 132.61205607424145
104.50066344555064 133.41108029898186
106.97290851008974 140.68273328299466
110.02107457014526 135.6831736376771
109.20558075187306 134.245503399108
100.8323379800985 130.7056542051693
106.39006702921738 135.48534882362682
103.67131678132155 132.30871760834358
114.6321320908074 140.71417273103626
105.82823375806403 142.78417415730004
101.00996552138518 133.63989890724594
103.09074849449361 138.54713851995896
95.98105082508266 126.12209199238221
93.61608205499265 135.41829013093758
99.69103696283352 132.57469343188316
103.71649244572245 130.17194904758287
105.30054621596682 138.787455770597
99.14442933692203 126.22371507459387
104.65545530070554 139.34440369588705
112.85871064312911 140.27464385407262
98.99466015263614 135.1350472917131
90.0851290614158 129.16150431285834
108.24203694301863 135.03498664657747
109.72435403311182 137.22089375690672
102.00170311867022 129.41398124829382
109.40283934224291 138.43277070939666
72.76301271894576 134.26969710832347
113.62651981047811 139.43251421101698
105.3398468839129 132.66861834036592
112.51676343652841 132.12127903004338
103.60495707616228 135.99447118976556
115.47966851484505 143.69974651434947
104.83659779531601 133.45744275314982
96.06111802851052 137.2373710308226
107.39959500072902 136.5389303724655
107.64922229472862 133.18363814017405
92.34670742511669 141.08296565918266
117.34504531196865 140.78004393367226
109.23782229827269 131.33937355184432
77.63513739867834 133.65106159734998
119.36438020205796 138.26419224397148
110.02028157605702 137.59744891399038
92.93800426226866 133.23478141943605
104.45987547273562 132.68774996918268
93.0207832108276 133.73579369507465
103.91920757866895 132.01303915794523
103.93343284209988 134.86303272376298
70.6164540332835 138.5166893778129
97.84808526864583 154.10970746310792
77.18773543948076 130.49376868096098
91.14312956988356 133.86984976532187
106.31042680236226 134.9855138168647
83.97747457175934 139.11187533796402
90.46179363869234 134.86477205601594
106.38809557456885 135.09312074885185
98.44162257525521 132.7184272514514
114.32494742466014 140.85357117875384
98.65490132421077 140.68028577532831
96.63623482305083 131.4825425141681
107.67323700615823 140.06239068341768
103.26244911410322 136.4578438686768
77.20723276454993 120.09006349842954
106.46984524448666 140.56170109284363
107.7096306419953 136.11275741817792
90.26601284897446 125.020598182531
106.87050968620734 134.17507531245892
89.0993001048354 122.48068262108352
109.62582598588804 134.72880775012635
113.01983666556146 141.0116113678123
114.26813494198586 142.85066594992583
99.59709446501594 135.38918913196503
105.83715684303317 135.43010315418312
110.24496371396202 142.91433659050236
107.92031935705947 131.96995697516428
106.88638100918084 133.725405375563
108.85219176798252 137.30141362312708
105.9510404737592 136.81886694723605
93.58216973089853 134.8524027547612
88.18492084159138 122.54986867142435
82.41362313685487 136.3101931090321
113.06075538448769 140.40757156791696
114.38636964977493 139.88332506421804
86.6840226240419 149.50480901934054
97.93214001039723 150.04296105629592
98.57669447450617 136.2912710263545
118.61187602114212 144.31895350163168
113.17500138382225 137.8517291415664
114.84884291374561 145.59261086799282
106.33283392653851 133.73792157281463
84.53868148753662 133.98377909515065
108.17858481330914 140.67280423565117
103.03120110983528 135.87718793641116
94.74844982403928 132.36637754440233
103.1444157613492 126.11370664733334
100.42195876236916 140.83280281715827
81.42208313770386 129.04410025125725
100.43188732352172 133.87238532082165
98.68906170205864 139.27653117322606
98.28963619849611 127.6684597687479
97.1465555355787 128.85180088971342
100.68150012602861 131.51115980726553
105.61132590780177 138.95415075276745
101.79133645773298 127.87561322204508
95.33530364319746 133.78168388898354
87.97243485630581 132.3650187640983
89.13574086621628 129.68658457931656
113.07113566761102 142.49803004441407
103.59944062101998 128.91081977023867
106.32595415374423 138.83277709825657
108.32680858503039 140.81037641953475
43.839258328236426 151.3843416303119
118.94461272595204 139.65512014258036
99.26076498322259 127.71129582724808
115.05906256829537 137.22903714495544
107.518101261941 136.3803860813811
93.74376540569672 131.86580261936507
105.12372116217176 128.93150016676142
109.73994213048134 131.83458905379095
118.34564489123039 144.37042558957947
115.38268550672858 142.86299894343657
86.73652790547382 128.47219339428312
101.74641768898675 136.64239492494346
101.01003915639428 136.76538481470627
104.60545536793163 137.16217923549274
108.52771573506911 137.6951807971094
99.42013672875632 132.15985390489928
106.41929320155269 131.84260108458858
88.02448561595357 133.63010441095534
100.23620116280459 128.8763866069968
97.730513915416 134.0967524462639
106.45837205096751 132.7142235952097
117.01540793345954 139.17895952266016
110.47608995389362 135.83678948298916
110.28411213129792 138.6224006157194
92.76853979232983 126.99001661777868
117.01813461113005 140.44330169739723
86.71429896988089 129.06884190365705
117.35790571966203 147.80118965341617
110.46852968807693 143.37905072375654
99.08042652043976 124.53789247198301
114.46566837310952 144.04328190991106
99.22539274316259 127.47212415575274
109.15085211375352 139.24419985944718
107.03295014303079 143.29784218999643
91.58717586964528 121.6235322009601
120.92917787462703 144.45044513259415
90.43390308544595 121.24680155471168
110.47437865970201 139.8926151994436
108.84507681644865 138.6237342288611
107.90553845937745 133.85930303533067
91.57914151192156 137.0243460895849
107.86342493068013 133.34705021264307
101.17842928628492 135.84385753245752
111.04282160140264 134.23723871148567
97.85568724741243 131.36810430547092
105.34279812769533 137.33771930162536
115.35128031907999 141.262231093285
103.10322910419387 130.96845612767265
104.04707344243754 140.07392691953447
109.31794405151041 140.25894737018524
111.67266712004513 134.75446177080323
103.69792115470763 130.80140238008693
106.55536707783557 140.62835729261698
94.71091389026817 137.18099521080075
74.93410472362157 131.51012299721822
104.7907552855329 135.7229770317096
91.72529435689174 130.07811003034
102.6769814862053 138.30990871352427
103.22564081950478 139.0984946650145
98.9876263112028 139.5688180877204
97.58059502658585 128.29924141878857
104.75681537208918 139.01671260232757
102.83368318063327 133.85611940389535
113.00530033882839 149.52484787815874
90.85172975282853 135.73304742015455
102.36903294438417 136.80696293542564
110.24935068818363 132.65844115429456
97.64014626773273 132.88040551007347
80.65869244609543 118.14189287837641
93.75981148715294 126.65006385426022
101.20436892940616 136.89577043892496
92.9601711198803 128.92400836128118
103.93454512603432 131.92979128525468
98.58917890114283 130.1084800595489
84.67319715337338 144.3035076043903
119.27123652382902 141.77327897745215
99.8095060605781 126.39113196635662
104.86799612372607 132.98965964368668
110.44719954390793 141.10857468293509
106.26155384506174 133.88919361611025
78.02236122839454 117.56645594160567
107.65400109261866 133.0246478608013
111.19415433039184 141.7414674231946
101.56040851282722 131.02047145565996
112.72677974907006 143.73439452400135
109.56387507761198 136.4802217338661
110.04116427514668 148.28945799865127
105.35799673878186 136.9049712921814
95.5528460349453 131.50873468574474
109.94819593063767 134.8613656233971
101.59268882159338 146.52558993042626
102.25723264226644 133.7388615751839
115.57480144773295 142.97704449190564
113.50015398549633 138.38690499317352
94.6088624679117 132.1027259615299
98.12564179170494 131.34042772182073
113.50293400060137 135.080723194288
101.6048100305331 140.85087243239823
93.23499691271773 124.94977781690784
107.45404117671382 133.13001627192168
100.71327728406725 139.87169163875757
95.13982138399597 134.4385219839407
89.92608929425508 130.79649496929417
102.78943320555827 138.09299824082325
101.04408874424479 136.58431341073742
77.13531718241904 136.2019592084191
97.66012199011794 141.82830572929663
112.30967694005729 134.92262857450564
116.15421003745229 145.49494039560543
104.58738565216467 139.3257019332863
108.42865764199428 143.46637540010852
101.89369137303096 129.5407085385313
95.12828201274523 127.10795070466213
114.65624234784728 135.29878837537953
107.11344084158843 132.7422908043418
112.96701255048617 133.38170418065897
98.75176598590905 130.32508887434568
96.91352296621726 127.50756088904852
111.79896946334559 133.78599689341263
116.40771996167821 145.37136905722744
116.55603006870304 145.74893478577445
102.0046422016807 138.9873294821396
91.60369124220995 128.62613631376547
113.05060781726212 144.80495867942358
97.69846739866746 133.84259175872367
103.49769535371253 138.21068868827268
102.91286395108565 140.94210041854996
99.20806149971978 136.6344135977575
120.62709077586865 147.52749833493527
92.36583699468892 135.05191290870846
97.4736146317048 132.57841793802484
87.428278020784 122.73244889215339
94.0236262971845 131.1146807702133
105.81413716396973 138.9818633875015
112.94216924477213 141.6410721702895
104.10293754934115 133.15999406479375
94.90863908933673 136.9693387518414
114.41158805622653 142.42642304988797
92.74577109969505 128.8895080150526
113.65084362217523 139.85429230393797
97.40427800383921 134.47617867399373
117.13126431253815 135.80347453712673
104.78052271223147 152.62346160536444
116.46266108697732 137.6483349376522
99.28820089029297 126.96488282244249
96.0108354214383 140.99781336730715
100.18867177551968 131.1115419419923
92.9350292186677 136.80148939654086
119.01372906253911 142.17433588065512
98.84665112950448 136.07467160188864
98.47438059543377 137.45548477298104
90.02591731136043 130.45242866879215
119.18481953963338 144.12822791952337
98.81743130264063 125.00659984756655
101.72648593979972 129.09105566986932
113.37203689284554 140.13385724304555
109.34042427106205 137.69705496233354
101.83781385251655 135.66948233847936
103.94532480324169 128.42586372941375
99.64753582212637 135.42207519795411
93.09060661061415 149.59014837200723
110.71935294988748 137.74739410819015
84.12315241908343 127.81206803715577
116.61082501954388 144.82050653868956
109.31733127693026 141.22038487286588
102.37688081509833 138.81458066623574
99.47442868730069 124.89638895278058
92.17454203284646 128.93397927295598
114.55916457904277 146.14263237050804
112.37906821491126 139.56547963935859
100.36994409554346 126.02798643726649
100.48488593718515 133.15207525552225
98.31944839391576 135.3038228061225
107.14151335998892 134.06288965540648
107.6517384153626 145.20497263718127
104.65124145584046 130.97148047327875
112.22472433292535 136.78313784034836
114.53558181781894 144.7274108127633
100.04328988581744 130.61580153909475
100.3226780492886 127.50630676854756
98.06956494800423 127.03991307406903
105.12476946337708 134.41580497395188
105.61438123592163 135.56988915458982
76.01441230222744 137.56625327110618
101.54810065236327 136.9736904536259
108.73169432230844 132.57848838971853
68.1102090081804 141.1862157735517
99.17616452615222 128.94511671607023
113.88011777913623 134.19634504996714
86.48497924539586 124.69311304023519
90.96777223693695 135.17552094284764
106.31529456933544 134.55240514105714
102.61986663608953 128.64980782405624
109.52272922745941 138.35380002192136
108.21703702528424 141.14527954074413
101.23945587628766 130.2456247828971
95.72945046469569 121.42746438622486
92.89266106793775 132.85189698767223
101.1545794153032 138.68518441149865
102.56382299516612 137.28326912277305
95.88324746856449 132.33679351196318
113.85625115029836 140.65895720569046
99.91605063090897 136.0740134510745
109.20065525358562 140.00532582567013
102.42654496480525 133.9927116135403
114.10494542658695 142.86626420318387
79.81736412203914 132.0598085473566
90.27825187552129 137.59223318840552
107.24998766610287 139.98688415709674
74.74066686662866 151.49805746602192
73.86904135780007 127.82072101194164
74.68170282832416 137.60775096237091
111.4489101823354 140.87217198844402
111.7278970073259 143.70540730889388
103.62054272442265 141.9172698967073
109.97268651830962 131.20560881948077
96.81418881497618 126.8056847486051
108.4604403537596 131.8747885065255
83.34898812418994 130.26503495015885
113.02045789772794 145.45742116368342
112.20361997181205 141.67234288097293
117.16198275800322 142.84920796186026
76.24050221281884 127.13039561358069
105.76026829339114 136.71053234071385
118.10303679886844 137.34452301552142
111.91620487645025 138.73562406394566
99.7300013029838 134.69793117832637
111.2800271221551 136.25390739889124
95.09416457548123 135.52101264853184
111.30179523432851 141.87100136066715
101.59163419066981 144.1804530250399
90.09556415579495 125.35689284469682
122.40648982047243 140.1794125991791
95.33732110642602 131.72413728874724
90.92587130638717 133.36562698883523
98.20349837234966 127.03810225294419
94.84354072041965 122.98201788267353
96.28672232511893 130.3262500853984
90.71934319237758 127.81635003392839
122.07947083547795 144.60329287698474
108.11457758111736 133.9488700228
96.64292272186128 126.21361384978405
85.41165994971317 133.76906358273789
93.46597701779898 125.37882352187054
94.18695155517891 137.8994947808215
106.3984579358928 136.16896895816373
89.39268135764063 144.5323486347788
102.83978473577082 127.50468170217972
69.9176290420682 141.18129926687087
104.5860381659806 138.35464199984696
104.55465606649965 139.3662827768933
110.18993267717032 141.9680431138953
106.82563590852655 132.7957229412552
84.64084887834495 135.6946539807564
108.8411476099945 139.48780144785624
94.6398526221176 131.52013258982
111.5193005758949 144.8212149557825
93.62679449589064 138.40947110518135
107.70030315172409 138.59170901741768
104.21572640613529 135.47852672662702
109.80612260982411 140.4657557981287
101.9710659187462 132.40732314813124
96.43890380849025 128.72623214396194
99.53113536181827 128.5441306740555
107.64110754422481 136.5277338960216
122.37144105719233 147.98605464628727
99.7117545919902 131.3441107198377
102.8973942010203 132.54393736879445
100.77252320567591 133.97436997460858
89.56497449446806 129.42072797046555
94.34247816587617 137.35142037697713
103.50652759830481 132.74816670353732
94.05743408672842 127.18848217989424
107.97459146023299 134.81451363207032
101.14219807454387 134.5547911073359
86.8150038973847 131.23914977452404
106.01955051145947 129.69640174064347
106.16430393289959 133.3376789070796
114.17337051464277 137.0223714148083
118.12006610004477 142.53128272043617
110.13552523694156 138.69007686447083
113.026602312885 140.74391127397243
109.29352182124107 136.62397963569754
109.41016060995791 138.78456057341467
97.73033385683222 126.22037499039617
123.86635810026017 149.03609080671436
97.26368848137557 138.25918239654268
95.95386164368578 125.19778352918752
98.63547625551115 137.3540099364307
81.34736358928491 139.47455015808686
112.89449801795163 143.7857573302681
79.81721891282714 139.44336622322044
107.5523996998186 136.1798601931288
117.53621667941438 141.2922901775973
100.05535326683795 125.11062796966554
113.70467102374305 140.6356427700156
99.6845970681172 136.50584366481397
95.96698028701306 138.4098517666821
89.00967064509061 127.9874849625362
69.22570008157312 133.7153119270125
110.45271166367786 136.8931705168756
111.61031031472946 141.4997255643999
94.93170493053958 128.3218530041268
108.69568083682395 140.4754570132659
99.18550596118286 129.34876529258923
109.79967832220417 139.1900350295758
96.05424059353166 128.53698129036275
105.54275022124543 133.9770498767649
94.41988641002615 122.10384826903359
90.25810710748391 128.30620326108033
104.15685335639238 133.39221460311362
111.83045680420064 137.14604862267925
93.66139253819819 129.07502741468716
101.87902942796137 127.3719559934127
98.57315396497373 141.07405498817195
101.10342889597034 131.9053275732794
96.90626344069551 130.0008317711372
101.1465227952054 127.36658200129973
93.24227359624689 135.50839249136956
102.44446273244564 138.14357797520012
93.68870513659395 131.5397224455824
89.09627295448331 136.76660532008174
58.17293739516511 149.0543339395265
101.81375904893669 135.42061186863378
119.36528833113681 146.81095114068575
121.09342852080536 147.51071432458085
122.96169899257008 146.88872478147238
96.64208626534294 135.1473434020647
91.65922258525609 138.57990368738706
104.34084488324629 129.67468369535032
93.8400565852343 124.90756515215446
115.2756794513404 142.58151135515547
106.43867562137237 133.51437126867785
90.01285053754582 121.95542735410496
105.04300372738092 130.86747391066461
97.87665566880342 128.0171676691169
76.44586222643277 126.65989860110928
108.3688436006047 136.35789220904212
105.21910161560028 131.78196950111473
105.10145969875806 130.58442775993979
86.68064023457576 126.43832069669847
106.15670950875862 126.7145890619934
104.32615021934105 137.01540862053125
123.3374155874142 146.23791513598803
112.32644121678241 133.24494514880456
103.64664237526782 135.12557052335399
115.05234987798018 140.30805641308834
103.38862227207515 134.91255418250663
102.82486577554833 131.98853391506864
106.62430684777168 134.79043992928177
106.17652855160814 129.3941256869399
101.42466781183369 136.8158131515806
99.90695108067527 132.9843745853485
101.42307779341805 132.41613479938178
100.01545544154338 143.2881471182046
113.16439754694828 148.1799945176604
98.45034367550029 126.29361881701604
96.8726704338961 128.76915810486645
79.64472608276607 115.78090681176926
98.75465903566734 134.22905712989962
110.83607133852317 134.4363261734926
107.27034880080438 132.74051670610393
