113.79574719380402 117.7749277024043
114.57616516573731 119.33056793107902
117.59787027009178 121.55466370944386
117.78914014798079 122.05059704944026
117.76023306013231 122.09696864299876
118.1342974921402 122.41220984202027
114.72649705266694 119.60689607152622
115.14716647964877 119.92362199964352
118.51837644690177 123.25695134174917
119.92027898796516 124.4464702793657
119.84482279967675 124.99981463310064
115.71644298285567 120.19516819105972
119.37537417908322 124.40354004584762
119.38318928331991 124.32096425850301
114.95688264505853 119.10229643817966
120.02475371273641 124.88911687572805
119.7348250147055 124.54481829153168
118.14687905711709 122.39100937778147
116.16365914025802 120.95525139303481
116.39934902220891 121.04994516954297
115.28339625730143 119.69530959035698
117.26519910590133 122.00209404226395
124.28153351291802 128.7827014643254
117.90431061135328 122.24230681930008
117.38197028221492 122.0072175133593
119.88811001973606 124.91820195408208
116.40289821945521 120.66939523597182
115.287612933792 119.79240934936354
113.88770347933955 118.40687029111113
116.85981021719853 121.28094119222914
115.74731601685842 120.30112621247385
117.78927192281422 122.17976780420447
118.56104564529474 123.1603430987214
117.2500314622389 122.03245922666905
116.58572281808925 121.7841072773791
116.79869219310983 121.45463387032912
119.7171053756455 124.11734493813228
114.9322703156614 119.35510041477697
115.62286898365637 119.9915354540622
116.77729060902918 121.55084659692687
116.63657841032853 121.32800898824408
113.4250485933807 118.19972548401272
117.1849542026377 121.87739264655386
116.35884754818812 120.99390933365552
116.07190630520691 120.53994115208097
117.77971973199426 122.22530946724682
118.20954592986247 122.7536106732173
115.95628032925251 120.33171536046319
117.1002237589872 121.55668785124882
121.55431668020827 125.82876759515786
116.61487647402048 121.37994575730482
121.24067789922213 125.61300415237335
117.96367198769553 122.51007829066002
118.117085009373 122.80110158860286
120.22124849222621 125.09997359585918
114.55641264535359 119.03293754452324
117.27347999266004 121.5513028043907
116.72483806773127 121.74747045399933
116.444583539775 120.9714133541126
114.56863247239265 118.97458657427983
114.1947564243434 118.29957861573033
116.88665165354462 121.63414993499144
116.84282323421168 121.04611063656557
121.45598095665116 125.82617137957035
116.22520628151092 120.96941016064764
118.75719112612025 123.63551120956663
113.79002777677876 117.95053181277511
118.78849944621604 123.29789515843733
116.49217040391916 120.99067389847723
117.08278252386637 121.17173121305639
118.20065066629721 122.71176727949054
116.3432691610576 120.81504381898955
120.1280560084979 124.40680846474412
119.79978518674096 124.85321330578395
119.49965473052976 124.1093740256208
119.25284248289518 123.2725356512753
118.54396449269383 122.92115608559074
118.4413864246993 123.11192206118913
120.00980272976865 124.52729229292981
116.80675351776888 121.10708044265627
116.29975165707735 120.99105057512809
118.90137975104994 123.16773973792509
121.8545072496061 126.75853122442368
118.0027662842922 122.7278725375553
122.28316522354663 126.81873291458425
115.1050652175181 119.59493113447576
120.17906060321341 125.07568014026182
115.0499892066723 119.4041241528472
117.35425905664975 122.06964119128219
116.86410149802597 121.92142772951824
119.5531669261252 124.24575410382013
117.91162379619443 122.24072729884526
120.06329898345797 124.74818491303422
119.20548257720347 124.41983044162117
118.8377716961252 123.66266995618918
117.25957427517277 122.03617957838512
119.363468817409 123.6870320111746
122.9411316267709 127.74244470505944
117.93125530670638 122.12028186531927
116.27220878091174 120.98198587725916
114.61725427667149 119.16154585476058
113.05989423299718 118.0253844805094
120.37635761684534 124.72857945159055
117.5283620992782 121.78226116792638
116.20213849034373 120.79536704477295
117.51385163079921 122.42066066552775
115.99610838765989 120.31185605093539
120.85211344993546 125.70942080971469
119.88777929831956 124.93860622496975
116.66744826610882 120.56525841302027
117.59490103197031 122.49412863927134
119.70204718714237 124.26268755305772
115.67211441390756 120.16159512955542
116.63261015201658 121.00426934246612
120.11722425688875 124.69439227090834
117.0075969432912 121.1082940631267
117.84668371446539 122.54867038042796
119.89868636523151 124.599635851023
119.8653354506548 124.62269546345743
120.3687471861424 124.97502299302747
117.17042096823877 121.78962676925404
119.9903044102486 124.91188019942126
118.99790031132406 123.64483917829337
118.42743321561348 122.70547421877103
116.60824811917362 121.07557961462952
117.27539647543303 121.89578031120364
120.05523517419702 124.34399030862123
118.70574639031936 123.02505242558769
114.49196958847318 118.84537943668737
118.99910577761746 123.32318633621358
118.39219574655941 122.52285585495257
117.19796352602924 122.05720024085187
118.48375760644998 123.06287922343039
115.01394841375084 119.49250550784471
117.75065784735766 121.93740388745326
115.13795601250928 119.60991424609469
119.75489242558513 124.29710924906374
116.25419662307438 120.8828432526151
118.85588102824812 124.23901344500291
120.5475806586124 125.17443303905344
119.8242878237569 124.0017414602112
121.05966995740567 125.99346814450458
119.41941562227014 124.24007861589982
112.26496750542445 117.37189183723267
120.76399608548918 125.19655511013455
118.22135564608202 122.69816686955818
118.64376183175621 123.1867987729855
117.94816750872529 122.2887208521312
120.70829623328433 125.18662019873221
118.95466619042159 123.57902555675032
120.37923764106411 124.92685906552755
115.19257820302424 119.96606584616292
114.73390913187903 119.24116957951134
118.29453845817295 122.62146981115471
119.20564805138159 123.86545807202342
119.91274680321361 125.19660136569266
119.21215454235819 123.30235398636373
120.59873007194506 124.76157179253448
114.65429288511744 119.06599969302114
118.064365817312 122.62043359686031
118.33800754695821 122.61144998527138
118.66912727379908 122.87895550146116
115.47409970343665 119.74509093901216
118.9597626634376 123.21802033769234
117.98169004419526 122.11336891874019
119.17660821841875 123.77359553491507
121.39896822177374 126.22981271619446
118.90330194003103 123.41383325238742
121.6646641244809 126.31861085971408
118.94286613309295 123.37923994588265
115.94839168085853 120.3239749488599
118.65186681967973 123.26762505628088
118.20442691277606 123.01485847888478
118.2936637124771 122.60808124034081
119.06839685453244 123.43140708109947
116.02348646345273 120.45280304841303
115.00994599991986 119.61179764030423
119.14272137989539 123.5249837176608
118.94036529779129 123.3932814359488
116.79143010643955 121.13272979821416
117.01734171633164 121.31665866606652
118.90391851744266 123.64093078289355
119.08859328693467 123.40539973422464
120.84287414090736 125.27302517132694
116.77382782521812 121.3422272393917
117.21210095536544 121.68545018915079
119.91516554654841 125.17102282922853
115.10767763137106 119.2937829597995
123.7986019128839 127.97506311248372
121.39219547289015 126.06228313367743
114.00969628513403 118.32370756687337
116.18968756205201 120.59849698601091
113.76040909090952 118.98074252489977
123.16487808051524 128.38668931049273
119.86374476936724 124.35756968096666
117.80366209565686 121.83995095630121
118.13786715977582 122.46797406749594
118.85643478863133 123.28902695219129
116.73148519968908 121.59605685737682
117.66457715564893 121.94171427828964
118.98183556352629 123.79449053307621
119.0377129219836 123.71200436067681
123.43408962272851 128.00435655654135
119.09375254555327 123.48688924358626
120.15742495604756 124.90956919385594
121.0087967234725 125.62972529835972
114.9112475983776 119.00122178258825
120.40253271953728 125.26441213750645
114.44403166716901 118.77314635150927
119.42329187634888 123.74978328228494
116.3534579138986 121.63905811367339
117.10811633125073 121.55246095073642
118.48877023824821 123.74941789439366
118.33690267990146 122.99083281986432
117.45701892782769 121.99405685626766
121.28418297845616 125.80618421140973
121.88120062243935 125.94980555223154
115.43062990076913 119.48810543408472
114.33081125476104 118.95232616205752
118.5814023857166 122.99229257641471
121.18074012128403 125.86009503996456
122.23152504947394 126.98305337156866
117.76108900304368 121.89748961758583
119.99051807770942 124.75503863164951
117.4316529941622 121.90327154553468
117.85893614236062 122.33140873298818
119.24597486553913 123.71295525897827
122.02776051948761 126.83562299995799
123.05831869666534 127.86867410552718
117.64213615025984 122.0931915671782
115.35254548337954 119.63108134649102
116.45107209891016 121.108291575338
116.55955737866516 121.64087275259665
116.13559502464427 120.87550853535143
118.893445779171 123.89888176584668
113.25264749594835 117.75941537775459
118.27153017514624 122.63392692247704
118.35325917075467 123.18696906834688
118.49216995154624 122.9466201037147
117.59043102853514 122.1276356949124
118.58348587530664 123.56663343660944
111.77127319409927 115.92998295487686
115.73023641614702 120.63502182144762
119.19041751601426 123.7553811530677
120.83885164174589 125.30463011644873
114.25438809057478 118.22291670066083
116.22415775925552 120.32467538449418
119.69303396783805 124.36329807427751
117.2826887598267 121.613652457405
117.40311701997592 121.97146496166258
115.8862907217193 120.57469526743436
116.8474407881642 121.15764204375643
118.81194483508831 123.17184430392702
117.63133416495114 122.5417308351709
119.06927603071892 123.68082491529533
118.3775795271155 123.51658351780998
119.63701738539964 124.2833751660879
117.69846489714155 122.2579406421246
116.96307332125319 121.22129298998384
116.57625118156676 121.30983054463286
115.41485752034866 120.12952935246017
119.31220632785583 123.70174332012932
121.09346754852635 125.77576519238436
118.42859937922705 123.02408793236076
119.17939022052012 123.64870432060506
116.17253983178593 121.49882937918797
112.53320647997673 116.94192939579517
114.73542936077088 119.37535790407877
117.55414990023347 122.13399626525236
119.30276397493931 123.89820443827631
116.07643589593796 120.50739984261037
119.95413136485816 124.49378035223246
117.89183935664157 122.29951087679962
116.32742155174165 120.82922972832326
120.40018220470208 124.89792859862901
120.43646051771266 125.54003063853807
117.68827150066487 122.01187843325596
117.18219869413996 121.89538730887705
119.90290287283489 124.63034819802778
115.69489038192164 120.42266647438227
119.9536817556605 124.64153844299948
116.17853617874917 120.72616772145327
114.6395483781001 119.04606792853436
119.30914455683546 123.47159392940868
120.21910198449682 124.59127910602558
112.60829763192001 117.19713507478897
117.65626504234466 122.34076185673996
117.80419241150926 122.8831117898845
118.46812862681179 123.88244812576569
118.01108525869968 122.52599674277504
118.40729567872079 122.69423693848593
114.65269964238406 118.90259528156183
117.64170587337503 122.45083216138318
119.11824159726741 123.23480074381476
117.64330162694424 122.09015064753103
118.87079905188895 123.83034362736215
117.92884406925808 122.81496524141718
119.41134497674308 123.55367081248049
117.50521975667485 121.93872114982088
116.89056729064019 121.50154722209504
116.575585497991 120.8324823896035
115.78364755035042 120.3391250196078
119.48864856592428 124.1509320938579
117.70649963236967 121.84628800963468
117.47762840552679 122.57656198547947
117.61038563718046 122.07241503259635
121.14379156923735 125.41915429755753
119.0653972276599 123.39599930733642
119.01937534865598 123.63247123445662
118.86317546844043 123.34920195592923
119.62923977363681 124.24176634691976
116.13886082538755 120.73011407104643
118.62403821097065 123.08097391882401
118.93904863064947 123.7129557599776
117.26373952299554 121.79779621118551
119.16855454609376 123.3877435418186
116.27849759307114 120.56450379411804
121.18909378243956 125.97692832785759
116.03168263219371 120.31781407038854
118.47406259988675 122.99672317782907
115.64281542677527 120.01504224775243
117.05264694906182 121.6420929376669
120.87639494648687 125.28423472124221
119.45028026001786 124.0062954930475
116.60045563327253 121.63093722485614
117.17189660342883 122.26310614821602
119.28436167619903 123.88993605123989
119.92187904768276 124.59839117525564
115.97712275585702 120.63384578609555
118.11477709522195 123.07143766985519
115.98166839611702 120.11166675349837
117.19347856450362 121.5854693815346
120.16513566655391 124.42965184389297
117.64654196990496 121.92212504343242
119.12968933426946 123.73437034510012
121.22333866337222 125.80858454352932
116.17188102421795 121.07989694727941
114.5229109700702 119.07422425372631
119.28380817101018 123.60476130899904
118.58961765264212 123.20850804757272
114.51593835462872 118.6952632937644
115.87444364855719 120.690829548216
118.55376705554258 123.14459099967063
118.58053890784377 123.05387678992717
117.25882436160536 121.49319991309315
118.39076843510279 123.53002524678598
116.6077260043951 120.87711279543616
113.74553031951066 118.06163349217135
115.4245185715133 119.83513199681346
120.5588962085281 125.11692853932301
118.86024634863301 124.17284629277445
118.92789554143002 123.56351367933893
119.55790242093083 124.34880442876452
118.11708979719835 122.34772084620327
113.89274860684547 118.52154917540291
115.37009415267468 120.01774200573166
118.94094696603221 123.65481892012278
112.05753452822685 116.25584893066019
117.16127616875015 121.65608613744806
114.96446046624418 119.35649197804575
114.80122429386365 119.78992635004747
115.4960645632061 119.45839741918057
117.38142346790873 121.8272287812748
122.00228748154693 126.8824285988941
115.28061025190534 119.96581954273785
114.50316195698021 119.02978968807014
121.16254234953627 125.66521099905275
118.49666321202938 123.46963694561538
122.33639702560565 127.52725767135095
121.88390202155419 127.03896284717266
116.12467872317593 120.74541168097515
116.8950391678644 121.19038728207563
119.89378172153492 124.38104060423677
119.41150722069236 124.08661356667733
118.5549794191815 122.84864457211921
113.57774990276262 117.89810071306816
117.54700864155782 122.0322196833592
116.17516359443563 120.47416874740524
116.63559114725379 121.15554012157573
113.32888547123227 117.693079152703
116.5225028939869 120.65819628304776
118.05075089949628 122.62503242794409
119.7831653588144 124.5156203377534
118.51708659019481 122.59942648460792
118.61556425961857 123.08533493158767
120.13492931470233 124.56439438778942
116.43798614051565 120.9189110169112
119.80054993609839 124.08747457158807
116.14702846132893 120.88580577506768
116.37903112914009 120.84383075186216
119.17193944364283 123.89190563813317
118.84876091629161 123.47979300286639
117.84672331544175 122.08472392663666
121.69627488046225 126.1165029151867
117.96385743768143 122.44330145087591
119.91200308628507 124.43707109141778
120.78711485104245 125.38084790958023
115.66902657629961 120.36920231662589
115.50921216819265 120.36918326579223
118.58552813881471 123.23568747517115
117.49191512055654 122.14204087349279
120.83623263614541 125.65694299939143
118.54237741264981 122.97145311658977
121.89100013654563 126.4019320367641
117.47275803199305 121.89591566444744
116.6166313999711 121.2329393604667
116.77466310996603 121.80272957554237
118.07096914803124 122.48260482564679
116.03773651743926 120.30580680989681
117.30028466236516 122.16082591889625
122.45305936553767 127.39486896451143
116.03187708688952 120.88154741184793
123.48098614891096 127.71273090031143
118.12833885987128 122.74574843710738
115.83669691122716 120.04814926570069
122.12493264918648 127.15604972411978
118.02454735605956 122.80029549946929
118.33282956227198 122.97586699160512
120.5386134607251 124.66813613970363
115.2412217454994 119.94664455501105
117.4414285728084 122.26160071217117
113.82721891286646 118.24798331533476
117.75862919448343 121.92692924725881
118.17894346420012 122.94724165762939
117.20205213200738 121.69754564668757
117.89880894994361 122.83275204421967
118.61044778117879 123.3918559410818
116.66042807083892 121.37358081208643
118.5457933540207 122.81259904618203
121.23760699385417 125.6522988948177
117.83236313905115 122.20436668716586
120.60744546547843 125.79895535006119
118.09846163462394 122.66994994119995
116.69536163057185 120.8453956783829
114.48361734259615 119.26168211778968
117.39337854298628 121.87871847000642
119.04641184079571 123.7568031411956
118.4558747191437 123.05678352517798
117.59811602321957 121.91554704080094
119.73537341395635 124.615399260335
115.00323218539125 119.4749821240857
114.33046958616886 119.066129974307
114.84188675254062 119.43946553815947
119.16962914289515 123.51235751267313
118.7303368915392 123.0407955173369
116.43892761929291 120.88161221361538
118.31311502739801 123.27446445046472
120.18596997558963 124.76983558957576
118.50883917291614 122.98032696874256
118.32532688543284 123.02593274984383
116.7280649860787 121.32280841567152
120.2707391545744 124.831400348311
114.12603968581809 118.96723116057821
116.38718256522634 121.00846794079456
118.42926638447493 123.049063792506
115.4117598563068 120.09195791036308
121.08617605074053 126.04023313574656
112.83247411633458 117.21259087463692
116.53366058493677 121.4368398340923
120.0672657264952 125.05640880596295
120.5144896768118 124.81776000042046
115.47809326145514 120.08976978696198
119.0987794358369 123.87044695220776
116.8576614373887 121.67036320666007
117.10842653065491 121.69117983260415
118.48049871279227 123.11763933134004
119.00624157456389 123.65568072529136
114.00854968259489 118.17530932057383
120.084195381687 124.71741712760921
118.30294655685077 122.91774399309247
119.72008998154158 123.98078542415047
122.71847446579521 127.64473605448632
118.12852522000723 122.77956553217741
118.38694741918437 123.2939887219018
119.8060025026717 124.56468879252492
117.63142301228184 122.08267958023299
116.63238299528189 121.21351007062677
118.13148071408636 122.34140955274333
119.04920070512965 123.54379500267855
118.19266199211306 122.69021192331212
119.40784981548926 123.94166046490476
118.63102795030197 122.98544720329915
119.6264797058616 124.50875910783327
119.43747021019195 124.42976363201973
121.55088466125498 126.14663886397904
120.54420330565017 125.57949347404201
118.01312684486803 122.71203401540508
121.38703963395824 126.55072434372792
119.54187698406223 124.22845694453218
112.65818103180689 117.09959840886818
120.64314989846241 125.23362896711359
116.01206737378867 119.93314004487088
116.5739144879393 120.61808793356712
114.27186789410683 119.11094223558199
114.28161521475239 119.01049042249728
121.04573732081381 126.1609717427222
118.6331258365266 122.66660902468075
120.26634560091657 124.61799446182076
120.92898358834911 125.31589883717258
119.23418298463334 123.76363977640723
121.51956615255715 126.39896656944133
117.48776845563619 121.93131151303122
118.12655578468699 122.89075023758271
115.73512324842117 119.76461474184998
120.3411960925463 124.48352595605179
113.73008426180598 118.07109549300289
118.02396554851644 122.524825264606
117.96414312472 122.33948109687067
118.3174539865902 122.71765373814772
115.83565363492671 119.96887606251917
120.1988034580914 124.82251126636937
115.60737598800746 120.3300869934302
121.17655510612155 125.75793659438251
112.50397313810272 117.3022093826691
111.68204016992101 116.1168106270744
117.76219169416805 122.06169224273506
113.3176296506715 118.11080212157728
122.11547610627028 126.82972267864336
114.72205253682955 119.08095409913975
120.40638179865994 124.87939325750008
118.36141822320576 122.94764662371394
117.00895190566538 121.79976326701419
116.65825722267107 121.47559088577836
115.93793203493387 120.7210334369525
121.96196570881766 126.11093013743971
122.02315533271393 126.67534194450269
114.46648056996368 118.39432652173241
120.17555083829576 124.91693187052893
115.19491643896 119.43121688234207
119.4277011241571 124.61423178189743
119.23515019394954 123.55019653816589
116.5511973880375 120.94339734846893
114.18210121779839 119.03478198291916
118.88221596243835 123.3896404247955
115.20709051361226 119.67041281287705
120.270550509167 124.68793415038746
124.40388594501879 129.2671899938272
119.14775126231852 123.4329294099961
118.40047327609044 122.85505423161896
115.54798186931151 120.19802855801015
113.39595797281915 117.90103392389128
115.78837437984454 119.91165147959305
115.71764934279811 119.94376649246722
121.32955931653099 125.61066717788749
117.44829108105229 122.0327624753217
115.19502943564838 119.73220831112766
115.40984929372543 119.79699840040686
118.08803974869488 122.15590123607718
117.48359024388098 121.87229107837474
115.19781036140226 120.30142924340228
118.96012792499374 123.67107048196243
119.87790695584481 124.42363343767454
117.46940111108677 121.84215601391183
114.7187525597311 118.93268713006732
118.78864962974878 123.1530051414307
114.06883279448968 118.51841173495067
115.04765504469299 119.76457141649375
116.78310887155507 121.09315685257808
116.78110283788557 121.26677005327963
118.36181227888834 122.67695571162768
116.08526876753713 120.22083703196537
114.50290853458748 119.02217910915756
118.58621130514659 123.28752024528207
116.7290384229107 121.52678875815894
116.32230765240217 121.11382129744757
115.41154457058005 119.51165299016205
113.33716101076638 117.91221234351623
118.05038012779002 122.75608464285894
121.06969940601618 125.2754774967661
118.28115258258953 122.74594004125238
119.60949640741703 123.69676404662772
111.713397944826 116.0281845117367
120.95780562138589 125.30816773249487
118.21888617007377 122.46792912342256
116.69457454350875 121.33345022369231
118.12567158857863 122.58352547194157
116.58250478537482 121.09122643094202
118.48884433867678 123.2622175988585
114.68624202651716 119.14682148427644
116.31024044186512 121.0201819503142
115.32356689146012 119.55577031071563
115.73044652699151 119.95789893956746
119.62147799213052 124.0729972392522
119.52710831716054 124.06544551258989
120.3240416243659 124.71546138576262
114.32794367728242 118.74508851591794
116.56797453340508 120.91048233472227
117.9778255824698 122.23285439341427
119.54007548763605 123.8954373329666
115.00617348894126 119.6921934371689
119.1104814231347 124.03779901354972
115.75940201540274 120.23165023923508
115.05194152904221 119.5616904149372
117.77258447515399 122.54065310922037
115.64706007576184 120.06724714734837
115.67193171084507 120.57008727502362
116.39850123383202 120.74819337949288
115.84632357120819 120.299027641159
118.17441588261212 122.8205392837293
120.53097075124198 125.46285232970669
115.75210406295157 119.95685499611766
116.02523427132166 120.25879827179762
121.38221455810688 125.85027500929912
118.23073169542313 122.49522446857897
117.07450555251911 121.50121478264803
119.1978258041177 123.95447366814327
119.11836490990038 123.53379127100571
118.89361883130614 123.65052801035827
119.2067931758785 123.53373169410627
119.08418240708232 123.54146710593932
118.97776589912385 123.64456300394077
120.01551273508845 124.3482557976629
120.76669763467629 125.21181891059068
120.23227703223436 124.78341315846826
117.10266066967905 121.88843093678013
117.22235721711918 121.35751010024768
116.83364269667344 121.43435394206891
117.50706983345678 121.59855392826353
119.72338338064476 124.20146199644958
117.54643661941417 121.73362089529014
115.95196025357095 120.6700540085937
123.35590726770381 128.10674479862803
118.46263230975191 123.17887651838386
117.13693494372897 121.52466075421391
116.43135888255401 121.23078479721569
117.31572897367911 122.02863422852778
122.55319446741078 126.95990690603624
112.65902412280205 116.74876302710742
118.50205362480608 123.00505316930789
114.26946376125599 118.71601623736574
117.43608898967302 122.03782754244938
120.51095494646874 125.1848017580512
117.09551241784784 121.42709798990131
116.18065459005182 120.82782023126326
116.79913546005265 121.51160489265723
116.60635001968504 120.82551243664896
118.37978468106782 123.04297981820108
121.14216082608093 125.82996348923724
120.01134414472291 124.82031873560827
117.22179125914653 122.35528542316942
119.39391365090054 123.68874409600289
117.53873883416613 122.404606557703
120.01072591051495 124.56086012452491
120.52133110337651 125.20131957867358
117.86074491595984 122.13586874564291
118.78269261443573 123.43548785267612
115.9839163078942 120.30426628275046
116.4841245458122 120.82824679346402
115.38684998764755 120.46533942245411
116.55192636349513 121.55471898005007
122.00048230665713 127.26015350045559
121.36732133098893 126.1250380572611
117.13250608125587 121.35410390294253
117.62911443802504 122.72898898907624
122.11268688108909 126.83390900226584
117.87685594719453 122.07022486351781
113.63102097055193 118.31260183818465
118.76092236921882 123.56405922414274
114.4285395484009 118.83299091449085
122.46145665971251 126.91384830495208
114.55801749400163 119.05741467671525
119.35628930854094 123.96382294956841
118.26764190571524 123.10203783696323
116.65888544105542 121.43137766275284
122.22058578917198 126.53056916464149
116.71538399259101 121.54566560481297
117.28704216240762 121.81788251597088
117.29817387262956 121.4632245447277
116.55104118316035 121.05917132763983
117.48466528323075 121.6320103160349
116.90431081681092 121.3760023783428
119.07246312115926 123.34319301812015
120.3771793305145 124.9919872822923
118.83048420422445 123.84506912542449
119.44803380687205 123.87998502594395
117.66303164003122 122.54492524110132
114.6304549554797 119.04758593570135
118.11825718118865 122.30132545001494
117.27171290143131 121.55605485274187
115.91379281851437 120.06677044074632
118.47561859549793 123.6549578949276
119.57563390482984 123.82009980345131
116.42129610294903 120.5828990202994
118.89147665253473 123.28903017144985
119.14731811577066 123.40157679454218
115.4713128203597 119.78257037358685
114.84801674193906 119.45827412586716
113.550169425191 118.2823348677202
118.82088031443625 123.38590047464912
115.91273113795089 120.05236873287731
120.15754158183971 124.72761452251609
117.88699280616432 122.58722301813144
115.91720312607212 120.32444446589173
117.42980049667612 122.09887925174249
116.51191519096655 120.7977467084246
114.59558129811884 118.86928941405998
114.13074491346127 118.37767719336273
113.81989771623034 118.27072415759281
119.77246148212544 124.41936973110522
116.11869206721283 120.62081282224655
