80.60949858110865 143.96492830370408
103.19881479827346 141.1997682538923
104.49286287888694 139.01713854350422
21.90549469334793 166.27756486268743
87.15684518720022 138.11919586798095
100.52773876163941 150.15768621725456
92.82606983829726 139.68169609792884
99.8877044928193 144.60501415657015
7.115235435025341 173.3442447213555
45.22226246817232 141.5921619493481
63.42127362504479 156.26424006639036
99.58954811712472 144.76653228139332
94.17908630685558 137.19773616846626
102.28892616370867 139.6009558155437
111.57374195476999 146.55917568717118
96.57656277895707 137.39027458388213
93.64697280898987 137.38203031961027
99.82051894883926 141.3312597735257
98.77348614625967 142.5648938846518
102.20145664179304 142.2338778843834
101.6032960201467 142.0936247070291
86.95804492873793 146.95205992727483
84.93630182428447 140.4367154841855
104.23695166849998 149.47353616876939
70.1393664118366 144.13346344197652
97.48353956229583 143.73466140316208
111.52294147731422 149.9312455977732
53.692182324083426 156.41911178843677
104.0940895268144 142.26832877085874
98.59375026350278 145.68896986613845
99.80837209171374 144.2941579646915
79.17004228476837 142.8899883904172
107.41630724527137 143.56516077444942
90.28834398779054 144.0284478576271
75.78795724253092 139.59744975682554
80.00329483248221 129.98539732986922
80.50072750747864 152.3988487864491
89.13330031476538 140.5395199111266
75.75741459197941 143.41421904960973
74.66769944989865 145.02462653975337
86.00296564372726 140.272469192532
83.4569960776171 135.06270493304942
97.65301842544316 141.8238811700736
90.30490824314109 149.42443390486116
103.10366343948661 146.66599939657533
85.01369215875334 143.56614417562818
99.08463268881277 140.14092466497019
93.8781108940834 144.9339899196299
100.69176402110968 143.72121264039387
75.42000498234147 145.95975894673632
86.1092365122571 137.7165384920424
94.46645626873942 139.64592594874551
106.82207749785387 144.6027837156209
89.92193423719601 143.73728611581512
97.26589384477754 142.92292710121635
95.00173257375367 129.0254498497671
97.01526405567643 139.56516958361095
98.51675672227819 144.74941462382645
93.915051796989 139.92406814353865
98.53043595790169 136.40707719386404
53.48211767201401 166.31686479050595
91.12444908553269 140.01178669989514
88.36711531852525 137.04544606858627
95.11235851760173 143.93717088132954
91.60508421240462 145.92329835880656
96.79756174110129 138.46039252900172
88.62881420277617 126.50684740049091
96.13749491575938 138.44169308110577
75.93907337611617 142.30794075621768
30.466230026870118 159.3738372580622
102.64922408703377 141.66527067586682
80.24552192246307 132.73101334043125
81.99706419270048 137.46681532811473
91.49268329397593 139.15047213575522
85.10611852520043 146.17064676028195
110.72416393254716 146.6840813973002
88.33381308899328 131.3816997545549
85.65868763263842 151.07486777577958
94.86889698909832 141.24469161727671
84.94153224218395 144.081676098583
88.14552709888964 137.09674846810623
84.99758141478034 146.70344771900582
111.31650995417186 144.59940161848792
86.89003751848391 141.71756792345127
68.1455769727956 158.3895631379955
86.19742445270307 153.29346547083298
52.107881828542915 136.8781028414728
105.55348398200827 140.34824983824748
99.31706924124718 143.04668154838248
88.11726748158567 131.83976938249165
102.35441035745514 141.80006776763045
104.00753380082253 137.7605973556308
102.16073056078501 145.34118823900997
110.67831590812324 147.56304359030761
5.914119322076873 174.79827913073606
77.56907028958831 134.58361912013245
38.36208763602197 129.6957235311225
77.24181300682379 133.45963536491246
92.66477827603535 144.62281084893382
102.81459903546283 138.8582765778836
94.02481403997143 151.69566127950037
112.85941997031865 147.90945669233463
90.71797298343435 142.31752597026363
48.07870040347125 146.97331426995774
97.66281188768002 143.6046614393743
84.65025948431798 147.537366911408
88.83627680005353 137.39192558369402
102.03632015996894 145.19456219560874
101.8226917583104 140.6249929249078
101.59899442969669 134.69390212274146
96.31292351325267 138.06448195898523
89.87783365730974 140.31985619290606
98.83466263294807 137.63581455669265
100.73567487944788 145.74870605945313
80.93605166769815 157.43822508174443
95.94200392804498 134.25951457868584
92.4764499488177 138.43071574252536
88.27731347575062 145.05695211877014
84.83589087548975 141.99287963776436
100.50918159841923 142.26305767213685
107.47104846151863 146.48911417950043
98.6233288663095 138.91719219797972
68.94611622740726 157.2212744465889
89.99728330816946 142.24186023161815
91.41724740012639 144.21892427672373
101.3403453217144 134.94260228536345
94.66712936026283 147.5019902521445
108.40602758706756 154.13863719340654
71.1869150264499 139.85344670244987
68.69200240790613 140.3679856569606
100.11828356403782 153.13450836043623
75.32036582023314 154.2210836173534
63.93029018055062 151.50065688416976
111.17686421972984 147.63108369068127
99.53092531465252 150.0842826887279
78.35665624496207 142.77479474973282
98.74767894196253 138.2580629445324
102.24588380704415 141.81627378197925
104.98395761368617 143.60713683265283
95.71377975024518 133.980269709366
96.9638845034834 128.7056933737783
88.13113665610561 142.78716756784905
97.5924031214893 138.9121007483163
99.30457437638015 143.43265538473412
81.81225865358726 141.82122089732886
93.94308683707202 137.57648932734006
102.94209260433331 142.37491252341246
81.08962965387592 141.44917406393552
91.34938373127511 128.8454444008926
99.53520149163869 142.29072070041457
73.71996931810419 136.31301254071712
89.8264729445968 141.35415073530464
91.56705985306827 141.80415956927345
86.36710621430932 143.85926032196576
105.19690380897069 144.4152321842164
98.31613982432773 140.9114963110146
96.2849135944515 144.69583009809136
22.7115423067249 166.09256395600104
66.93602692308518 136.81005980937636
96.65024191118755 140.15761276750078
88.86086741460556 139.5539139322964
81.26922139254447 140.99069879223606
114.69022086159205 145.9601147989245
109.80928308416397 150.22941543355176
93.74875994102347 153.74985133972302
95.71475248614067 144.3459489225226
95.58401505033544 154.284479089275
86.38471226611567 139.40483890370314
74.76580388329617 140.8905608472088
103.82742813520565 145.47530617671129
57.67226420615833 143.01475805578713
101.86223066253655 142.23982078484173
107.83945216302264 154.78670559287494
109.61657246166044 152.27762656741814
93.09889638265393 135.7636013204013
102.99516135518061 146.89537714843948
94.48216508143467 137.6003150534195
101.95321430416388 144.8342092651739
100.72195687565906 135.82928712445184
83.19029626154837 141.46705220386826
96.1306625166409 141.1534873439929
81.87833144268755 134.57440367675463
94.78062686490247 133.3996984774995
107.2187034099459 142.6137253736544
107.81468113609458 153.6089720335027
96.89513789029868 139.5219234734504
95.61366989580026 145.16434010222582
94.21885796658724 143.45798165123318
103.5595688925243 147.8403992420512
93.57019447324265 142.05421386337864
94.90882315336269 145.45718300186425
85.68948539626147 132.14260597640083
101.92168069056592 142.64074281062065
68.91077200264856 142.85871187184193
95.74384644344157 139.7869913499198
89.35510081131895 144.09548974939318
102.13903295715592 137.43494871476537
80.63050820469378 130.45666449720702
103.35561028960123 144.45414521799518
112.46223358166654 148.3498498185045
103.95110174934189 142.54853071719174
78.97946401630566 135.30996357775916
93.36653246900589 152.40468097470767
98.8845987889363 144.85583527716753
103.33110682589538 141.73552312292145
84.31796867223044 140.43486741978253
74.30887302799324 135.53409052633182
89.32240732480086 141.1891755659769
93.00795600768353 134.9539491292822
66.8825969778323 133.80459298099558
89.5470183859319 139.65287077998536
93.10696429511839 133.77819583353784
41.27240526330396 157.23290976677248
18.138389165166238 167.45726396829494
95.07227714267374 137.60775818174267
106.80896315011466 145.77169022733767
107.46472772962375 142.29228934282656
97.78019186414728 136.30899589664182
107.93740296919894 156.0863057700143
82.83459605289373 131.71551906446436
89.99722210885194 149.67228902285171
85.20659943287146 151.4279288487013
114.58671497206446 149.6473950378939
89.73711076307379 136.19143384721806
91.7259122946536 139.19808007789842
84.98603315909828 133.6474610809581
104.81842661548988 140.44510739356076
13.511054148503547 170.64566920402984
99.31004046755929 138.92462505020387
88.5998012192887 143.3490954370536
71.67334512722327 160.0775199772596
98.9292042458175 144.30418849850437
86.00850845302645 143.74414701065018
97.1370011441668 141.41957793050784
87.25376953233186 134.43491766126562
101.15721160380006 142.02930506963943
81.23395544940259 129.78353160534317
88.93429532941099 137.01334935346614
94.00088047932046 143.14417669252427
99.32268728418576 136.5393460585317
96.22001004371116 141.223701936552
84.59231491633574 138.9949710134632
94.45049404424319 145.70983623452398
91.67295477508537 142.18530858391648
94.56943695568552 138.0374967224403
111.03187221745303 153.410370211917
111.67271438528815 150.91211964199897
98.89958273671934 136.98530796642277
107.79319673099246 142.7198585130958
94.6198720318992 140.08677450752305
94.68339427626374 141.87630901333438
86.09268159074796 143.09605137496808
101.19392000883619 142.95008520437207
102.03935196238217 136.35734936192316
105.2956086892607 143.16439596489002
110.503246790806 150.97906376221698
81.37497154773183 142.9653725555779
96.57594400730544 133.4737885405445
106.94344348415066 155.76592458486044
96.25902117999863 144.57352539106512
102.8149234094624 135.06911600025177
78.8599551997649 136.8333729415315
65.27896052639923 142.84948304701484
85.60258998904969 129.3218607553261
94.46734926731718 139.85470018981047
96.68014560009661 143.6604602972668
21.786056589528638 164.68274231554878
90.81563533393862 129.9511530545136
43.85656609228293 164.46444370961933
81.76574086689749 128.84599666913047
43.00485296082592 148.8232809453358
78.61845826468293 144.79011305298474
94.15077792652417 140.1749213722169
70.23241005856342 145.7795279613959
92.03184346983954 135.65412801591174
98.03742517840874 141.89867042085166
91.94051757143119 147.13654435727204
120.6232256964556 153.54659869890074
74.41622494554602 161.79000091015308
101.18058870998765 137.82446825567123
93.73183829803621 145.2713441628412
97.32365492232906 133.20116082939327
96.47191759222373 140.26556328228426
108.64788996606264 156.61670778697118
93.3951466044045 136.4609492978902
95.56559888179444 142.0202574748334
103.963834511068 134.00516605649472
70.08353009095472 122.69786380244746
18.19906229335163 167.47824619819778
101.9540024608057 141.53707049850757
103.88764498151286 143.35570119879634
87.0405416577885 141.66663289459956
90.41263928430922 139.18809012668146
96.76040812324699 148.7901970108835
59.54862928798645 147.10983973082435
97.9270650115742 144.78375816676183
90.78672814144541 147.76072414988298
88.93417869092242 148.23046021218704
98.67569819315707 138.18123545316882
59.75344683810777 153.73196541231457
93.04633762631941 142.84834483558387
111.50011121400853 153.4430868310622
88.53961523001229 137.42514404165416
94.98342262659527 141.8264693430837
93.74412846174872 135.81801420618874
90.87418037642607 146.19034434736227
109.04614189734167 146.18237631416426
82.50665226703866 151.52041552730367
95.50446827925069 135.5812378529343
36.51686391269476 149.29518127274363
98.56047291129732 148.8477148307546
90.90841172930699 127.32363088954962
111.33392015173156 148.42321998304126
76.01918317620557 150.96095405473926
91.99362253714445 134.77436342828534
89.52722546139505 143.57324929734997
105.73668695311862 142.69212790288694
97.55827303587606 134.46083476129957
14.492254741913985 164.82702868058132
7.5498627945707755 173.96253235903964
99.08262298253602 148.13992324617826
94.6842828584597 144.87263839211425
94.288774924111 152.66377667632648
98.63131688008033 141.41422626567712
98.81632340671081 142.88771929366533
89.8073010674557 140.13405036677634
106.15245135265818 142.53936848885962
89.568299795084 143.55132374428453
98.64092066606972 140.67442865264897
96.98446249815274 147.7788480551016
103.61620790506517 147.25943335477135
102.61296310309639 149.3246421153308
95.07781331601673 138.31587966150497
100.78874937376881 151.58194561507298
104.41015593296508 143.18844294113998
75.7813063740464 158.2648343410581
105.02495252018163 144.60751707991543
102.21340181392195 145.92135808346936
95.57084412659894 141.67164971377537
83.51232609178741 131.95638970352636
99.91553404381959 137.09506573936295
77.9932491022861 133.93804127886267
106.25527631433147 140.78006366839247
101.96799434539712 141.4916561146548
102.52627481055328 144.84803244240828
93.28719277733269 132.34855401169844
88.78544974481346 142.30944261129832
94.52194892661475 139.21340632497888
99.85196527879287 141.8675453063653
86.22605805611141 139.49637633119258
102.25066656102693 133.30800601505217
100.878299942026 141.23065010380907
42.320316499199 151.90450710655372
94.76035068593147 147.78960888811702
95.47274208559234 152.0083931003151
100.4330245550156 147.92691624627176
80.10588190882197 127.21945677438295
76.0857840919983 146.4950609438182
70.61742728891049 138.24345113570504
105.64332902179204 142.1110064033307
84.19259317277552 140.97563208616893
85.95521231680029 137.720828724842
110.58051466400057 151.10469750598557
74.88790125057001 142.841225586426
75.93564066396098 133.7363735904482
95.92086157150227 133.19762552508658
94.9379817888073 158.86855251479884
86.17296587765557 137.08156320731382
90.7425602951373 135.6110577235859
99.52612199948074 136.96269806821192
97.17571929389369 143.68223370435584
82.07269485678064 142.58020561101475
80.68980798948546 141.5885360765012
98.82726329514927 140.02136555705366
91.62397935224676 137.65908315074836
98.49960822329464 136.55217183504035
94.59463995427407 134.07004037298492
83.35826303912381 145.83815928100574
88.93225146133553 147.29342187660475
83.51711590013409 146.29996984298964
82.51844173342496 138.40170810504824
95.4950790236743 142.01221862217093
112.95512827554664 144.67516217243838
110.05706056008718 142.99663312229413
72.98161265644984 138.2027895182463
100.77952292983056 144.1094355950484
65.90856072845868 147.28437221226787
111.30386988599409 147.82804747702474
99.70061826802504 138.53461819355383
100.0253924973309 139.70626885503813
93.44812716050268 131.3648022591957
80.73724839798162 140.9869843542756
97.91416336453219 134.67482774421106
95.15392483271748 131.42338675386685
114.71412101111889 152.5589681265569
85.43835819079602 136.56557528934513
90.7074069065803 132.24310157340892
95.01159977796559 141.18167651812288
88.1675342623761 146.67429795049347
77.3474885426237 142.61924980960316
111.72745219593975 152.1364376908038
104.60532793967256 146.5959940683252
93.87113476219572 156.35534120347197
97.51759277269595 137.05902656773236
100.44811179555077 142.6295080267582
92.62130984455966 142.84878307402883
100.75155770658003 150.67881694107533
103.86364633275092 148.9653120001458
99.6750803659936 137.7851400186264
69.1447139494866 138.81157584479234
83.63111282533345 144.30476666759822
101.8134936753476 136.15564865694208
105.11026876362534 146.86323618352827
91.03061809515206 138.35673800818728
99.80527892027925 147.73528086952456
64.72056381237422 120.01417138379895
106.46485977517771 145.45896721595918
78.24210566468082 133.46220381290277
83.39816955147869 142.7411507788245
100.96994542655379 139.5703821766801
102.83104489345972 147.55059098696086
114.54327976110054 149.88547968122572
112.74205770998044 151.6098022144802
93.62921659592158 145.06682690010055
69.43579904152804 140.89319183550995
102.39496384816417 140.76501467008742
73.56753230727789 142.65605135020377
69.10681864895123 129.87586509520892
93.38828621880495 139.97683867835187
49.57584441675264 155.98662644304335
101.00803814821808 150.5182844062386
97.19852998668742 143.07308631994283
86.22549959975474 139.39741027165343
76.35138667723359 131.85607844446685
99.2700916648516 148.50489023709088
112.64975615967658 141.0185311099166
73.61434991733346 141.98292990672675
85.70972629257754 140.01283506389657
103.32751722431232 137.00700452952154
91.11943240788777 142.51703542119583
98.8006424391458 135.8078969062271
107.02574672716862 149.5428186800883
86.55564525469931 145.35936714746933
95.28942647384997 150.10940351102616
101.96463453397928 138.06307824913785
80.99798147999519 140.6338083328595
102.58432704990902 137.29781694639266
73.4479334948481 139.32655313793768
87.00370186355752 129.24248903882506
93.88519538204864 148.9918506892098
93.25701626952332 140.86864693695685
23.75309646522759 164.06226252958243
95.4995155733101 148.40787087908706
73.47886958075165 133.8172337468672
93.79386039205382 134.0365945459742
108.51507314465071 147.35509667238142
99.21778866050772 146.5990859053341
85.65877121101124 149.027426085313
99.79170939782904 143.25159907101423
103.80174595520063 147.72000324085812
106.51725321782067 145.8758116862796
96.19447945463764 142.6141366328031
83.91242723235084 137.71035044068248
109.18357383807145 140.64831854556067
81.45783571892244 136.44012651120897
99.27688149122251 142.38929457412513
92.40471087738354 141.10312807712822
71.01644056742236 142.98526904702928
99.82720874472663 142.445064170174
106.9050633859757 150.03267852639874
96.84272362751737 141.54852051064702
109.40379231776066 149.89012238646967
69.49050515846135 143.51902188953952
68.86605359069254 140.86694020253177
79.79318082269586 144.65049100825487
77.94064061017691 137.0030322285357
90.51855553842194 138.7691394394925
89.98104847763395 146.0259282848486
102.40200380774914 150.77752426090794
111.62753833189944 143.9674240609518
92.1208752509134 147.56559873744064
87.47888916930954 143.1767534781135
65.64715216455336 131.53515367398128
90.26723675594644 139.66902596991773
92.48680161810594 152.6329434835935
92.83003973191515 133.03625055313753
104.88290787181096 139.2661876866466
94.87175798500206 147.42104913614716
102.59431534546209 143.1213567424914
105.29195958110357 143.17142715567596
102.78321613383856 147.39033032653637
91.98875991363818 138.07203724255206
115.1648741480024 147.4643194812404
100.0350945955823 142.39946245241967
85.19518507749099 143.7193029096908
101.04000152351075 141.7068430761696
97.58334853063081 139.3018585606744
91.18667095628008 133.8260895232264
100.31817218846518 146.5308584069546
98.04847170479152 139.69452408414475
101.51226987833692 142.1155949312875
100.01184118516449 146.38469464322264
92.63097720342498 137.7182690681036
111.28063499925325 147.87449144601135
87.5957797930178 133.09349179004968
87.76141035072673 151.84900726389543
93.81407655957656 136.99538022166865
92.17212318236487 142.6415842296148
59.91441063045948 142.37537542366255
80.3390699743011 136.85633244624108
92.15186658151981 140.9067181048686
79.21243739093195 145.20294034354194
85.3124983846981 146.11181705302312
93.04131082556529 143.80221130291218
99.320369048704 130.9525608110288
76.38512849464969 147.72950324979575
96.0105233754978 142.04068845869247
99.13786117896518 147.29087625818136
101.43945504901647 142.67504338917573
96.8522908148734 145.14645640525958
103.71309091912057 144.3492377251787
97.65758369508444 141.8724339124993
94.4312580593741 138.45585346038564
82.10082370245853 136.36440950225764
92.29154869319265 141.8538693771249
81.3457610289917 137.52152562741477
90.32581971856197 133.00211598102578
70.60885885828682 142.24294002574476
79.1391214494122 144.33201805791217
98.02423452498135 138.92426520081239
107.41241947154742 143.66200368940434
76.13165307033103 140.91940028785746
95.15004519967327 145.6801310236355
110.31474881974431 145.6216922093566
15.587440548342364 169.6175228879121
98.96999562975849 136.38585389173804
94.9345046455583 144.14399908406563
98.6336967813556 137.86659011248358
72.75520477149409 151.52471624181075
83.29000198609104 147.4553537223453
105.08784437411359 136.19219059233612
107.25521779857935 154.5185347321141
73.05506250090764 151.47262299267322
71.82752488008425 131.25887718361804
83.06964103051271 138.5272009035253
90.9127426319731 145.83333054534134
78.88982420303437 140.21914870524145
96.92322375793873 146.77815560017604
85.5490919000523 131.1602494836508
74.82290818229843 151.6613742648095
83.51589251499963 143.99872080695366
95.89783313458375 140.0530362421823
99.47391649583955 136.10359844868086
78.84382677606656 138.2899714821341
103.09015835989571 151.15693659443946
93.80012000439042 147.04205938870757
100.7519900992686 136.76730440204233
78.11463863533207 147.60779552005232
98.86022023409639 145.60921253848448
85.15802487996125 141.39056218857533
75.17361371358275 129.40751534679313
90.95490075988462 138.1148021871714
98.10082321140834 151.56315470330313
67.12278192102467 141.9165970572674
108.41953234112111 144.06526745276318
102.13047052296918 149.20192422045534
68.81148908677486 151.35254053228178
98.13456634837648 148.69578246215156
91.66879824487994 147.82318114081332
100.89464641155948 148.57291820874786
100.26295831262065 147.31163289810053
112.4851688676081 152.43207655385768
79.33409311250206 160.04224667169768
30.91863139668068 139.8256789395674
103.02575505718667 148.63184667826417
92.86202337530526 144.7501155843959
112.29965491339163 149.07266967343145
95.83474362917778 140.3186178672523
75.95458342705066 146.49219655465743
89.47592837762244 140.88383438626542
23.366207237145836 164.25228787411038
98.79463015721227 138.22059821684934
69.84820824123886 157.19923843157616
100.58267587732514 147.51044394908385
65.47769548910047 158.01569085365716
52.54803977687063 140.19106673396482
85.22944974571251 155.26159553560754
95.95274906009405 136.7212013120006
99.96288721460127 135.2291699599358
74.20907351206382 144.48334548256037
55.403180738793814 137.50980171091183
103.41020590508948 152.62886828965583
87.39108007363458 135.40834500532102
59.98128983774231 148.5723393986153
92.97641245336713 148.4937392240664
79.12513454362058 152.9245885429749
106.40384518139808 147.58744240086966
86.11240623689996 141.5711529392762
95.45466975771288 140.0153179590234
102.270369828924 141.41981460266152
87.0059263623091 149.09823008597127
84.62988676162392 141.3004913662267
1.985814407446666 178.09559045692728
76.78028726259237 142.99773325153092
76.93318288199139 145.45443942149788
101.76370253831688 151.9594666356057
103.68612188974207 148.39251165787806
104.9167013272688 138.0736404218216
96.21796957467372 147.75778098531552
70.41765344093508 140.4892700135838
97.91825280833245 143.92143265881023
85.9062698112099 146.33591700778948
98.95265873280721 133.9721718224592
97.78968071775901 139.07901219711954
93.11497997660192 136.4922302592556
91.02896788887409 142.72152440766436
91.3045269018983 134.2797722540966
84.40720618413869 144.32900667528853
93.74105924089756 142.66226925613935
76.12183466075419 143.02228388671594
93.96014591115564 140.50830535747653
85.21576883936243 131.98074892727112
81.16379760718246 147.70977528176485
104.31875474974888 150.02073368312264
100.78579571486104 132.0074320714023
100.2748007206862 149.85749933072853
98.33780850128068 144.6104055948755
97.81803952939822 138.6908607653055
102.48307338138214 143.5376208153686
98.03606003412334 145.50987453074737
96.98905792949897 151.65513208318058
106.22478953154706 146.29395507890118
93.09347889820302 132.51081507616394
98.5886667094931 142.97324750012132
96.8728249322078 130.90982574637206
88.82569355331047 137.87056458470963
103.8808580028433 153.66235536426052
93.67786898964653 150.3641888776982
78.49495518615845 134.00737837184204
86.19018177213746 140.33766626875266
90.87928099343473 132.78244713109328
103.66507939093829 152.18839126674592
98.63537129854825 147.0085016121344
95.18779458269422 138.74798314140781
99.06607263796923 141.89875400166278
104.49718862667811 143.61998747684214
92.16629780237955 147.33355857379254
76.87603445094437 141.3619774208361
68.1073015673516 123.3126211187602
97.96570607070214 141.41440479186454
91.44177865240745 144.0381038754088
96.37693298145525 159.4781322902912
92.27138863228959 140.11349602856083
94.26168203702717 134.38995066588555
85.43406600989258 132.08202814593724
57.74887494009611 149.26530869036927
85.90897787240198 130.8595396590272
104.69655158976641 146.08739726157512
97.14280003847931 143.97943928485103
98.89405745052225 132.72613632436943
89.99421284867978 140.03628391946265
65.70611049540969 141.75510041150443
102.86784071316796 143.37765952064154
97.24881358604925 146.26900724242543
91.47233179736388 139.8827853149175
100.26097065437565 137.41274506253265
105.19549647595858 140.50273580911718
90.47364952792284 138.30478301136253
98.73484397270956 147.8028941107817
89.54748737861674 143.3114916676416
108.23664782273976 147.83620965117353
68.71139342164885 144.43109357176775
96.09308887050099 148.5467060469568
38.909955984243815 154.84665492139462
87.69634181864714 144.9979354267283
94.44587246979346 153.43205748068524
67.10532627218343 132.07441660455626
63.21584719045677 134.54263580785945
96.75339845748776 138.9508307515925
105.30481215011135 154.2191241538001
99.00064078740935 144.21949524651725
99.88496282171546 144.36627427776625
77.41150596670835 152.6806897836425
92.59224555869557 141.13666302030256
63.41607968304992 135.13470724312984
64.65630208965025 142.81822042057044
91.80951762362072 143.01410648297207
99.56726226743852 143.2767006307253
64.31809366312774 153.7678845274842
92.92641444767955 143.8536952183439
100.07065091255936 136.48084060266953
104.12801897640243 139.62658174003198
95.24239939264454 137.59332405946407
97.78418180659868 146.65990221401321
90.48959100319699 139.90340084291773
82.15607834663541 146.65019620100946
1.6618391718454035 178.31607036914667
90.19063308495437 137.34522629375496
102.25081590550849 140.2215123814658
83.31826196130767 143.8114337626475
104.30820855001578 145.52438670375992
96.77414918757643 144.3323991374502
99.55865635396148 138.86962462396713
69.71179387942126 135.28992320799438
92.67253700910547 145.69513542441882
87.82424229383915 134.8623085322572
87.01664591564955 142.09299113397097
93.40086093444893 138.725736901338
79.20441032885826 135.1450092683123
90.61986364047166 134.92349277145073
93.25123858682777 142.1253619967519
106.12407116561953 153.39344250514003
87.82792873662845 146.1647004707948
70.85609870595938 143.37367911777
100.41990378375505 139.72018270536944
88.77520242140837 134.08627934148564
45.040152682812 144.60348964418924
101.80539321992819 143.4722902234601
98.81053714697111 144.40359783990476
106.03413427661562 146.14092172591884
68.78286865903432 134.1932300310067
72.98643755986605 139.99370797477826
98.75035219538141 143.05407048468078
98.25510362732935 145.4562739891295
107.97579044020087 146.1719860145901
99.03638020339824 135.6024245152899
17.831179964619064 167.59585272392513
109.72253959768528 151.153991294983
100.86645999830452 143.2927457573128
87.239318799531 143.41766240559406
87.5837818037788 132.2402001750013
81.81503203731285 150.85406921578473
89.27072030575964 146.82851091138284
100.33793448402642 147.43314129540246
95.38010248479935 149.8197346804208
86.87645918312225 131.22393874848663
90.43544213917794 135.12052220129056
91.43763853067303 130.55192007604597
98.90014028047882 137.69869716806744
83.38355989688665 143.1859697166179
71.55800986203603 133.5678989400403
96.32417602839695 138.06730747962925
103.78363309007148 141.83694356867503
98.38546937457647 146.34541862594472
90.4834842083183 142.64243335502636
101.87138652990474 145.71855382371828
107.35330898474064 142.81205903440724
72.0341700113014 136.79275612475652
104.24993483548492 144.02039166288014
95.1117009941378 138.51431693373559
103.04433418930401 139.2334572330772
90.25886053230114 130.42276902279727
104.47272977956199 142.78178636286253
92.08005911857222 144.8585162708478
90.42980300602446 140.63236183318472
79.74951802681261 143.46100764025164
101.94379103630237 146.08607462031404
87.32602927617286 134.84292974089726
94.40499695258909 143.32499441441618
94.20952068468873 139.6829891606341
81.61914848070406 135.43314495495073
93.98962668263233 152.8695846010142
90.87821021337032 140.9307406935237
66.59495793400613 140.65759739445275
101.76420599639816 152.01631087324967
112.47207108557834 143.86186610274285
99.52781498841362 137.17270221503387
80.00465892933477 143.02225582360856
86.40455682706825 148.89949462062782
65.83040607035734 130.13030846717177
106.25384400522047 141.97901989530237
100.0972839442871 134.48812933936074
61.519652130441074 153.219179296031
89.89065924463894 141.9940482074548
66.42759457618094 134.17942481485701
106.5502170967794 145.29407025350687
99.59889010630212 141.49887019706355
95.07722909977211 139.5501896269044
87.06162224517652 145.08234861567564
78.82243795427665 136.10180227800626
87.28563154682453 133.4110369750946
94.5483382646445 138.31246692979045
98.76496405526618 144.92587762085049
104.66485928579279 144.67321892956286
91.56216479129525 134.09167449877265
88.36101914125737 138.45622506231948
90.67995816222204 152.3076150296835
99.00840594788176 144.31572781897304
109.95323291200873 147.76448946124617
66.1863643925478 132.54484455589025
91.47336003530152 151.65691698693354
85.42139934781629 147.65424089788485
100.73618191725572 145.07820510997462
95.67973681562101 144.61486620803882
85.24606630003734 143.28418876051802
96.9579457215113 133.4216706260989
100.25441603084846 148.78933864845652
92.81155824002815 140.1873989301196
82.06929234325277 155.2927239630259
92.62099535521058 135.084678888295
91.40015269946342 141.7100821613714
90.9153928663694 134.35218266428436
99.94720119466291 147.28799984853117
100.56996242950353 138.5576730779691
96.43049321482393 150.0061986164797
44.23297325583301 159.82929310534644
107.66978336991109 140.59925307537006
110.40313206669875 147.21957602473765
101.0144334376586 146.56805254959772
106.17621642364445 150.39716097554623
85.99708518887242 134.79912325823094
97.04817620235369 137.15654706755495
94.96186646381678 139.2527017440116
103.59888992171693 143.3419806952529
87.85690912362892 145.4753063903144
98.48102155722043 141.94901277912714
102.66761916730222 139.45879355285726
71.48645356023721 149.71963163384535
73.16761016270453 133.2297746696471
79.45386049990039 135.86716628127155
16.769505786623 167.2098207339802
104.46117708559908 150.27466965344442
101.75081379287775 148.18088402194178
84.14910001883527 141.9039079260166
79.274970993627 144.72463285058078
109.6874894613357 146.15760930235956
91.50141764074222 139.27434061560155
95.95143271835651 141.97664038735937
100.71761821102959 143.77668467075037
90.37868351369157 130.76947697536963
94.06060650069097 147.22351281607894
103.41109832940674 147.36785168698574
96.15645478458656 142.32834096244042
77.3511787393829 135.56533377009123
89.05164306225558 136.26403087481566
93.51275994316335 142.63388791740053
84.72204432922365 141.21470489158844
88.92446146723424 137.94256549280502
85.66550288829339 139.44204166987538
76.89674495830354 127.41221447601862
102.88914542125455 149.8788902492909
77.55386896915051 145.45533889944875
78.48168529307745 153.6886928517866
107.73675590822315 140.65757788012777
101.48422793087197 138.00311207406048
81.95544700957923 145.63442012185533
94.64360683705803 151.08372012578812
85.09065887543196 137.22640385312488
91.74297937515405 136.34219841117488
83.09614836709413 146.29410947302574
95.7306037112869 148.09395419393334
102.43737948889846 145.53684125070396
82.25130066718624 148.65568541969768
104.0272113819735 146.25380231996743
106.32942435890612 149.04992719210406
77.9344799597042 143.58568215254326
113.78221202892604 151.8672313330055
99.9301563941518 137.95570049905058
101.11591415869817 142.6375639349602
105.30111091343741 149.1976963939931
71.52455964641027 138.6967364391112
65.55880619887358 141.62151474099676
104.27725792296506 145.64254032829422
79.58729865279416 139.80914990555797
98.20043071037391 136.66413442316014
88.85341721313534 153.7180726162158
93.66824645068348 142.53393654887716
78.5429304095722 142.11819508125927
99.2388323423518 133.9996798855773
96.28713580616885 143.80670529946573
88.47987566558102 140.2085461202513
112.63694010634637 151.6431718663565
85.44119104637888 133.53642427618308
99.11556453634203 145.65706374335346
74.51282018302719 149.75648922314957
93.64224315846187 143.23466724574524
86.87797109283859 140.1791109100244
71.76041279170796 135.01369931628676
114.50037249128471 151.64715895797895
90.16084081657485 144.4129639341606
92.95799271802656 138.50547162005037
107.58783183886715 138.43352986278504
93.06663999250084 142.63411181788413
77.4554242464787 139.18285211206978
27.430202732394832 158.99024711842674
93.84656936927686 142.56213308680375
105.17404035075785 145.26607113816343
94.68634861241395 140.65271811597
79.7357986033064 136.36054986063488
99.26166338396982 141.58979967902135
104.92168966031127 144.79684583294292
97.57469243230594 146.22606906489793
36.67271244934997 164.08898483811242
95.45712143910528 140.0815380510893
89.11205995872038 147.04933888757276
91.37542103683403 147.66501778543406
112.24016770477806 147.2206026672077
76.81475695595276 140.9913058699202
93.60365339846243 142.334509482028
87.23563264091136 145.00560557074064
92.7140020439557 140.1250551992059
82.32563116941341 148.99777029251885
95.49513141814236 149.8503246339387
83.82563595162206 135.1051894011643
81.00306165233374 145.36259164905118
103.46597242488433 142.34395871726906
100.88103318704437 139.9968397952543
61.22740759487279 142.07040809393777
102.08658824357244 136.32688264962596
88.27805153426159 130.98325416025955
96.55318125253976 139.1085279290423
104.58521901946281 145.7296140302344
109.56464351539603 152.73492337352874
97.4411524599847 140.65636739472615
92.37262563219578 149.46009670867608
64.06215483967912 152.0260176969372
98.30897841062836 145.00177836298124
77.42691693692034 145.96957822221557
85.30977113550611 136.84010607061074
94.29197470611149 151.73683446152987
88.92180118808484 135.66396787873677
103.24489125388212 146.08895940196882
103.26195362394142 145.12103893351372
91.12665424272572 144.09237348779428
95.5831289867158 143.0436227590333
89.81418301142052 131.9188876777246
66.43291629205592 141.85616247831905
101.64448272028633 152.18935353673857
112.6549833744803 145.84581441000626
109.8057915501831 145.9707765909303
64.55839333621546 131.63691875135075
86.17921971427913 132.2714696699133
76.18957591942278 142.62837896903417
98.88156148213753 138.76639618170216
95.9358065063904 145.73302068721068
93.05421335370232 129.15896976103826
65.61429064657598 124.97332660821995
89.3385458009624 145.5201220632326
91.7686448893169 133.33002347039712
102.00830910064194 142.41968639532348
80.12848642819311 153.03048503156083
88.10741215143176 137.76303335413277
83.77398232942878 125.34390596689975
95.82167162881282 145.3495602729946
101.12555293393832 144.02464272281497
104.69053841702272 147.99928167936068
71.24495521989446 149.71172709754072
96.94310395820648 141.72093225400582
105.7790166064063 143.77190377953943
69.35439273502179 147.63803157563046
97.14379194543929 145.30960240210177
71.77285237498258 142.22788373872336
84.3382762428774 139.71436463965154
94.34419120352734 148.38301991842775
86.95029522571288 130.1744607227704
37.703334474097446 150.88785771493502
105.93981447648908 146.49968772516465
93.22261473195225 137.5660610086445
88.02439325970634 134.6583034007071
92.86928826607921 140.89617716596385
76.79840383612337 143.73739025308384
91.25295076156462 140.54148121962024
85.83776284956649 149.78623421778806
76.96521856574927 145.914320743694
95.77124610281399 130.18925312844848
107.1670711437515 139.0307475852368
93.52985653583612 134.8309023151199
84.29888196376636 145.99771604718117
66.48559450562611 136.19732904647654
92.16934262157906 149.44523742297946
103.73953972675042 144.87507023646407
91.28843637153398 143.29323486923727
77.71625005821726 154.1818000272703
96.41130385588085 147.20046450801306
87.09344500969034 125.3153313473511
91.81728160749088 144.39381147514774
78.24272545061712 144.90725715229092
98.27281225355425 146.35555916373158
67.21625106927556 145.07559321547174
107.30862614355141 149.51031991947522
104.4563932851451 144.92687270462892
106.81270045483501 144.52470831026685
86.67440618655878 131.02113070178729
100.87161536408469 137.35947879756478
58.79451482080129 149.2070360245136
68.91452107266535 151.9376549507583
91.57384781021605 146.81047005907374
95.23973852562987 133.31432073581698
97.45402243632581 154.21883873995662
89.55118513395861 141.52298779101807
98.35204892662757 143.94744486594078
104.61778301104214 156.03132729891118
74.32128253754439 135.547407936343
92.101999933349 145.06940380708863
90.11169037523737 135.20828811491822
94.35179401533384 140.2657757515445
86.08980574461839 134.8735559163064
77.48874113972792 146.27667967657678
96.89536079391851 127.47564084189702
104.00485665251868 143.8416118025175
83.31145816235828 151.2210965465811
98.80572330385002 145.66504857637284
90.23492878169986 141.81050826714926
102.4647901865546 145.6844657850567
99.0581703808571 140.61877592378474
96.1182266032877 135.15918502671497
105.70150836668498 148.52458127486307
99.2401530627695 146.95975177798178
85.53948647620459 147.32222829143743
106.24736219169804 151.7190708571307
90.67121291783447 138.6589998233923
83.60522289631325 138.45949407052035
109.46929869859055 144.9193389544048
68.1545695023501 143.0217497220735
107.30105322281604 146.56174521558583
86.06653337489925 129.51000854319932
107.93844626074922 148.66448986634563
105.23021977289595 143.12562311628085
91.2314054503782 138.54384160076395
92.02907232338579 145.54669003330224
100.96858103430917 133.4434234989973
105.68130058244331 147.42184324037555
113.49494017827026 154.32359963898404
76.98927930350564 140.44572238194277
97.3597428621443 139.04979688793964
94.43860325943446 137.18599920501168
96.67171320367856 148.46386573806123
113.62398796029325 151.34673448223919
97.65846857452723 140.4161550617706
96.248527875437 140.53384389018944
97.1827969002577 149.2517746140425
103.0388202281837 142.54400790340327
102.48384190707219 140.91215759680858
92.58947880686867 138.24867210716488
98.08760950858473 142.5236620576994
95.86627139956721 139.46607745152255
106.80172505785805 146.23906816935425
94.85188429877985 150.6541897229359
92.3911415977412 140.98939951470751
93.20340159648188 146.63243250180395
88.57368462171941 134.37813471349887
80.43454223728864 143.7469047700709
89.33295071413315 139.57373063600392
96.77048324503572 137.41488036998416
94.91289711544255 145.12513246390708
91.9092059328681 133.50172361441585
92.32235291016875 146.8059590888353
104.21533589675549 146.57334928872802
87.21367393057072 142.7820339449095
76.80217212415572 137.9663034545647
101.09649083612858 141.23979087936343
102.45280538931354 143.49133506672732
94.59252593481713 136.82987279581639
101.09489665479494 145.30544820234672
54.187719943211896 146.46284621296334
106.3827867216175 145.6290771640465
98.3273844132837 139.09519407062962
107.37296283231187 137.40416144624092
94.21798156935488 142.7249138849082
106.99728315749998 150.28523716791352
96.70843477789559 139.7485021838116
81.19969862654145 146.71819782947682
98.86983715089879 142.924469795226
101.0008508468623 139.48105073302855
67.55517041030416 157.5632365205711
111.0074060714037 146.4211762169884
103.4468593390997 136.87680022108793
56.587538719813544 144.72029993576697
114.7634309503037 143.50500362055843
102.5760357615573 144.0044843467039
79.47057555057127 141.48138415223858
97.42335824942876 139.96509290852302
79.05770641215724 142.99213216330693
95.95861333373963 138.90183033695362
94.61992494037769 142.2326570251611
35.14950249971795 154.02727724424537
13.576753131444445 171.61271471461814
58.01782798837169 144.33517879210416
74.81977862339568 143.6100461313021
99.17213156004621 142.2191468593247
57.675964347737214 151.5681584434697
75.49031632504277 144.33884856631582
98.66971325042026 142.58018297104243
88.70773855340053 141.15899365940774
106.72397614362858 146.99459150224288
82.8124407702326 150.11669981864998
87.00887787449264 139.81006687801212
97.65160984586282 147.4680198835547
93.08106630779628 144.46399449849892
65.78445036529384 129.5767080065042
94.66039968313765 147.6721443045614
100.08804368719693 142.98230072204052
81.10880702339716 133.26552117120227
99.86136551300838 140.59435357293006
78.73702574123907 131.5480822943826
103.08781139396403 140.5375284466762
104.97183327553286 146.85210835353408
105.63556263879818 148.5412269677928
88.10992191357347 142.4242990913098
97.67766390045581 142.6840114286613
99.10739428929146 149.59378418851185
101.25318900191904 138.08164863631242
99.72059907830267 140.52803820920613
100.90269478781785 144.17121075509226
98.26184191477884 143.46122777990092
79.02669174640758 142.86601748740588
79.22485742875831 132.50057990874726
57.3359471094362 145.9743294365853
105.47541668971365 147.35535818827358
106.76429478396776 145.54700573012335
15.740430213400492 170.62319006077908
62.30877662900479 164.45211035458354
87.53533737423827 143.29505360768425
111.20196900365217 149.89363032241454
106.45276068172545 143.78610682542762
105.45775618533065 151.9927472474325
98.51833590674391 140.08512253760736
67.03928307142094 145.13519713696792
98.18457681159117 147.206110519237
93.202399164736 143.05241955709002
82.78768887410467 140.2581171755041
97.50850652624709 132.36645465832126
86.09418629257745 147.49760556858476
67.98605352651154 138.2328120769388
88.95471374450251 140.9720221169207
84.39145599827522 148.16286269924353
90.50560390155114 135.237517803253
88.48107350141831 135.59542944750052
91.22033870056036 137.6588019795343
95.46935469241073 145.48931773534912
94.83681995073748 134.74141538445912
82.74305712706128 141.75579410612931
71.74959178839106 143.0372207724656
77.2349848717852 141.93550723198956
103.27726963566231 148.52281916939597
96.90291675623993 135.46093321545854
95.8502183308195 146.71769998823504
98.97491439238222 147.94284216372543
3.4345838373876907 176.75764256386634
113.35662763042002 144.37951504461572
92.22084274784645 135.27480089121556
109.47870063264403 142.9362820099429
99.18193266084145 143.07870059788672
81.62280312147068 140.34722860042513
98.66746979094204 134.86688446222038
103.7125098987536 137.4096254007512
110.29411463113578 149.26795491502367
107.15381779185283 148.7583612802677
75.11009469589236 137.27938633132635
90.481114129044 144.35479306888485
90.16841520762978 144.61191002340885
92.49104138511339 144.22875214553906
99.73017365995767 144.23927739651893
89.78451659710711 140.53926674788306
99.33065101488778 137.9951396366202
71.76546083291761 144.92527859036917
92.24296776528777 135.15179034324612
86.83037433468071 141.51490564843834
99.25547955596686 138.38165420638856
111.35281404782641 144.93457599980877
103.82468924331634 142.00447179274522
101.337159392149 144.63558765381003
83.6084759337045 134.8385132041304
110.38158381717501 145.67441761118627
74.13435204031059 137.225883384646
107.14092807229453 153.03210183127985
100.29641008674673 149.75983709240066
92.00966591380949 130.86004173763564
106.06113094588154 149.829735486409
91.52999500482072 134.92824202560374
99.83856211045243 145.55360233076516
91.45946055719014 149.92916688615017
83.25742166388466 129.798414205625
113.8568022222647 149.38201982694335
81.57880782980835 128.4364913400314
100.38637515653322 146.50994911734952
99.93987060864009 144.86645485216573
100.91789320203017 140.29359396843932
74.46854911154631 148.0712436081875
101.0640340589164 138.49884635694693
91.5434123568151 144.86735722050324
104.65762945236655 139.97798693234768
87.92315448409867 139.29631746725107
94.24390342028941 144.88555471020211
107.5040283779054 146.4240728113203
95.38009223458074 137.37624501114078
92.39936520727217 147.03619484623943
100.16632754628716 146.4660389092122
105.94378891042791 140.41876194111273
96.5554127815118 136.8221213122546
94.5287330412248 147.54098562223058
81.9674088882491 147.86808496728756
56.168354777054226 147.61873007825946
94.59549631623875 141.84621740430896
80.52294737686138 140.07118405164258
92.12124016018575 144.9936310245346
90.4913658413468 146.1953312642975
84.15375435494497 146.87933848785107
89.00917384550814 135.4783674073696
93.56889004608016 145.6450931452244
94.13761820167336 140.97269520466358
98.39488698637204 157.3118336655102
71.03930682717252 147.7799589290263
90.16851622579976 143.93623624879675
104.86386622748635 138.64466013505708
87.26144186035623 141.26115152890452
71.80201489512643 126.49712582813494
85.08434972638054 135.2023007681194
88.62242219665379 145.07645797710134
82.29654389914316 136.4650734205875
96.69902254918199 138.52114430121577
90.63516936556086 137.60254194119517
33.97366195506854 162.47095749812073
113.06782576143625 146.45054262747357
92.96740009768834 133.3978674303479
97.69149953952586 140.1397165687264
101.79993626245655 147.7302269517217
99.15685416877093 141.17708304303756
67.07692419717587 128.5511166821663
100.68982245648517 139.10243579276383
102.1959622998933 149.3094995683955
93.74674999271215 139.07713406387313
102.09351923125658 150.40189757908033
102.61732302984556 143.2614308245761
90.93726900929876 157.38464397725596
96.48103031641115 143.1861082288959
84.82764823018822 139.99926366559254
103.34946599156396 140.75522860381096
84.33507193777324 155.11443877871363
93.32080114568109 140.95613443124924
107.87845272087903 148.9923070573752
106.58679336340239 144.25270371882624
83.37032014514037 141.99654462046922
86.63784387665385 138.0887289503386
107.93939534488564 140.43823994238298
87.96129332901823 147.17811750076012
85.1011477953421 132.56555628841318
100.77050170478711 139.21751142792428
87.02380764942194 149.57680417217966
81.16225196324491 142.41866781363439
74.65313774842024 140.24935098558592
90.77344572992601 145.27370162173105
90.41283813711941 143.63236315727326
51.47142868938279 149.39208787864493
73.05922476540762 151.28133209140418
106.2049118633428 140.31698443188677
106.61684077359192 151.13823901731988
93.11999860109506 147.267900544882
96.88558116512608 150.4294538333858
94.50682445260976 135.9327481478326
86.33055829963374 135.69415018422248
108.81899312069967 139.98526510665044
100.59605321581758 139.38769392305431
107.52892852114046 138.74725136694616
88.91730510279794 137.16257051672787
88.98611578965351 135.73915415649344
106.15695975461405 139.8541620010443
106.19803601545091 151.61312429716887
106.76801917159602 151.38642369948028
90.39565782395776 147.41620726332593
81.21579293071339 137.70242921788406
103.44768192782428 151.2479421954053
87.086651662636 140.97787320241451
92.14859041527438 145.81452885940487
88.19070469004077 149.46551047195857
88.1818333890618 144.0796917506606
112.1100302868892 153.207045937804
78.76202723925958 144.1636440390451
87.24375715611579 140.1252913521941
78.71180250837776 131.21950530664103
83.02186426962167 139.4000719554257
95.57059997866065 146.71083467868112
104.078112342944 147.7366358205622
95.87620464784875 140.03510410590079
82.74518419445646 146.5523776573937
106.2959095759993 148.14537050213647
82.38266782507527 138.18919695663286
106.16867650763537 146.04528503983437
85.62798214143207 142.48975829290035
112.204490770538 141.02864032994947
70.07562933740759 165.37365471966913
111.07477579056491 143.00572239043365
92.096182801565 133.72387318618158
79.16594602972117 150.5762723254529
91.44536874888655 138.0415982295233
79.37476758177154 145.8229186142321
112.78532917507818 147.56570950003464
88.31129970903783 143.96371921739373
86.37559154271338 146.01226221819613
78.1092912929077 139.12252737536818
111.13210179459874 149.5397870337807
91.80089622419499 132.2330236982693
94.14854488302178 135.10762345093647
106.47249778241219 146.1527090447913
101.23063408605637 144.53930546009772
91.60599324065473 143.46869018478998
97.68285133187514 135.51068924244382
89.35680676020232 142.99282675735256
27.852218076994685 167.38930839183902
103.06920785031177 143.69907646771648
72.2021457024255 137.28405872464734
107.63416770117276 150.08608755095509
99.65653109093232 147.99091190486553
91.76147859726892 145.11549339915004
93.3572077595836 132.0720753534261
82.64544592529272 136.59321357409593
104.74040929030247 152.50086785087103
104.10014124856977 144.9408874015308
93.52818712887441 132.5582844907211
90.59210861039017 139.59109492741663
88.72996040817411 142.3220351329951
99.646133033356 140.29598987079763
94.95844923075951 153.98069529847854
97.63052696903357 137.0658343721573
105.73048954733235 142.9950236037244
104.04168632120889 150.1075541078425
91.92183914441075 138.91259473522246
93.61213918271768 134.53585026337956
90.68252084566613 135.64216399001418
96.89798631014979 140.9493538405547
96.30109417128668 141.2816607768998
41.993860521894185 155.07758977135506
91.08005288921215 144.57479696840983
102.12482906046596 138.08119813905495
22.547636712167307 164.81631170255687
90.88584525330113 136.0113825517813
108.14634912841541 138.94908097478992
75.76835372335016 133.78604353429648
77.90621406593421 145.90921971656994
97.8669874470046 140.4449014520763
95.27044906101887 134.88704468801885
101.17927448409024 145.0572026805399
96.97721179613362 147.03095083192335
92.81612702261548 137.12683298012968
88.9841040807276 128.14713920518193
82.00501352596001 140.40682007754805
89.14569557588925 148.0756751992885
93.22380466201827 143.94711664670268
84.27485833991949 140.40189057005753
106.27882859600363 146.7144745173057
88.74360065035215 144.03215433834654
99.83112397837118 146.23644780272895
94.15387353070808 141.6736984000577
105.68720049428218 149.10384958453503
61.426442821788115 143.74640043820474
67.68940880826419 149.4748193313731
97.28942367773548 146.17953305249898
10.37627217338729 172.20668387102947
57.10789694733853 141.38613503254743
51.83759187376992 152.03217861567475
101.13818613345187 146.85586409656563
100.22257650426822 150.45428887813853
91.00609504053593 148.62597288368275
104.64164628802304 137.11266150972727
88.65184689918256 134.40857004908088
101.78525165655539 137.29360766222104
68.04854518456764 140.1716715508025
101.13462004234603 152.02647549345943
103.29144419324525 148.07355218663804
109.75927701923071 148.56642072233726
61.68813008256192 138.81342206225943
97.47290766195171 144.17768977961506
113.41351339856314 142.64333235635777
104.41661880387642 144.14643152480988
89.37352135227609 144.30186406629693
103.65081026775789 141.90139467321288
79.92084691890369 143.0239455826911
102.67790376786284 149.40084193635013
84.49074098323379 151.37187848103773
81.07821745363509 134.39901548061863
117.91455521963003 144.7130501375621
85.05350891446625 140.54223294584366
76.17612065842745 142.86069388969904
91.03733220688167 134.53914514406878
87.39949320541464 129.7718144438337
85.888957450603 138.44252453910522
80.77427607365588 136.1883357888214
116.12459476869716 150.1961198937341
101.20219242053633 140.05420023871983
88.72168781058235 134.34257629030134
68.247376778367 145.09804490590648
85.15641636938089 134.09885254282068
79.66076452996111 146.14447064780194
97.71539295133559 143.35569340354274
55.06504546905715 157.30330467153883
96.05958917703232 133.80907652311262
27.402285679884475 163.18882098881338
92.29958971516176 145.04401593030354
92.82684073129751 145.9588437032692
100.79089327112996 148.7583801675055
100.12426802943426 139.27736030606624
62.63583502420938 147.0981928487914
99.38419096526991 146.0443736142432
82.62049331717252 138.85611655972585
100.22660166165724 151.2939629010399
79.06986402704155 147.0168483765473
98.17316189106064 145.14598063194518
94.6082888940105 142.23951141224853
99.865300246566 146.60872132128395
93.02009161022224 139.46037176553625
87.73205669533355 135.6190573513615
91.69029841061756 136.14570801671695
98.64735433555701 142.48181131218757
115.10809271804229 153.88155030750974
91.12702797041355 137.9927720329994
94.503858534469 139.59179623712262
91.26060431743245 141.44440629616398
78.25181009666947 137.27743704499807
81.1615314162784 146.461178074998
95.0946104961618 139.44311486524194
85.28493908297156 136.3055085955948
99.88422061011119 140.7783951038348
91.7481635272136 142.37354327333543
71.58064437990797 140.00842989857583
99.69562986031724 135.4430727302774
98.91471416485376 139.44251446220315
108.16984067420067 142.78602842460515
111.08217089898677 147.83499773782935
101.82329105949987 145.8766382094043
105.37451535548736 146.73923941520326
102.05494177581019 143.96851321610276
100.63750254810549 144.98890479192517
90.19674513365405 133.52329888950493
116.60466154152384 154.772027779443
81.91203699333471 146.37320629262356
88.30461535157797 133.11322443879638
86.74272981394239 144.59675840250864
47.715942143257564 151.49538450744123
103.23064759346838 149.82826314076942
51.123865101791914 152.79581955676662
99.37487408913204 142.5880614444848
110.73656110146779 146.4895942874219
93.47158094322847 131.74709305314084
105.5698395856767 146.42872421372738
88.2531633414914 143.38114171394471
80.91181794788241 148.19768518395404
78.30205506513774 135.62878273180863
48.36271665062923 146.7557461095589
103.29326210824685 143.10563350654
102.11423088665238 147.4408497093177
85.61344763827253 136.96563868256533
99.30580692630143 146.60145330084126
90.90343205927336 137.50513229866348
101.3622285594177 145.95933003236786
86.4978904612274 136.6257656113189
96.74133262699095 140.49090144088254
87.25213964655303 129.36670131305107
78.69475075624152 136.8202742656444
96.08233089645681 140.0294218162751
105.09653435756158 143.14625551667456
83.01753564080543 135.51438494735524
95.27485396426974 134.50860728754304
81.26700514115548 151.70252660071407
93.51284596826753 139.31240050949603
87.3424280925406 138.23056379400197
94.59295179071059 133.81185586890464
80.85999682176967 145.03583324910696
91.87804562549782 145.24641737624
82.48399618948562 140.06938358565282
73.6751573898318 144.01175779069618
8.126755932086205 173.5029564547447
91.85611540070644 142.4449680407233
111.83008182342455 152.968019407799
113.06456306709377 152.89689812039188
116.22176465033453 152.05907180101744
85.30505199162333 142.9299461493557
73.8816472481476 147.87360841507316
97.9570893614092 136.520637605534
84.79132430161603 133.13634121013325
107.16109443999518 148.1543580777154
98.83696898980187 139.83467491975114
81.27052818982368 131.0718988868556
98.63840062327091 137.50375173049932
88.99267998083023 134.87106120743098
62.93395911929862 138.8645450718156
100.3814633625057 142.6269870516285
97.92349962999967 137.42949503390767
98.61109246502484 137.9245661220498
74.85465402587593 138.3382474616942
100.8647063144347 132.54037089379548
94.27082825507199 144.00612569853797
116.9774694784916 151.2656709048774
106.7163222656158 138.28359407765734
95.04834607913425 143.05723317262084
108.28461970585226 146.3801078361774
94.83881276108941 142.40390950973915
95.09813923181821 139.08640410684356
99.03337419735195 141.70002197126558
99.92526299170915 135.44232333993764
88.22887905752613 144.07170915478818
89.85043339868362 140.17205030907664
93.28354208208783 140.45193055521636
83.59007069527827 153.49871692900967
100.73081822923511 154.4621514487125
91.7918688590766 133.82659175596004
87.53326981135352 136.91076748763987
69.76443809955468 126.6298666484475
88.86989073745852 142.3038427328841
104.53236019979917 140.47726177604176
100.78225931038605 139.53115139808943
