105.0729360445732 124.18353460363883
116.98403853194078 129.10508802693678
116.03209631687918 127.23550070235282
96.46264811668844 132.30067372854336
105.59892641797096 121.96309849724958
118.46917017144837 134.14528909616493
108.79389367107038 124.03098540966472
115.22161120395329 129.6085589205906
73.32922721014546 128.3672038557098
75.33688349855525 110.30327593921785
113.96643588104902 135.49215861017777
116.67459934202495 132.23468396391064
109.25296701294249 123.48374110861184
115.47770753467898 127.4774141636966
124.24944478491469 135.77699232806563
110.94530823889343 124.69485074702347
108.61025722062662 122.86127252591722
114.48772600745143 127.75807779136876
114.27574239971311 128.28793761870742
115.83894949058418 128.93840688176184
115.54334044084514 128.66866475943004
112.14581301272864 130.4235026782864
103.24198531575517 120.88777093218613
121.2062361392356 135.72511549619855
101.10378143746217 122.992113216651
115.32710093180485 130.56126572436426
126.14808602176558 138.83533201173088
103.34311122599433 131.603481840128
116.91299440002568 128.66773433845717
115.68628749291904 130.6695490909436
116.01689872459967 130.27280369060276
106.66788755588274 126.46815308167234
119.6145377803099 131.3109279895394
110.82001460513476 127.75459803956147
100.05567451515472 120.7211893901413
97.31719799116031 112.64654931650726
109.3834941236532 129.97572687518607
107.87246920485593 124.44677542870441
99.42209039269254 119.103964010581
102.11235255966297 125.00735310287695
107.00721304220795 123.86559547685908
102.18410308688895 118.17322851217176
113.25780882409725 127.5145123163979
112.76744761446263 130.94928564595193
120.23989974103574 134.14064154975807
106.71635532188806 124.84418943002093
114.69450735480581 128.3065900021117
114.35270564090298 130.70707545107254
116.22174046649344 130.1682088220298
106.41751333157461 126.87019778266071
104.36296230876863 120.45589321337096
110.03959115490447 124.53003846810425
119.94884312181402 132.30760697312294
111.43047809164587 127.93355255224071
113.93426961084283 129.212882626097
106.3702605508647 117.66872869311189
112.12349101870582 125.69402996209784
116.47705512216781 131.23694294364776
111.50321142234147 126.71969590685252
111.36525718390673 123.617734583447
128.22175336606927 146.84204380340316
108.9442535230993 125.23727170388521
106.7054484160799 122.53441696113616
111.83845956241214 127.87498983494562
111.8323049342394 128.96162459536052
112.00787986433059 125.69125799404794
100.8146009286293 112.9961215404597
111.02010417164051 124.6953235815927
102.47088800823163 123.09029308881813
91.34954662868559 122.8165986520149
116.50775456640021 128.85307844860185
98.17800794455954 115.07172445927318
103.531715917946 120.81394253274844
108.99648708328408 124.02985875527209
108.92476464300124 128.02614358165746
122.89509597964489 134.47555074799175
103.70043136714233 117.97989080263513
111.25462923860776 130.83892511510928
112.95636107022027 128.32547461179706
107.03233326908433 125.42078486775341
106.19334469315844 121.45217398905078
110.50135965973931 129.19126730407064
122.83091328193034 133.58666055452676
106.56011232006621 125.03637956853817
112.67885509516188 134.18763172620214
113.4838662669907 134.0280410225385
80.4066627868161 110.30428422494063
117.50507903718147 128.65868320783494
114.55204289222628 128.85832489609177
103.26766926450196 117.40185710247708
116.17015641053689 129.40094145309257
115.09230540115766 126.44729484223878
118.68166892981316 132.82423249553509
123.26584618810912 135.1253825523428
80.73349486007058 126.96975533194158
100.53113937973814 118.31952538490076
62.98136457242282 88.48852390969124
98.30890859789044 116.34168566190402
111.89951844522325 128.58221876003435
115.44131348572888 127.03182586534547
119.33254900281271 137.2750297147008
126.04624025504128 137.58094588559393
109.46053745321868 126.77068597756968
86.08510432442627 117.20612876574042
115.4234167771515 130.560895812733
114.11903761522193 131.9549613074291
105.8082263216678 120.76446283126448
118.40214815993407 132.12362985514434
115.2100570564437 127.8364420587535
112.93854799251451 123.7180678473735
110.72258132435626 123.85646929902317
107.80396354534771 124.00886885194818
112.77788577135979 125.82545851623473
116.69661658969775 131.36117126956026
116.37828517334648 137.13531921836778
108.85112034694575 120.79371318321289
108.85726797791894 123.6927103951212
109.53564364719037 126.7055661576645
107.44668864815345 126.02196944642624
116.53193624382698 130.45039139975054
121.3519683248772 134.17838399517413
113.19823964804993 126.19335680945755
111.07107994170227 134.22433170215962
110.53581579824427 127.28510314191952
111.71154912179877 128.69913674765814
112.58875190941498 123.51027143435994
114.29021916257254 130.90462311590417
127.58748975550262 142.92735043080137
97.72782125462089 120.08237853453466
98.0591066581659 118.83117855131727
122.16820374693691 138.69445934706002
108.52620875583199 130.9239625725292
102.86963971718855 128.88059206165272
124.49544222344265 136.55636676188027
120.95643465391507 137.24224411592712
101.01555500011581 121.47367106697385
113.10008331208776 126.10087577051783
115.97023941279535 128.5512580863983
119.33192519562957 132.10401332756464
108.2682864473082 120.62886329322646
107.55523197140397 117.79814244047053
108.88051183641001 126.16758726612896
112.2600893199459 125.78878241749368
115.01264379919976 129.57451163519477
104.49587862996982 124.27787326290508
109.08153009760815 123.1743288057074
116.57494001125933 129.50626396681906
106.9261810238414 125.30741798096203
103.86709156014945 115.92134566932633
115.1271782984203 128.72973538430563
96.22420972106136 115.69547595269182
107.7851895498983 124.18854902131109
110.04980005473867 125.86493385070926
109.48615348201773 127.18374397361389
118.92762968178944 131.33607727938804
113.85767681986356 127.93329704454763
114.7816341957646 130.6633417354922
109.8445259973938 136.22088248161165
92.58865601137597 113.65209955154155
111.91484905657039 126.10390543082231
106.83405601431126 122.97223390354854
103.76476817478037 122.89405515458552
125.24576947271784 135.74856846069738
123.84309401993028 136.97909303010115
120.06981909717601 139.03051075854574
114.83800756326032 130.04540687369004
120.69263923332157 138.33880715604644
106.07663002490453 122.65922231661605
97.97086146957234 118.18343006362468
119.64229290571139 133.34400513599135
89.75315962011767 115.37852067765763
116.135971735398 129.680936883707
127.4635465177232 143.07602228888348
125.65762708765565 139.6907396362167
107.4035562392654 120.99437846143326
118.03485048902206 131.71173412540728
109.22050562753867 122.76682752087272
117.7259117418798 131.80926725870532
112.4660190366507 124.02710587181436
107.24148890452128 125.54411976048848
111.85619859277116 126.7524686400339
100.63278749531486 117.52439739695453
107.89591041297244 120.1371683488493
119.74076530689022 131.35138957302237
125.02325727520794 139.63053336857067
112.4641360977016 126.2640551045537
115.706129961187 131.2043116547473
112.86687307394574 129.00859921088804
120.23998838665159 134.41286606650363
111.11876278945398 126.23372048474339
112.86371989454274 130.07702819138706
100.82105550535901 115.6986453122187
117.00986175930058 130.16881711960414
97.98606534270473 123.67947060168444
111.90386949132392 126.30702312765219
110.57892696187517 127.7681825119816
114.08432970698435 125.75165682682447
99.83484342290362 115.4195465486739
117.55791239280242 130.96090260356237
125.03888993483348 136.92551194203227
117.32158857746954 129.6877127215565
98.45875770586277 116.4660797717981
117.79760360357092 136.26352306611503
115.11159283182573 129.6410311047719
116.45868635303977 128.60825843286898
106.06859902747475 124.14698203736748
97.31051771348547 117.44433800285123
110.54834629847467 126.78411458078047
107.65370149014049 121.39871340708886
91.56661759388253 114.08987608996914
109.09611487942487 125.44623948410373
106.9586131833294 120.09326369761921
99.09320485268476 129.03096125096843
97.23532749671509 128.7864053637434
109.38723673922567 123.04891884935566
121.70422789201746 134.6010769587014
119.201679892426 130.4407801623461
111.5785713839155 124.02704666881853
128.86781550154015 144.5975737524478
100.0148011956053 115.15060232216699
114.3270103565391 133.48678314202155
115.8089473113122 134.98049793012183
127.09302946516948 138.6355787889812
106.10656376910798 121.10874727732478
108.32923554896473 124.18970545064194
102.8481318461177 118.08840968982193
117.60553666908048 128.99328919166138
106.52389936526413 139.09678207803915
114.02549118303088 127.03328579996331
110.99551596852055 128.92375773953142
120.67929438819411 142.36389710667694
115.44273977699655 130.48388235295297
108.93025101394838 127.79802305026308
113.18256607296075 128.27345459599013
103.6997640377372 118.53837460830728
115.12734823727051 128.50589529520747
97.28945107546728 112.68718311014494
107.21481987060412 122.20606167966571
111.97020933213327 127.65588568660989
112.04307807665316 124.19117990412097
111.8111208112266 126.09071550762309
104.30328332482583 120.93538391766748
114.52919628570564 130.69371440566454
110.64227232937871 126.93691540582869
110.49994542831146 124.50799069840893
126.99887877676314 140.95416237936212
125.91014603713873 138.81365387712918
112.1262670462688 124.20513342161492
119.41569046604327 130.6352835881095
111.35940564359166 125.81841651873081
111.66041952788636 127.13067433165445
110.0280419714419 127.80946925603435
116.1093634291669 129.66118235771282
112.98346562800788 124.12713029742412
119.24245482758201 131.7684740063655
126.1564676648635 139.61161668565808
105.41648051741115 125.676114374886
108.7268857996954 120.62167849659797
126.83307155588118 141.99935045904442
113.66753397657679 129.03318276954613
113.2942981119385 123.86563879232074
100.04802453429696 117.87136061261084
96.77767429707755 122.5328698355457
99.9815271905484 114.22583394578166
109.36266114542181 124.19744280776682
115.33836389714156 130.7164850760319
91.0310409927292 125.20076727139454
103.84465605259807 116.00175711504413
116.21044028831912 139.26698582063472
99.17508343761105 114.17041304078845
93.8652713181758 126.67634746066939
104.6169962487669 124.88108353204532
111.20794745138228 125.99922158750367
104.37372399926154 126.96575130350777
106.5472779530018 120.46372805085464
113.72490479040397 127.97119429364302
114.40189744508027 132.0403536181326
132.6210178926485 143.8080760585004
116.0011790586439 137.57593494390915
113.1791593818469 124.91299698951927
114.41628386339906 130.97331129629237
109.73053797904156 121.39410462347723
111.20119892949671 124.93605700419525
130.01710923049612 145.2359414153872
108.75382233829336 122.71957452085893
112.93537975323343 127.8720902967225
113.79235774381625 123.55229255470492
87.13655385532012 103.47281644310569
93.8169600970201 127.08387606734867
115.36892884952064 128.42437666721355
117.42703799438627 130.04566460051322
108.92835995322302 125.41165682929464
108.96576517479195 124.26868909901665
118.62965013083534 135.7181992104581
95.76178023138561 121.34928248146106
116.44571057209707 131.55539436759656
112.28863617176968 131.27459300633336
112.34841455990421 130.35768485008313
112.10955768873802 124.59867422597448
109.0969463845359 130.877834079699
111.13039622486002 126.57083873869428
127.35211777126077 141.01164848743346
106.16429879700641 122.27919653955735
112.70691138638797 127.7546446626281
107.95665088419129 121.21848891676972
113.66412169772346 131.63792955277214
122.70963891604748 134.8740493996737
115.26023687431369 136.1574228019192
108.99332751801393 121.74119897121786
81.26407627499282 116.09353637734247
118.3839043651903 133.97272172114646
102.79263168714516 114.52473373822146
124.74227312876802 137.14639958838487
113.9450418709716 134.76783268006773
106.24302775429642 119.75200796106078
109.57402491370964 126.24304513626889
119.18861902694212 131.62611417623944
110.20243373613454 122.31273762939293
68.04577914897853 109.96049220512398
104.23523732074794 139.7864995551133
117.91402396828919 133.5274066705666
112.93556022346561 129.04878147102391
119.28266425772357 137.10470464030902
114.86862309350923 128.37531535766968
113.67690327264468 127.83472672390712
108.92385473101 125.75806810649313
119.04951478788267 130.82674119178427
112.74350379787532 130.73524709482598
113.27414180192204 126.79711272630585
115.27708773064131 131.00039744246268
119.40686209818364 133.54355279108165
119.23139194071845 133.52080021640398
109.88004016377184 123.89065898092402
121.8764249421829 138.14209823353647
118.63084316469676 131.42659485151222
114.78441940394865 136.52287596765893
119.11274138017556 131.82484628670468
117.73771858240174 131.98844446720653
112.59519027641385 128.3003580134247
99.39011921816368 114.34917388961364
112.03917348200494 123.70282759137152
98.37876206048517 116.21867591668524
117.51261182346784 128.47068081927475
115.38949585314279 128.27546594983852
118.39414631870183 132.42962313499885
107.46611321432262 120.6142146939668
112.78992365467234 129.8614418367044
110.10385785646646 124.1309586364962
114.1750493993301 127.52733101279784
106.5464874117938 123.90778574474865
112.89495638549474 123.03022102844695
116.10712446126625 129.27607644941298
94.7726396658697 126.36770371995797
113.99502356768949 130.4097743954748
119.84744320979256 137.5594678071587
118.00440737333466 133.77307242713925
96.05680330221314 111.29342212927055
103.65132790755398 124.4407590751842
94.38692386062311 118.2409561520882
117.7727811346809 129.52929076202392
106.22054159511718 124.3056766379662
103.58739004235393 120.23384101953644
125.99744656909428 139.24540974889445
103.39785792451339 125.54528684934796
95.22779969511888 114.05352968843921
108.39003857166051 120.43281810475128
124.64660629975674 142.666398156427
102.74040358697998 118.88247248474512
107.23580585172911 122.17849160483814
112.87445820185263 125.43620536632902
113.7611537511203 128.34276965174914
104.45788574170838 123.40282237865065
104.7746458097957 124.09419511894316
113.6220934689237 127.34760203842573
107.783763032278 122.8308951648279
111.25270301046258 123.48982506497552
108.42381789345015 121.02621559046644
108.26176873084887 127.27683292328022
111.02563861542417 128.58933531530818
112.17078017297783 130.6525789875553
102.88457558159266 121.18158609023337
113.22361250152524 129.0804495486993
123.25918422254992 133.8167598402434
121.36281960576393 131.9959324332672
99.80388141951191 121.13511993004656
117.29092871715945 131.5293148618543
98.40776117690653 121.55124300952586
123.86221423466105 135.8282946821175
112.32488454392987 124.81211623065977
113.93478777959854 126.64851077154442
106.1033411969134 118.4527246255294
104.89278498717609 124.55717689492556
110.43270615054497 122.09934012067409
107.31425448692691 118.88345218509204
128.6130839686111 141.3315624610338
102.7477487671089 119.40864662736873
104.4672133702632 118.08851234790959
111.70402663249546 126.67424624050011
112.52228475774653 132.42085232455202
105.38639172177555 126.75381127799986
127.26346596796697 140.64403640667518
118.72520303750905 132.05128541921812
124.74301665005423 142.08686637927624
110.61916738551618 123.12355007741797
115.83214758862529 129.24234780564288
111.66463563415233 128.07801188869556
120.60076178810864 136.99537628728908
121.97974236088801 136.58002708371458
112.7280023520871 125.19940061377434
97.27153182169948 119.13426381669876
108.10290202524477 127.27005420122025
113.15843639598532 124.35246702945749
119.9011764510628 133.48525822924321
108.20167805521993 122.6902485675329
119.35396719583983 134.75025097915486
83.0247335366187 100.32327802912833
120.88114719520249 133.82093030711934
97.3616636387598 114.49645927478544
106.17596204999961 125.0023726030828
114.35591672730521 126.85421591277762
119.01607099531506 133.18411975076728
126.88325088624953 138.55174827931944
126.23861239343914 138.71459010517927
112.69591575008162 128.87478413763614
98.59257465540304 120.76782774591676
115.98164576140533 128.40490106854915
103.62133896359674 124.0901788353991
92.07410802158353 111.52558593701112
109.8816441380334 124.93016852972166
96.31675950485702 122.77026077663889
121.74455202984525 137.12430502596453
115.81072367267724 130.53435952495576
107.006696151212 124.12350720125855
95.65495760948296 113.2259491072385
118.37659802499641 134.69516287021224
122.08182324558044 131.45256358120628
102.81776597518963 125.55316063253635
107.46304382725823 123.98115884619499
114.23112244393488 125.18496338277401
110.8593144045568 127.88573021221923
111.04567112919293 123.06875127737683
123.49007960352286 137.0636484177455
109.6078865709465 127.94267344907207
116.61493565620219 133.87933252658385
115.27111098600297 127.11779932092306
104.65576483521198 123.27998462767245
115.10191532706446 126.35779783362551
99.30965459242593 118.89176490935257
101.59362951122283 114.97916173964221
116.06425664759864 134.07671831372906
111.21925242201574 126.66282767399294
96.64550690315895 132.24195121691884
115.9335486410523 133.76086895392498
95.48445025602443 115.16032086790173
107.52273067857688 120.69768432863061
123.53662686622243 135.92817798930062
116.82687117535328 132.0431357301375
114.91695119912262 133.0476407151997
116.2563807771556 130.40439687772317
121.99389179923837 136.4056527441182
121.84985968931808 134.89014848264
113.33281386109694 128.85627556763336
102.4069965650594 119.22299885874061
119.66135484149278 129.88780832088
102.16319251425351 119.93220478321646
114.4056858852608 128.85874568873265
111.41865251668686 126.28939603789627
104.1328140113777 125.88459289071372
114.33946630951075 127.83783614641943
122.69505973352246 136.77109449059643
114.12685560807766 129.00169258011036
124.236927105485 137.92323462522864
100.00230496706733 121.98874150321666
95.00660229561406 121.62482674775794
106.23799411193066 126.39332136388559
99.5429504437073 118.20651591314719
108.3771677387594 123.74729383848245
112.07084099272313 130.09275296828397
122.97564485398398 137.90658128026627
122.33089796392622 132.84225513328317
114.64411598538506 132.21238988538082
108.456166272066 125.96784038383846
88.8694434549326 111.9275170979652
107.50574589998662 123.49443876810462
119.21246005350307 137.05391614413477
106.82596269109747 119.96506201203006
116.84369235262723 128.49494398467837
115.13452675161916 131.9032486402928
117.05787888428524 130.19201886008858
119.13852733147515 131.93296817190804
119.16914693092464 133.66682958608763
108.54900835006973 123.09052794550303
126.4303499511059 137.02343278605485
116.80189758005572 130.29387966508267
109.36067427978463 128.1024344267116
115.53157071405329 128.89526838294046
112.41307328265788 126.27758807801118
105.20033734788801 118.77391864604868
118.55437226487658 133.84998524623674
113.20100592775367 126.791343370746
115.93977765562475 128.94364526542705
116.1137801466747 131.01324447236777
108.97663682937647 123.36122667146519
124.16458740326468 135.85019682212265
103.1017980447685 118.13632494386792
114.21521251684636 134.0705822582149
108.96432395853289 122.64323587450659
110.80046413441475 126.59568037722755
94.09500701795774 121.78653923157394
101.45482482406365 118.73711258533669
109.35372017758723 124.90127188366804
103.94665597400709 123.40938126530536
109.17688821169043 127.80560350821898
111.50807029958834 127.073775487444
109.63989045282226 119.93618597911089
107.1876427602346 128.45078342015796
113.2334207375165 128.0054354536288
116.20329986757622 131.66733622365493
114.98511073073912 127.99272784587579
117.02884590818707 132.73474983326489
117.83958466142492 131.03039013874272
113.25298726802825 127.4751063540339
109.68748922307847 123.99534967020519
101.60472169841938 118.8332170219097
110.34630782834451 125.75845285436803
100.1527452493415 117.48927854861364
105.71507448165144 119.29518395274592
102.05822939907932 124.69705370993788
103.83905343758768 123.86505978328066
112.09828287585007 124.89427019501427
120.53608664533809 132.5129562240618
101.53687519762642 122.08181837894146
113.89158083087251 131.84608222515715
122.4939461359281 134.11416691787784
93.99640803351438 129.77560617789706
111.68286182077553 123.64385697525213
114.30056570731071 130.6893821103609
112.54193853754722 125.05257926108105
107.81601555025321 131.4442264498526
110.14735796525267 128.63075720612585
115.12818809375784 125.03083433358914
125.42855219986448 140.61818305523394
105.72639104908069 129.75361672732458
92.02860951615364 110.80509477011128
105.31718465949277 122.75769470088849
114.03135163011679 130.9654192867358
102.54637536678042 121.69336755441446
116.58305031957356 132.55969893682982
101.03041930577194 115.68254039976499
108.80502128996459 130.30995403923737
108.63579099848873 127.88561149920227
111.99643731824833 126.89739792373466
111.22609636927663 123.10053538081029
102.01503972616808 120.61503284298156
122.47916838771876 137.80810154760957
114.21557426136823 131.89739617011818
113.2921051236035 124.90311365556624
109.01724470768643 129.23586206697024
118.20853943097842 133.31565903174638
105.41917699372584 122.61455281851585
93.3308132857404 110.16321277190454
107.35425728717345 122.17309018297277
121.80210599797557 138.46725131058034
98.02106801851954 120.07906106532023
121.31197452760935 133.07071954316825
119.6918682521363 134.69067979268897
103.71829660399322 126.96693768764774
117.80639254874067 133.59832828932207
115.33431453429783 133.1458607936899
120.45452203436567 135.67688847126666
118.6070837593785 133.64378292212817
127.54083923249492 140.86176936286012
124.23674476750429 142.60790580512625
68.46613614600375 97.97341674729817
121.12773312332982 135.51601901145872
114.02923479307111 130.67782553779483
124.62625049857552 136.56511386944538
111.73682225518097 126.01967671847412
107.60061878214422 129.26278269218528
109.46111663215804 126.90930918757398
91.16082999903993 126.07813257268374
112.04608480601509 125.3992781480579
111.50444448418342 133.45476039766066
118.06243471435695 133.14793594358164
112.46976563786282 134.80818890515948
85.23337702653463 111.85293919838392
118.00779861878657 137.6183615914422
110.95438576143943 124.1505177085114
111.55994160019156 122.80282078171835
104.95585495165751 126.35794333142552
85.87724003967328 115.11136116485226
123.71536655460821 139.0722756129735
105.4999465199755 120.85206122105282
98.10613847297341 121.15910937976689
115.1375893927537 132.41002414956378
112.60060756246837 134.789256570859
122.31761130441971 135.8715622056869
106.95404928377847 124.6935582952133
111.66389844155877 126.2060913335338
115.62646066664561 128.17390388569635
113.56744504478456 132.89006027814574
106.20600372457677 123.90745628205188
61.57200322238069 138.51932611705527
103.32584488210327 123.01404866499486
104.78008182696695 126.33401480902509
122.87680377037522 139.1481367144879
119.56314408383383 133.83119883996676
116.08159689002277 127.40439586104277
116.57182024495557 133.13771457125517
98.7150555441648 121.48223610047481
114.41150026812905 129.21017284496293
110.87464051702787 128.8650606454983
110.67155084278053 122.11459711712901
112.25605384626141 125.85190326596931
108.77457466906476 123.18996588719905
111.48496051163411 126.96227926786202
106.07693269523266 120.00894493492818
107.49600363749371 125.53168084049028
111.73574955753406 126.94522303312912
102.16671293002592 123.3418385186384
112.1865665822073 127.18604009705668
101.18837916078415 117.05820928265825
110.1204846941034 131.0130580829571
122.23356993868278 136.85094093218336
111.1826888865529 121.38124211290797
119.63364251539772 135.41160332618554
116.73581767626835 131.78266309556082
112.73709526318031 126.65143136948402
117.41536951417662 130.5870649761587
117.16057627320322 132.2203690668018
120.50225805097061 138.21898519660087
120.80301468159692 133.70140559141277
106.61356931477422 119.19093607930232
113.77735655655583 127.75297401442918
108.22298703790806 119.3482982658413
106.66003832102909 122.51035584554555
123.60423607517183 139.5561175755406
115.9669921485705 133.6284148156149
98.70588740682359 116.16376652593131
106.7629756912008 125.03832917043513
105.51312660735542 118.73365037204563
123.92436080159094 139.26921370654017
116.4315743918798 132.1124846160693
111.34924838323472 125.70572595865224
114.48876312617227 128.28064508073402
119.28315177948096 132.33493321702542
116.17629628386854 133.621338230742
100.58171706393627 122.13131157619377
88.79851123778128 105.88265994976965
113.32554338834622 127.27868174305765
111.46750914799175 128.42448692329873
123.29346178937244 141.03318689815654
110.07362482110081 125.33765091987352
107.96698092697945 120.9654811586031
101.30106009887065 116.12608169667811
97.45415290652696 121.17661867836952
101.81849779514592 115.93123819385082
119.44818003470772 132.75685439795626
114.20253365277586 129.00714173996172
110.14057234952483 121.23469274319301
109.52385537622284 125.58089238454453
98.23029117708418 121.1676092496634
117.17339329284404 130.58115405513703
115.83510578360331 131.4076358916178
108.9362041716333 124.20132812270698
113.14654752481238 125.15161862452123
116.72833613283834 128.20389344701562
107.08180999650824 122.33163596993208
117.76818563157401 133.65168574042744
110.90403937370539 128.62182737854255
123.46213606071282 136.27500190800555
96.94785673754009 122.27632598184458
116.629043975376 133.26024890904657
87.44330500475176 120.79813068616457
111.52189191593807 130.18608519853905
119.29689137135048 137.8888127064979
89.82856362517126 111.41230370419142
90.40364793901925 111.33707793998832
111.39732599642974 124.80220767249253
126.52042406125129 141.47848348097332
114.85991520370779 129.47111171034317
115.43561087991021 129.49972008021416
110.43545416688526 132.25909901057204
109.12158320020224 124.51976182518243
86.49559857490421 109.13624799761051
98.62222470745843 121.28487971012007
111.31553225678759 127.41892448662068
116.04494652015038 129.67841879716366
106.88085565309689 130.4622756068432
111.71711956668396 128.0403078579845
112.2542959112221 124.14503461763519
116.71344535085592 128.36576728821672
109.52610598977905 123.33569461654639
117.43929098714857 133.4047067092313
108.84961572617628 124.53716164934218
110.22219706382984 130.06919586133196
61.633531215677564 133.48988199015324
107.59854542180754 122.53093801364408
115.56212460714747 127.84423018959329
107.79653448742174 126.55277508802536
119.00378175062178 132.4915888026164
113.19061983988888 128.50839142008894
113.63181225729643 126.24896463312723
93.32711039350146 112.95806759436518
113.2118173418098 129.14337626196897
105.00839994011602 120.38623452780914
107.46157791015729 126.1084766485251
110.05226421524439 124.7157507202724
98.61758672410379 116.20742074992067
107.39703192527911 121.72686216269975
111.93894519999006 127.59917506863879
125.64646453138936 141.07888322224557
111.11698764657301 129.15780993588044
99.58335043272024 120.9404869141626
115.01491345211863 127.72534354320284
104.34759386026482 118.53170684332507
78.25421019919465 109.90883517250813
117.98769715785883 131.57443505560522
116.84741935958218 132.14101397405034
120.9639284970598 133.98340884219908
93.23075299627433 113.27488752270776
99.42477789948249 119.97086619922199
114.62988530034805 129.21801276994816
116.60311498716247 131.81333651881212
121.27553151615456 133.7130469392353
111.33672742743221 122.9251982952007
88.39799894539578 121.91521004054529
125.51542204250202 139.06535176656368
116.8135987428764 130.58727376431344
109.81864998936457 127.13516103200396
104.08885755573132 118.29572807973973
112.59078968390939 132.5156931445343
110.26337736863077 128.6962706780314
119.29085797021163 134.57258649469972
117.71700172652142 134.95877613322278
103.34973974157553 117.93509917393123
105.39291145185351 119.42674335310316
105.60995005898957 118.26912212462493
112.71789259044348 125.57199498339602
106.62560386409857 125.91532517526909
95.07242097268318 115.87268891138338
110.99061546551238 124.48181483091572
116.94328075141668 129.12405268777448
117.1352934374722 132.45247120500127
110.8418290675472 127.40656392854868
118.25367244666559 132.96167059273398
119.77850149209057 131.21326616998905
94.85564372752567 115.30970240985833
119.1587167481678 132.35148179610326
110.54041533367278 124.4954459327099
115.53752455009517 127.28733952976343
103.67565479616106 116.69375533471204
117.70057474181301 130.3080484141937
114.30647221806056 130.4531957250926
108.75747017656279 124.49014581616395
104.48049348055281 124.92457997128439
117.88842078665978 131.93314036275035
103.68829272466814 119.09885097129123
112.87014290259889 128.73387897992768
110.20857528461792 125.4159553405883
101.48483083755934 118.55864614013467
117.09114325749309 134.5018728471696
109.86170856014893 125.743719050642
97.03958212639927 119.98867644288352
120.35830112674665 136.53718351086735
123.55386861389069 133.89065849153698
112.7321079777494 124.97092099631433
104.90820802759492 124.35445744749039
113.45297063688389 131.87690526309785
89.20750894399032 109.59176707234673
119.03647650269245 130.92292419948026
111.02637281488892 121.93245076109098
106.5247593377685 131.0217671714852
109.62215370320109 127.06507395254964
94.87981711494862 115.77939920737482
121.8761832200634 134.4837023211428
116.10727247748294 129.40908570464197
112.05175560079624 126.48983146883421
108.34526249581369 125.94014014686255
100.1801560426982 118.01793638681954
102.42983517285188 117.53097444394976
109.2923136617386 123.20472681687986
115.89522012678592 131.6024641040586
119.4673602700246 132.4846828176948
106.2332969453973 119.72457414775819
107.64878943604967 122.97147371806419
119.62042502171278 137.67108851747108
116.7601508482948 131.92528933797342
123.57041154725684 135.66218517071937
90.21889903569752 111.42390521806935
117.7445303349717 136.41969626913695
109.71254429872953 128.227735132791
117.28147052381145 131.88600063057152
113.47209465042567 128.8687067916893
108.6454680397064 127.47301926382015
109.30513037239852 121.03451949364975
120.2797917851121 135.73325067863783
109.79895251752446 125.4085892677608
113.5570359928956 134.21786441165608
107.5655942960954 121.10721212624209
112.20600470106704 127.98206417648547
106.31969457772198 120.2288958279175
120.45130804187592 136.12606441188584
114.0542590920562 126.27643679615176
116.86674704959405 133.8883289432504
106.70158667681994 131.92113302223524
119.36918987148387 130.15948696651103
123.55120872830635 135.65970564913272
118.27549425281055 133.1780884908717
122.76714837803138 137.0664208665006
103.57311113701518 119.55483040994527
111.90927719004189 124.93349678948236
111.25974918714256 125.59415452324905
117.34797864313032 130.46809921857587
110.46535802294525 128.79453750533963
112.9969205462349 126.65944643255193
115.04581327357378 127.33270195064839
106.33928007023444 128.53112200737695
96.71800693152329 116.97941631662455
101.4584016861767 118.57596149071489
87.19529835193907 125.42632882242347
121.39936376576055 136.28259885802365
119.79938740300435 134.86699744542932
108.86755627107512 126.06668801343301
105.99771670810684 125.3728499980358
123.64835928890056 135.50142557589595
109.24970364032025 125.03253194508963
112.62400276532996 127.45991793640202
115.45607658903002 129.0673988019078
104.52518143306943 117.35386687563505
113.49254276613384 130.57184371777745
119.24611008989866 133.21439546779436
114.27083262385705 129.28320072406706
96.84319492301859 116.13022442757924
105.52886891058135 120.08861145916644
110.77898444122881 125.89011455985218
107.77311038783881 126.3592550137173
105.54217004664183 120.89426741384347
105.87166751431806 122.62088728133652
94.0672442277615 111.15252229261841
120.17536771114636 135.15885515866145
106.85931816088006 127.0441898638164
115.9052497169993 136.20584697192993
118.60391948165669 129.11141576451575
114.34193427155024 126.16079079798627
108.89783575241019 127.82981640513124
117.50151689607473 134.93463334851293
104.00504569869231 120.27886277400755
108.08327174554881 122.1956578956478
109.19129585040494 130.50863049653782
118.30188021506807 135.41924725699954
118.59822814870647 133.00053621494027
114.29480958587733 132.95165923387955
119.31838754522633 132.63357060448988
121.48187245608538 135.29984273884736
104.62566387946727 124.7673066306549
127.84625342292198 140.15935332145932
112.76773796937795 125.28264241855632
115.7615418313579 129.55378154314369
120.9288406027259 134.73578750486087
98.3092580708732 120.61783689847731
95.31598716943797 119.31077028660975
118.99363903971107 132.2810433519633
105.76181807472737 125.01956449213543
111.37724556461092 123.46384228063717
118.58276928644008 139.43518384558413
112.39741248245714 128.1505457892261
103.49176400753478 124.02398633331578
111.30787807835407 122.72125529376285
114.64110182729051 130.29431101800435
107.61468759181254 124.36432715000844
126.83447915680493 139.84039117198995
103.42292899181207 118.85773591950931
116.40874236571116 130.8288055355608
103.92352782748657 126.30294284210001
111.4817810238118 126.45778924130792
106.19752192385053 123.19202683222458
93.67195845162526 113.06306505393368
128.08378194129241 140.0976593679455
110.5552073340018 128.92589940397454
109.12264390473501 123.81598909422333
118.17397284999704 128.39587509247573
112.31466489501058 127.78527234252475
103.1850992864044 123.56175829915338
83.10343502325077 121.74012978983406
112.47267222373107 128.8235016251731
119.63094313334038 132.58050977008622
112.0898868655238 127.26822453591346
100.7310470621525 119.10100350158584
114.61823666446209 128.96357600155523
119.88517685308577 132.75637660273233
116.92429887057543 132.84877213950082
113.2017495682586 137.1353751642366
112.45990596853761 126.88269001815853
112.47843888962548 130.98746730717392
114.12159291751645 131.84541384457526
124.48687966002285 135.80143869805877
102.2611102265467 120.91544473484575
110.76927444555002 125.68054529368617
108.52771554467525 126.15648711140422
109.83386129220663 125.01287982473042
107.96190730640373 129.2256062135081
116.24209690280811 132.9443923651838
102.27667659253656 119.5118138707536
109.50666220484048 127.75826823471151
116.68740084140023 129.34595007296528
114.21693167084338 126.7396891333562
96.78744588016552 121.1968140238981
113.14843339012411 124.19721238181147
102.33351853649292 115.62047307152935
112.64362972427335 126.69850632360628
118.73348944781398 131.83710628086172
126.11437231065106 140.385520449381
112.93496202906505 126.91064189314734
115.37933753639179 132.5316176045055
108.44248019023733 131.5419641539022
114.62298765539133 129.75135488126577
104.22323337666126 124.97847818266725
103.71259383404816 120.17909129680737
118.73243119836623 136.18634857295737
105.97423614108602 120.90627214751288
118.99235208394991 133.13964574836024
118.60154042755865 132.18442959115427
111.8211914930203 128.32177301596906
113.49702474286582 128.89252545545858
103.81579111349784 117.2872027248388
100.98750147754939 123.06728429667488
122.33992214138615 138.73446526097106
124.8927108605637 135.83098131500614
122.82602025075578 134.69770908824833
87.10459459747322 109.55892961085537
103.33204508433798 117.95384164339698
99.96362951579754 120.16374361932435
113.16224872051707 126.00139895959373
114.29818988058837 130.3290416657121
105.70721881588264 117.32403468154345
84.7272530133643 103.56669130967691
111.41206991695296 129.03623400766313
106.25642474001992 119.92230216865919
116.90549006333408 130.20598539280866
112.07869502463124 132.79497414421002
105.1956127731607 120.42324175244627
97.58145627366866 111.0209456245951
114.18719526608596 130.3389873562926
116.24293954459701 129.9888849984773
120.71409702191637 134.58655247949537
106.62218287531186 129.14428242489544
113.25226471847226 128.11335056409197
119.57098706213257 132.0734861281523
100.70151903040846 122.34861291473534
116.66952461010563 132.0849980434127
98.53376584693055 123.55188735514996
104.30060745702139 121.22548193660873
115.47217317940395 132.40009338137085
101.11469306943016 114.95245498208665
87.30586553652836 118.69169620773921
120.09203815971196 132.94356669718474
108.32368395154514 122.68919459075305
104.33387343808705 119.31687133262879
110.70700053327926 126.4359799832934
104.77255399000381 125.57754997269579
109.65754411895723 125.90591503899473
111.30284636513495 130.45055619636992
104.35046638663421 126.07091511861054
107.33317692716123 118.44685805358584
117.81205281621645 128.117307358807
107.46195016848172 120.72306007950034
106.40229595555581 124.94066476493647
91.13159413581266 113.15440721593475
116.28964243739568 133.8179658974797
117.61801883503806 131.08147543239818
111.67115594593639 128.38154203280408
110.0295406365506 131.73667429625092
115.53219271511654 131.87153308560102
99.42247056884472 111.56088932116397
111.6465101844016 128.60774480838813
106.82071286928634 127.99375547629406
116.72736199616152 132.06436940000953
102.24339037386669 125.52271978927395
122.23490137257139 136.05303633734474
119.37607007702742 132.45388376205847
120.39288349857766 133.01934745164576
101.51366920217532 115.43314319713859
113.02737607537588 124.77169045572553
95.72838022476196 120.44756117324984
110.10595828443937 131.9011807278286
112.54282749615038 130.2347097146804
108.80055193884165 120.94948107957592
121.82245786111297 139.0091634636846
107.95823041087395 124.71165480640674
114.72340328344526 129.15697572263707
126.07824380037798 142.25620123770943
98.19653962160946 116.98017003667526
111.73747944867505 128.83458120388516
105.10999483340645 119.55308530846027
111.45485261279477 126.61004669821902
104.25984228475534 119.81918186882375
105.85223547377501 126.51759669885348
106.77487006784484 116.53650391107718
118.7519764205785 131.79537533012132
114.22476058336463 133.5546610946975
117.17221492912367 132.3737837963378
111.04089993584273 127.10206555601941
118.14121402082317 131.85431029913966
113.4033791174467 126.90612660472216
108.88612890182878 122.0363252045784
121.41135508496791 135.21055877314782
116.6032370223549 131.95122634372635
109.92348319878256 129.6328648629136
123.21775696710155 138.3190586667067
108.13895457642941 124.44547167268256
104.01668640894576 121.35662688595824
121.95364546099614 133.61462670862662
96.82502110253 119.74715075529188
122.05696149910231 134.86290204267854
101.24532148487944 115.31282215548843
122.00754560187049 135.05810758203776
118.77827761840703 131.29428558009647
106.99593356442493 122.13768278096875
112.89347133537815 129.0648128466774
111.76674006084565 122.06943225487305
121.73295382526494 135.48737187449674
128.6591132551463 141.81689563771698
104.730844741775 124.67662482062597
111.91854726902372 125.49649616830479
110.06605652603118 124.19144291471491
117.27230809552951 133.34019052496427
127.44005136252841 139.98457565387258
111.82210724696206 125.24618039991175
112.13171370603716 126.15400645508572
115.81565120885634 132.05368412887287
116.55602523423693 129.0479459169018
115.6092840679647 127.78664006644024
108.68013134737707 123.21523089469557
114.02484166279581 128.1857564627616
111.1210675901038 125.09817181276945
121.69806000722258 134.54547844930966
115.93155719429362 134.09385715983356
109.50042400164662 125.54827144391005
112.40904768928742 129.87631798765472
103.44982786776536 118.27684106332914
105.56612077294209 126.17067176465804
108.76156713005479 124.86185494010715
110.3417555765996 123.22994484373669
115.12986013252788 131.61713696932165
106.1125425284837 119.2400005495826
114.87032688891271 131.50898888946435
120.34708706208896 133.6452310520221
109.4907779055652 126.92199247277046
101.50009484940165 120.21926905769952
115.2601670958075 128.48787630764812
116.89807523495786 130.5635938624068
109.03811116592732 122.36356675353878
117.1180343382523 131.23395036804231
92.13509477007877 121.9808970536175
120.31277654000463 132.90902074263786
112.33970477418994 125.91555325691243
117.40936340790505 126.99700216254746
112.47866959635016 128.4929200829022
122.9943076225552 136.72371704274963
112.54719544046871 126.69279136317392
108.2420298930111 127.82103681444542
115.17168582940717 129.5599802525153
114.15073258371557 126.65700062602232
106.70450784576553 128.81638629809373
123.29763666135368 134.80967453002086
114.79134325093983 125.69283560458696
95.47420318990763 122.41928703909902
123.9857299981662 133.27028349858733
117.11064171487385 130.76312911472718
104.31571229663284 124.01393847067988
111.41478475896261 125.2399578725977
104.8546109881211 124.30168700117933
111.35303481497789 125.02877609702
112.29796186334023 127.17242877653428
96.68707909673641 127.11804984973895
122.34731186977804 145.61324498686827
92.29572813517744 117.68590356446124
104.08089616301423 124.1233565774266
113.37662996001298 127.49881038075951
102.5624793573605 128.38886530913308
103.1763042800092 124.66677970184506
113.69126027105393 127.61663801784184
107.56789904655643 124.10750601262846
121.20077234015884 134.2281789344674
110.96198520575182 131.04221768015296
105.61075458530264 122.64715847163026
116.50378688428162 132.24016752389028
112.30111194886392 128.25796859281135
89.73372094431943 110.31471157147121
116.49112821203029 132.8426654799685
115.08603951243383 128.91173297908887
99.37512261013087 116.45886418313671
113.74069938266962 127.30935521764162
98.29448862370674 114.26598130743581
116.01166548468137 128.51346343868258
120.52630085514862 134.45057668556717
122.07122596004409 136.23717667647512
110.01121935514465 127.43931649423189
113.52849377608804 127.8899167528086
119.57093845605947 135.46228665771235
114.09148370257151 125.8120787619073
113.73973199333321 126.88125507287373
116.16382105904059 130.11910729525187
113.84798346672562 129.38942837427604
106.38542754052978 126.11137055010803
97.04410295205727 113.70379144087964
102.27998637998648 127.34628489781906
120.05665229898462 133.32032530043463
121.23079577265715 133.77180976672713
111.10348724178768 137.19865792863146
114.17293971106457 138.15770448666694
109.56650896875328 128.27784076239368
125.35211085674672 138.08081232586713
119.4219532423448 131.5223147975898
123.27980917959279 138.3702075443215
113.59546636030198 127.04708306581482
98.90776429647912 122.71833868211824
117.25241301463909 133.23186091327076
112.12529295198512 128.1042435977378
105.3640750048652 123.66222722351729
108.73455821964647 120.0284345104958
113.479547336777 133.1481901023218
94.73542266289994 118.40162161687167
110.24163605581931 126.31592011443283
110.69458376889193 130.06682415202494
105.90805248637028 120.23752025250126
105.79754194459976 121.55879904750658
109.5678389432713 124.63236298504563
115.27030676905314 131.6107868602943
108.46579690826809 121.17105594304384
106.92602411402291 125.41062157037226
100.92843621516865 121.81700084302764
99.7645408752544 119.09193986361731
121.38408993229604 135.75300073986492
110.03640204834952 122.3988958609243
115.41884279749385 130.9247720438233
117.0344796982132 132.95137829542446
80.98909665389425 129.8347483043558
124.25387522324684 134.5899309967141
106.35349692559457 120.25532037435008
120.49784515209538 131.41043265425958
115.2033927349476 129.28289853980385
104.5530144327071 122.88652047810355
111.32882735576062 123.00642020554172
115.44356204531037 126.28057519883804
125.72406132228292 138.70079796442636
122.9056637550499 136.37519906943155
97.93780887221271 118.49438580630137
111.38448417273273 128.31953486914566
110.86526089898724 128.38305620534834
114.24959274194126 129.8582681749156
116.38314782953583 130.67339424321128
108.1419884720277 123.86646136253621
113.04761155683023 125.48317910079952
100.95063177654389 122.61617865004844
108.0071012042535 122.19042743901315
108.01093256002002 125.84517729435733
113.49171700550207 126.52157995093896
122.48991767610676 133.37414316504922
116.8736162494967 129.36606719667964
118.24763725415097 132.04634199489453
101.78948695165563 118.7255847530822
123.15190492410393 134.7419430064837
98.64622500409338 119.608720625648
126.3408470021247 141.46556761944927
119.70909414536786 135.97257511854147
105.76685278917165 118.18405108829101
122.36062128253322 137.1626857322615
106.47079738284629 120.12761397222444
117.59582471087636 132.3000900275229
119.30218841748363 136.40627076002497
99.55811596623889 114.07037760626224
127.36178591442415 139.0839416766515
98.88083880036665 113.90615951032936
118.78583016389753 132.92893317709752
117.085540554167 131.75952687518418
114.5789862851752 127.32019562100798
104.75835005636273 126.3306109650233
114.88515283655285 127.65066182265275
110.27919514751174 127.00784111996148
116.97470583842257 128.34699293405225
106.92446557124578 123.13869949218396
114.3921693163369 129.6678313859329
122.69777797075606 135.56249927204505
110.5454367499942 124.2457339916165
114.39745317975522 132.08776939653424
118.05545909622808 133.28614319079006
117.37252982231966 128.80226750705955
110.75474327782179 124.23425364134364
116.60294888074921 133.10916924350838
105.83732495764856 126.25104491748594
89.35729525141207 116.73549159593908
113.90436313821624 129.0295968481998
101.88246924810636 120.37585738317146
113.21467631076044 130.81571828169024
113.79178517726835 131.25988654056567
112.10186216007084 131.45668845340083
105.78472474124185 120.79714933880003
114.67352467874964 131.53618587717278
111.05542097075997 126.26666668971741
124.06418304913626 141.53905415347054
104.48893359494417 125.23199125029038
112.69433735147845 129.17072294432813
115.6889101948683 126.73703202040382
107.10802549249826 124.13826464484404
90.58576897821412 109.32473064758912
102.1392906215069 118.13550751604194
111.61484927725037 128.59251422170044
103.09627424958258 120.72730420428393
111.01204043939616 124.9063876566069
106.65225586024134 122.25169820709505
105.99304720211171 132.4792968190735
125.35445567126524 136.62769952698395
106.45188288022014 119.45307852734412
111.97127555397739 125.67697396800048
118.65105402654017 133.8248895599406
113.18880716152157 126.65485558247808
88.0706849446093 107.16882141774774
114.18568919016359 126.65998524592784
119.21128021055891 133.9501869099837
109.127512478585 123.38858752802876
121.51417585163404 136.57979466654177
116.28582961346841 129.49830080705718
122.2842508686222 140.31897775275218
113.89343727706465 129.66711524107689
105.34717364218885 122.84533835135642
116.25000997291693 128.60829423232371
115.52618048001807 137.04092160423352
110.6389223440207 126.01864819750786
122.8323642378391 136.29264874430277
119.96880319533281 132.17417305829295
104.66188153835131 122.62627515533194
108.337597036296 124.14570198620878
118.95070160929212 129.59835565321546
114.36880858683293 133.49137565922481
101.47647313350413 117.08170613779173
114.05547911048829 126.7493394956319
111.74043732962541 130.367173455131
107.04996531420929 125.80410949332871
102.09710857043 121.41811685102734
113.0648968313053 130.1479963387672
111.21023232273475 128.6857410357125
97.82140522487525 124.73599706326739
113.48546999669712 133.61417498334706
118.13371673446495 129.29269655951165
124.57833553548332 139.12649127875704
114.36155474440281 130.98533031097423
118.38820226198634 135.61728340404915
109.08502756523764 122.83202839219248
103.51067991662765 118.96014559573322
120.09168242920903 130.36655492570307
113.43193167399016 126.02292678249596
118.15937921210569 128.12581225635526
107.66163085107705 123.03887005854138
104.61699741781966 119.52700627837402
117.21705006090959 127.94945187758681
124.65999854141185 138.70777957490924
124.91762340273736 139.3365211744088
112.31102522256091 130.089791659775
101.52465626179317 119.43291774703846
121.8011306220833 137.49847107691156
107.89012813273116 125.76777276065475
113.22784974010749 130.00763903222168
114.28822585313326 132.28604547728855
109.6893166599142 128.09141828912803
127.97853209947836 141.22263183003014
104.42563839543432 125.1120485715752
107.18034873757934 124.35942032666627
96.39435480715824 113.87748725112112
104.34512542822134 122.39579379961278
114.81900405848859 130.902967010722
120.79823459323813 134.91177828610338
111.80789949189784 125.9977945654718
106.22479509125078 126.79916410691418
121.95887473339451 135.9370161342068
102.17206344234116 119.73690222852697
120.54926685436567 133.40497651598832
107.87984465077925 125.90867368758664
121.81543566088979 130.9339280284661
120.81823185822003 142.86193533445362
121.71159274611588 132.14476736639406
106.3736924608897 120.06367512492712
109.4317456988778 130.94949378156522
108.47465520219603 123.66781024053749
105.1378794293497 126.76729922507879
124.89882221288704 136.42019993673966
108.95072867529093 127.33701543436112
109.33504671171437 128.3121369737341
101.1977393487114 120.9766359778592
126.0390015268515 138.29819267942483
105.52066402303926 118.25224622440635
109.22677433123165 122.70567521693502
120.23626474288378 133.6188290534283
116.81791872184914 130.6137437800284
111.15899723029621 127.46257957195742
110.03015582949497 121.92833626326538
109.38955682951078 127.08232839497474
113.80573320132126 138.37427668268745
118.02009422468629 131.36856269708576
96.11646400797143 117.55932557470818
124.61236500067982 138.58838972684168
118.19157148806599 133.72422695197548
113.05624723226369 131.43841563184145
105.64815633268896 118.08305524410017
102.1012381692118 120.40671131603511
123.35525026105988 138.87801669913952
120.03256851507449 133.57164451305434
106.96134858456489 119.56262728710178
109.85738552141657 125.91664906989003
108.57709521847399 127.24987712683983
114.14875371129824 127.44484971805396
118.22799094660881 136.11552971904436
111.4285965855395 124.51873698319375
118.39386689843263 130.47053852432214
123.75882680202834 138.60625108980375
107.78901093189317 122.60107918049971
107.08193430851244 120.41526789187367
105.27535113548296 119.37200697042698
113.00728036788135 127.47094359020322
114.48661813942597 129.2468053259453
96.50955362979852 124.54465771485125
111.41465947292463 128.77812960709272
115.00312311436575 126.7790054505612
92.73414065787709 126.49934223863362
107.01838698661217 121.58618220079893
119.15760371519589 129.1651616680004
96.776356009215 115.34823814547877
102.79332788051552 124.18403538337837
114.11272522591968 128.10095943099708
109.50095873331864 122.20353257757219
117.09834173948056 131.13443227769346
118.24168892672441 134.44458635157105
108.999972756208 123.18696490313349
102.36409916628605 114.95880223015126
104.31674562293652 124.29529353844535
111.60118471037224 129.5160565462499
112.11857888488427 129.57157280011342
106.55755581934515 124.00524217603504
120.90498866442152 134.0920981165647
109.94598939041082 127.50769532740729
117.87395504599931 133.0180529592266
110.54987697146954 126.02217346106376
121.85730495779802 135.98450521290772
95.49608720606787 120.57359752226115
104.82659518408637 126.77780197178991
116.56664717337547 132.96171728636827
111.92738599362801 141.34004047386756
89.84461094680229 115.31241557505804
92.01077981683599 123.4032769711987
120.07096494801115 134.29604946400764
121.08112143848626 136.41959109869637
115.40821686892231 134.087945163249
115.2388820006236 125.65328046956586
104.56681756415068 119.17562760783693
114.69316362800318 126.2044821812704
98.36297631569497 120.34407647539194
122.45433871409287 138.26026854194416
120.210544781342 134.66223868290336
123.98216818787552 136.60365771748025
90.61725324208987 115.20618625441831
113.72510584455122 128.892563086565
122.74314498279492 132.1827508165087
119.25501889277875 132.7114197149472
109.09833810012867 125.79516653843095
118.05511921886135 130.22418078526917
107.96265832823582 127.37163062816158
119.33876333735235 134.14555143896314
115.93704077784105 136.04663142335266
99.23817240846056 116.44984385389344
126.76543229763509 135.51530570365483
105.05148548947543 122.7293533474179
103.37621104585686 123.62389553121548
105.37650111905009 119.53632709796368
102.25106624249877 116.09429607159764
105.62050098075247 121.96769442920434
100.52590531283363 118.88417070571103
127.72877460989271 138.74604179018368
114.75843169800744 127.50796402592783
104.20191766906326 118.52723171342093
99.69134547114386 122.74022655289906
101.48995111024168 116.94036500552184
107.35298241346618 128.70777077958186
114.21301089117256 128.63241021378843
108.56882327713335 134.64524331627047
109.24321889882025 121.27698090037417
91.84317269857526 125.29245083426663
114.7421921158642 130.90093033299112
115.06960762482268 131.99757506778732
118.92330882015715 134.55525661872622
113.35402479592496 126.08938276382924
101.17601897909498 125.09846806832596
117.27422196822543 132.34077182025317
105.82950935074969 123.56545295029765
121.14205155295551 137.54625833734278
106.78992793435344 128.76974053094438
116.13699950325186 131.3056814003708
112.81440902282209 128.08334665628144
118.50632415335498 133.56153152496495
110.17376899154057 124.93054549511406
105.13505944407022 121.17179553397018
107.07846546469662 121.18499863179949
115.60708164304049 129.89583341144683
129.00182929561163 141.6071498242131
108.21433233302928 124.04603286490838
110.76055233906084 125.21397460896979
109.71985280647917 125.94139674922263
100.80973099244898 120.59106754557372
106.18433292708191 127.2976373917751
111.46486532352924 125.74584811418337
102.49187168146231 118.5606295431752
115.27032509932383 128.46082759375815
110.09234713527755 126.34785607002355
100.16946002072844 121.79431240146575
112.09398854267025 123.76551036662528
113.24623662084967 126.73870343848999
119.91881971717478 131.1748290943799
124.5730979441645 136.72120816238012
117.60636369008557 131.44311380580237
120.27407823138194 133.980964491227
116.134154924041 129.47223097796208
117.39050799077843 131.92140500274263
105.13582464994126 119.03401784346443
130.41946068271724 142.79644833781364
109.67766344340183 129.56120633291147
103.34423872937656 117.5777843432897
109.92261060381185 129.10439412920613
103.01137017362035 129.36172723934146
121.42819686219465 136.7226072511135
100.29459046144775 127.7279132673603
115.1759764545103 129.2943616462451
123.89535689451806 135.67357331952994
106.47380878279729 118.70889196972712
121.07475620244142 134.31773263641304
110.50987202699456 128.67064759614004
108.54939279181004 128.59049417608077
100.30343835212227 119.53996802948488
90.67824688424463 121.83820617212315
117.26597991117349 130.33051833309597
120.04032623726401 134.737613790021
103.84187554737444 119.9357052211115
117.69837219268165 133.58823194310156
107.0773079278382 121.6510434368823
117.6316707479883 131.9980800355568
104.86265079382434 120.52271894589838
113.38865546528748 127.16020485332962
101.40846105917231 114.96119397353108
100.82322192467083 119.32599174085664
111.81863188597457 126.28781212971425
118.26123649757093 130.76545327145038
104.37295390182508 121.81384572260687
108.3024573047265 120.76185114622581
111.31580136848126 131.2190324789305
108.69439352531613 123.95767936942507
105.75042394501573 121.71594521537025
107.7823733325556 120.77855014523526
104.5647759991466 125.22805856322341
112.4643456954958 130.0362298746206
103.93074225064088 122.40562153914823
104.21712467777026 127.97752964104049
90.74420000895208 132.51954846961542
111.01346141707563 127.6381825399741
126.36774705867126 139.9020708600702
128.18561045508878 141.3156867228418
129.23672687703493 141.20216293151563
107.42424259426274 126.37754257591477
106.07212819310622 128.72753595895466
110.59164921589642 122.99411562858356
102.28817918226584 117.21590533028589
122.7762578399609 136.34107319864515
113.59338461753585 126.90580514223127
98.29722759185985 113.68992275464207
111.4072587850967 124.13093929584312
106.15200499050468 120.83531710148544
90.03936580154301 114.50946912579766
115.8696037385106 129.56963132949068
112.52216605352119 125.73180363091171
111.42431452091043 123.82753385700165
97.43125936256615 116.39549182301162
111.29326126924963 121.3399193354448
113.3468838416351 129.34668725300884
129.14835731612163 140.58369853123133
117.61247682781074 127.9716441940453
111.76257804596486 127.05471930094443
121.46751180623532 133.88868802779797
111.58336927578742 127.00996862787098
110.26697446232583 124.55936954917331
113.91171741182242 127.63450116875154
112.08528969397639 123.42782638404155
112.07446403524476 129.0040321951405
108.90385783989662 125.07241717100348
109.31832268446615 124.43708200053383
112.76985683957591 133.27258635386377
123.6360997035013 140.98626864095655
105.24676218643545 118.9303489913053
105.56178847601845 120.90419296127028
88.93337999768204 106.2831886243382
108.06432390324254 125.45073745881885
116.82885621867425 128.44031906834832
113.65731887091316 126.1034729246625
