93.66699398163746 140.64982500058144
86.56136724337807 170.9889841714005
3.8238911508229605 178.18254536343412
6.48192761696269 177.0155594046717
88.6170621806569 163.79020350094245
60.96568971349994 172.24011262453973
101.18653203144356 132.66962970467864
88.19008321337849 141.6424449698963
98.3077483552017 136.37151160559426
82.93350858540313 161.60005647182214
97.43310711316133 144.48588821015267
93.45925933618604 170.5868007142473
84.2339745481919 147.26321294421533
93.44234283289882 145.50246319705033
2.2542516323029242 178.85170797081997
87.85338825072098 167.12902574852401
93.84877316214215 159.46209780692553
62.577610961231905 133.86785470900486
93.79409923726558 155.64192623256181
93.73851307338163 142.66468236693572
2.35894395472767 178.7263167987343
102.98783778853765 156.69111196653597
104.18422600168931 139.83211269838472
98.60422893085263 144.53372945962778
94.08069982872624 144.2005109628151
77.40066775259088 168.7640964788951
99.55402366353614 142.15056207219752
102.99440031630142 163.9536421868085
99.54010779626968 168.10229255062026
87.95456790193595 175.93698440204474
102.55934746532652 158.65735101168698
97.34870283948838 155.97232799427817
84.83892103212217 161.353103128067
91.98902675766206 154.11419502457215
88.73834921364507 149.9522149786588
92.24851179089902 160.72940432481306
78.41237299316538 169.8703779224305
89.72515499575177 159.71559521077663
84.41698096145349 145.03574407536377
86.14373637929285 136.9888870615635
89.15155528152658 156.5986490112522
104.50303062674493 134.25779485899727
93.87257943359373 153.72307734745132
91.71060904066896 145.70973331971447
100.07070413906965 141.15982187934705
15.405155612558191 171.1447160303567
86.58707988793518 149.7069878787793
83.7088744334599 161.49140090665077
83.6051058862929 153.92644135727826
95.17756441833258 162.5940389334359
89.60588326633864 147.46207418293187
88.4680918416961 144.9521293973332
86.08416764993373 160.62514746359068
114.9560668736664 156.45804407469524
95.40908922054093 167.09416394228765
81.38729734797421 175.61543909774218
94.41046926929495 144.40098972748663
92.73193255110783 151.48619446449158
77.48225569453734 172.61845461184794
86.61266897599012 148.09552103959942
85.62146285353691 169.11180484923943
92.12033695203739 160.84362736775128
93.01489809918404 140.48627871593538
89.05606689825396 153.10919826398876
90.88981452348675 146.73856439726202
102.92242469438625 148.10904413706672
74.10938457813215 169.25840717454454
96.81835223520164 140.78825299247978
94.80136369042344 137.32034545349373
82.49931477009059 165.602109701841
93.57710731269759 156.13902037959224
97.6159963990169 142.76214869906232
95.42156264648227 140.28201183849464
96.99840721655883 136.00256095907233
103.1752378922169 141.63710776124208
94.67099200632316 142.1003389201858
102.20622308142939 153.9386805248087
6.867736736065596 178.03199612358029
85.11781166945009 151.65915290954712
72.65016968488338 154.78819930692725
