93.81143534440123 104.563334439708
88.93402668513377 97.93899411724739
99.66903384171387 113.08712584197016
103.13248193599432 119.18648000080944
101.7212093251596 116.74843340238698
94.29740987483255 105.10500739426973
91.65535783645785 102.16014497017963
92.20953617709294 102.6598954959709
104.62338220363443 121.64051775745406
95.55081310764298 107.14601185151926
97.5181948361969 110.67849301673763
91.07836199236968 101.22602834334798
90.7130754878763 101.10986592914742
99.5546581640194 113.4773421088163
91.65535783645785 101.63364876475269
103.13248193599432 119.04970698418965
92.36848740490288 103.01413176183226
92.130163166134 102.68936860158887
86.3678388757744 94.73150029564289
97.96711187738916 110.51975375259164
99.4404137386823 112.8277274173542
96.18374855073087 108.44560873016152
102.95500761448733 120.21729878629381
88.78098560875762 98.02337161736489
96.84867335821355 109.25800838358045
94.67712989921384 106.80822249367829
96.01823187554182 107.577471064308
95.55081310764298 107.73198433470185
103.07328986250174 118.77663163442939
96.18374855073087 107.8557547231989
87.3150988771893 96.15614263769068
102.77783869758423 117.35322923450514
100.96485035043814 116.54752823055225
94.5142058710544 105.98361115973482
95.93558037888666 108.22791972122681
93.81143534440123 104.563334439708
94.00012712041863 104.83382106674834
91.83971289070239 101.7504129390104
93.81143534440123 105.10500739426973
89.08733157442998 98.78604786836756
91.65535783645785 101.63364876475269
94.67712989921384 106.80822249367829
93.48884453105215 104.83382106674834
103.13248193599432 118.36819261987704
95.93558037888666 108.22791972122681
90.94773397451164 100.76217789124509
95.77049076098442 108.04167697539084
92.130163166134 102.16014497017963
102.39501791560168 117.62303208779159
96.01823187554182 108.1347582520964
100.93587220266487 114.55739357650972
100.84898765229569 115.08474917673847
87.79261777335975 96.10095457904097
96.70976934241642 109.03868859883579
90.24557331233703 100.58878247964321
93.3279653498266 104.563334439708
90.7130754878763 101.10986592914742
89.0106461247626 98.02337161736489
93.81143534440123 104.563334439708
91.73432178780655 101.28415958682584
91.65535783645785 102.16014497017963
96.84867335821355 109.25800838358045
92.130163166134 102.68936860158887
101.05183472013775 115.31622997260256
97.96711187738916 111.15608010053698
96.70976934241642 109.03868859883579
91.07836199236968 100.30045295216922
92.42153201327977 102.71885016877745
92.84698698364248 104.02445307040931
93.3279653498266 104.02445307040931
97.4062873641164 110.51975375259164
93.81143534440123 104.563334439708
95.77049076098442 107.42317940266734
94.21623964388138 106.28827782500149
98.10782181133213 112.0209361144492
105.28618789540788 120.84006449830865
86.3678388757744 94.35156220879726
96.84867335821355 109.25800838358045
96.70976934241642 109.03868859883579
89.62598278641497 99.29779255119594
88.12084505699569 96.59878958288773
103.84544381084098 119.18648000080944
95.55081310764298 107.73198433470185
102.95500761448733 117.55552327748201
96.04579819514157 108.9761067046747
92.130163166134 102.68936860158887
92.130163166134 102.68936860158887
96.51563834818835 108.1347582520964
91.39263524091605 101.25508979339367
95.03109607492914 106.56322657177637
92.98034289416093 104.26361218373768
93.56938808841154 103.66674259725669
95.93558037888666 108.22791972122681
97.23866689735414 109.63501197118656
94.5142058710544 105.98361115973482
90.94773397451164 100.76217789124509
113.50992084536247 136.40173153296377
102.30687734775898 119.66642418116292
92.84698698364248 103.48834889955913
90.94773397451164 100.2716654945809
92.66060997109474 102.6598954959709
85.70103722733967 93.73068343527798
100.07038450458643 113.54250893508923
90.50499849680922 100.2716654945809
99.4404137386823 113.54250893508923
96.84867335821355 109.88707013134857
91.39263524091605 101.25508979339367
102.42441497628639 118.36819261987704
94.67712989921384 106.19678597946815
91.57646185645827 101.31323772603987
95.77049076098442 108.04167697539084
95.93558037888666 108.22791972122681
91.65535783645785 102.16014497017963
98.10782181133213 111.34769146898142
93.48884453105215 105.40714837394788
100.93587220266487 114.55739357650972
95.77049076098442 108.04167697539084
92.130163166134 102.16014497017963
95.93558037888666 108.22791972122681
108.32116145187057 126.19306030779389
89.93524448313723 98.87115513172829
114.26181870691384 136.79383989979524
97.96711187738916 110.51975375259164
104.62338220363443 121.46605634446539
95.93558037888666 108.88230120396038
96.84867335821355 109.88707013134857
96.51563834818835 108.88230120396038
100.93587220266487 114.55739357650972
96.70976934241642 107.8557547231989
86.6658580836263 94.86756292822923
96.51563834818835 108.22791972122681
89.62598278641497 99.78354092255798
96.70976934241642 109.03868859883579
89.83203886209441 99.38334069857252
96.84867335821355 109.25800838358045
89.16408309100561 98.44635077906916
106.83888656173734 124.03822110844656
93.3279653498266 104.02445307040931
110.55148338137703 129.83069415795958
92.84698698364248 103.48834889955913
91.39263524091605 101.25508979339367
91.18299948064288 101.63364876475269
95.77049076098442 108.66373559750417
96.84867335821355 109.25800838358045
90.94773397451164 100.76217789124509
91.83971289070239 102.2481591234994
92.84698698364248 104.02445307040931
91.99802661540926 101.77962493706217
98.10782181133213 111.34769146898142
101.05183472013775 116.08009295543987
97.5181948361969 110.67849301673763
102.39501791560168 119.04970698418965
92.66060997109474 102.6598954959709
103.13248193599432 118.19842449887516
108.88230120396038 128.23800498821763
103.75605473145325 120.21729878629381
93.56938808841154 104.1738631493582
90.66101143462919 100.30045295216922
94.00012712041863 105.40714837394788
93.48884453105215 104.26361218373768
100.93587220266487 115.25004513314856
95.03109607492914 107.14601185151926
91.65535783645785 101.63364876475269
95.77049076098442 108.04167697539084
93.11389034346219 103.66674259725669
102.42441497628639 117.55552327748201
95.22224106945386 106.80822249367829
105.37689523227196 121.78026728711136
99.5546581640194 113.4773421088163
88.5265021663874 97.04347421712595
89.93524448313723 98.87115513172829
100.32924867448227 114.55739357650972
96.70976934241642 109.03868859883579
93.81143534440123 104.563334439708
94.5142058710544 105.98361115973482
87.71704679988412 96.59878958288773
89.5488336713793 98.87115513172829
94.5142058710544 105.40714837394788
103.87525728102419 119.04970698418965
97.96711187738916 111.15608010053698
94.5142058710544 105.40714837394788
98.87115513172824 112.8277274173542
92.66060997109474 102.6598954959709
107.26910903194026 125.65086616408529
96.84867335821355 108.63254777543716
92.84698698364248 103.48834889955913
104.563334439708 121.15265611211504
92.20953617709294 102.6598954959709
106.0444745483891 123.11592159621847
101.54616357556678 116.64793756358257
93.3279653498266 104.02445307040931
91.65535783645785 101.63364876475269
87.71704679988412 96.59878958288773
99.52608475866316 112.8277274173542
100.84898765229569 115.8470788141721
95.55081310764298 106.56322657177637
98.81440881310002 112.8277274173542
97.5181948361969 110.67849301673763
98.87115513172824 112.8277274173542
95.03109607492914 106.56322657177637
96.84867335821355 109.25800838358045
98.19234476177722 111.41163529715897
106.83888656173734 124.03822110844656
91.49763378929876 101.22602834334798
98.81440881310002 112.8277274173542
98.10782181133213 111.34769146898142
91.07836199236968 100.76217789124509
97.57419677581974 111.41163529715897
95.55081310764298 106.56322657177637
90.7130754878763 100.58878247964321
93.48884453105215 104.83382106674834
101.54616357556678 115.94688468816912
92.36848740490288 103.01413176183226
98.10782181133213 111.34769146898142
98.87115513172824 112.8277274173542
92.20953617709294 103.1620907186457
92.36848740490288 103.01413176183226
90.94773397451164 100.2716654945809
96.84867335821355 109.25800838358045
93.48884453105215 104.83382106674834
100.1853526864469 114.32743603589722
102.39501791560168 118.19842449887516
91.39263524091605 101.25508979339367
92.66060997109474 102.6598954959709
90.06441826470395 99.78354092255798
94.29740987483255 105.64948639543725
93.11389034346219 103.66674259725669
101.7212093251596 116.74843340238698
99.5546581640194 114.26181870691384
103.07328986250174 117.62303208779159
97.7704569483191 109.63501197118656
97.5181948361969 110.0133164401392
93.3279653498266 104.563334439708
94.00012712041863 104.83382106674834
91.86607957990341 102.45382047670961
96.01823187554182 107.577471064308
103.13248193599432 118.36819261987704
96.70976934241642 109.63501197118656
101.54616357556678 115.94688468816912
95.77049076098442 108.04167697539084
98.53116538278547 111.79607014847569
89.93524448313723 98.87115513172829
99.4404137386823 112.8277274173542
94.78590191545189 105.64948639543725
99.52608475866316 113.57510638068196
94.78590191545189 105.64948639543725
94.78590191545189 105.64948639543725
88.12084505699569 96.59878958288773
91.83971289070239 101.7504129390104
107.45402002155818 125.18284928952097
93.11389034346219 103.66674259725669
98.53116538278547 111.15608010053698
98.10782181133213 110.67849301673763
87.71704679988412 96.59878958288773
89.42039936065935 98.92793403816138
91.83971289070239 102.74834019996592
89.83203886209441 99.38334069857252
93.3279653498266 104.02445307040931
92.28897757037807 102.2481591234994
100.1853526864469 114.32743603589722
94.29740987483255 105.10500739426973
93.48884453105215 104.83382106674834
108.16580316145989 127.76035169280321
101.7212093251596 117.55552327748201
91.83971289070239 101.7504129390104
90.94773397451164 100.76217789124509
94.29740987483255 105.10500739426973
93.3279653498266 104.02445307040931
99.89817955751731 114.06519259680286
101.7212093251596 116.84901582149311
93.81143534440123 104.563334439708
97.57419677581974 110.71026821871462
96.51563834818835 108.1347582520964
101.66282724043603 116.08009295543987
99.52608475866316 112.8277274173542
95.93558037888666 108.88230120396038
93.11389034346219 103.1620907186457
94.5142058710544 105.40714837394788
95.93558037888666 108.22791972122681
94.00012712041863 104.83382106674834
103.13248193599432 118.19842449887516
91.65535783645785 101.63364876475269
95.03109607492914 106.56322657177637
102.39501791560168 116.84901582149311
96.51563834818835 108.88230120396038
97.96711187738916 109.88707013134857
89.26652131557103 98.41809547149714
90.94773397451164 100.76217789124509
95.35900855186728 108.22791972122681
90.24557331233703 99.38334069857252
97.96711187738916 110.51975375259164
91.65535783645785 101.63364876475269
84.62541010723224 92.07728578660577
87.79261777335975 96.10095457904097
96.29425148074505 108.01066769176195
97.57419677581974 110.71026821871462
92.98034289416093 103.69650476327953
94.29740987483255 105.64948639543725
94.00012712041863 105.40714837394788
93.81143534440123 104.563334439708
87.41541285336287 95.68805251730737
94.5142058710544 105.98361115973482
95.03109607492914 106.56322657177637
96.18374855073087 107.8557547231989
94.5142058710544 105.98361115973482
87.79261777335975 96.51563834818835
99.4404137386823 112.8277274173542
102.39501791560168 116.84901582149311
96.93211151296813 110.0133164401392
92.130163166134 102.68936860158887
95.03109607492914 107.14601185151926
97.7704569483191 110.23459658566149
93.3279653498266 104.02445307040931
103.75605473145325 120.21729878629381
103.87525728102419 119.90712053151188
96.51563834818835 108.1347582520964
87.71704679988412 96.59878958288773
99.4404137386823 112.8277274173542
89.83203886209441 98.92793403816138
95.55081310764298 107.73198433470185
93.3279653498266 104.02445307040931
97.01562155229715 109.25800838358045
93.3279653498266 104.563334439708
95.22224106945386 106.80822249367829
93.3279653498266 104.02445307040931
97.5181948361969 110.67849301673763
98.10782181133213 112.0209361144492
95.22224106945386 107.42317940266734
95.03109607492914 106.56322657177637
101.7212093251596 116.84901582149311
91.07836199236968 100.30045295216922
95.03109607492914 106.56322657177637
94.78590191545189 105.64948639543725
92.20953617709294 102.6598954959709
94.00012712041863 105.40714837394788
93.0871655172999 104.41336576636239
102.39501791560168 118.19842449887516
98.10782181133213 110.67849301673763
101.02283160678576 115.34933664399578
93.48884453105215 104.83382106674834
90.24557331233703 99.84084378633115
95.77049076098442 107.42317940266734
89.42039936065935 98.92793403816138
91.65535783645785 101.63364876475269
98.10782181133213 110.67849301673763
97.4062873641164 109.88707013134857
88.78098560875762 97.60220980460059
99.29779255119594 112.0209361144492
98.70101386445508 111.34769146898142
90.7130754878763 101.10986592914742
110.55148338137703 129.83069415795958
92.20953617709294 102.6598954959709
90.06441826470395 100.2716654945809
100.1853526864469 114.32743603589722
87.41541285336287 95.68805251730737
89.16408309100561 98.44635077906916
101.05183472013775 116.08009295543987
89.5488336713793 98.44635077906916
95.77049076098442 107.42317940266734
92.20953617709294 102.6598954959709
97.4062873641164 109.88707013134857
90.24557331233703 99.38334069857252
94.5142058710544 105.98361115973482
93.59625135808876 104.98439363905973
91.39263524091605 101.25508979339367
93.11389034346219 103.66674259725669
101.7212093251596 117.62303208779159
94.5142058710544 105.98361115973482
94.13513928342189 106.19678597946815
101.6920140931033 117.38692071746584
94.67712989921384 106.80822249367829
94.29740987483255 105.10500739426973
92.36848740490288 103.57750734201744
94.67712989921384 106.80822249367829
93.81143534440123 105.10500739426973
92.42153201327977 102.71885016877745
96.70976934241642 109.03868859883579
92.66060997109474 103.1620907186457
91.57646185645827 101.31323772603987
91.65535783645785 101.63364876475269
95.79798595543836 107.17677289709201
93.48884453105215 104.26361218373768
95.55081310764298 107.73198433470185
101.66282724043603 116.08009295543987
91.65535783645785 102.16014497017963
94.5142058710544 105.98361115973482
88.1714503645764 96.93211151296818
98.81440881310002 112.8277274173542
94.67712989921384 106.19678597946815
97.23866689735414 109.03868859883579
101.02283160678576 115.94688468816912
93.3279653498266 104.02445307040931
97.4062873641164 109.25800838358045
97.57419677581974 110.71026821871462
106.0444745483891 123.11592159621847
94.00012712041863 104.83382106674834
91.86607957990341 102.45382047670961
99.29779255119594 112.0209361144492
95.22224106945386 107.42317940266734
97.23866689735414 110.23459658566149
91.65535783645785 102.16014497017963
105.37689523227196 123.045260185357
94.13513928342189 106.19678597946815
100.38686492277432 115.34933664399578
94.5142058710544 105.40714837394788
90.7130754878763 101.63364876475269
97.37833056747394 110.39292627923474
96.70976934241642 109.03868859883579
89.93524448313723 99.29779255119594
92.98034289416093 104.26361218373768
106.01403848630079 124.18072529520128
95.77049076098442 108.04167697539084
102.95500761448733 117.55552327748201
98.10782181133213 111.34769146898142
92.84698698364248 103.19170800181975
103.84544381084098 120.56288243953782
96.6542635340919 108.9761067046747
101.05183472013775 116.08009295543987
96.51563834818835 108.88230120396038
90.06441826470395 99.78354092255798
96.7375341987155 110.39292627923474
90.94773397451164 100.76217789124509
92.8736428558354 103.57750734201744
94.67712989921384 106.80822249367829
93.11389034346219 103.66674259725669
104.563334439708 120.21729878629381
107.63924976160075 124.96742985206603
95.77049076098442 108.04167697539084
95.03109607492914 106.56322657177637
110.07649397449933 128.23800498821763
94.5142058710544 105.98361115973482
97.43425218700533 111.06039810136681
95.03109607492914 106.56322657177637
100.93587220266487 115.25004513314856
93.3279653498266 104.02445307040931
97.96711187738916 111.15608010053698
94.00012712041863 105.40714837394788
98.10782181133213 110.67849301673763
100.07038450458643 113.54250893508923
97.37833056747394 110.39292627923474
89.83203886209441 99.38334069857252
91.07836199236968 100.76217789124509
90.24557331233703 99.38334069857252
98.53116538278547 111.79607014847569
102.42441497628639 117.55552327748201
99.4404137386823 112.8277274173542
104.59335401244202 121.60560544008264
93.48884453105215 104.83382106674834
93.3279653498266 104.563334439708
98.81440881310002 112.11744564709602
90.66101143462919 100.30045295216922
99.4404137386823 113.54250893508923
94.5142058710544 105.98361115973482
86.6658580836263 94.86756292822923
99.52608475866316 113.57510638068196
93.48884453105215 104.83382106674834
95.93558037888666 108.22791972122681
93.11389034346219 103.66674259725669
91.07836199236968 100.76217789124509
97.5181948361969 110.0133164401392
89.0106461247626 98.47461419858855
94.5142058710544 105.98361115973482
98.10782181133213 112.0209361144492
85.30832731355395 93.19411086608662
91.39263524091605 101.7504129390104
104.65341901575965 120.21729878629381
94.5142058710544 105.40714837394788
90.66101143462919 100.30045295216922
104.563334439708 121.15265611211504
106.1053728891651 123.36355624562685
102.42441497628639 116.74843340238698
101.6920140931033 118.23235863286489
99.4404137386823 113.54250893508923
98.19234476177722 112.11744564709602
89.16408309100561 98.44635077906916
87.76742021755283 96.26661385201149
97.4062873641164 109.88707013134857
93.27440050119498 103.19170800181975
96.70976934241642 109.63501197118656
94.00012712041863 105.40714837394788
94.29740987483255 105.64948639543725
102.42441497628639 117.55552327748201
100.1853526864469 114.32743603589722
97.5181948361969 110.67849301673763
101.02283160678576 115.34933664399578
102.95500761448733 119.2891628731518
100.07038450458643 113.54250893508923
97.57419677581974 111.34769146898142
103.13248193599432 119.18648000080944
95.55081310764298 107.14601185151926
96.70976934241642 109.03868859883579
93.81143534440123 104.02445307040931
96.07337242888393 107.73198433470185
96.32189704409366 108.66373559750417
93.11389034346219 103.66674259725669
103.75605473145325 120.21729878629381
96.18374855073087 108.44560873016152
98.19234476177722 111.41163529715897
104.62338220363443 121.46605634446539
85.33281887697179 93.40837030475036
104.62338220363443 121.46605634446539
98.81440881310002 112.11744564709602
94.5142058710544 106.56322657177637
94.02711405296266 104.68346445129251
93.3279653498266 104.563334439708
95.03109607492914 106.56322657177637
91.18299948064288 101.63364876475269
101.02283160678576 114.62318064577613
92.84698698364248 103.48834889955913
96.84867335821355 109.25800838358045
105.40714837394788 122.37599620493447
85.92273046826098 94.4599601890443
95.22224106945386 106.80822249367829
93.3279653498266 104.563334439708
95.55081310764298 107.14601185151926
93.3279653498266 104.02445307040931
92.8736428558354 104.14396397563608
111.06039810136681 131.93458629534396
91.39263524091605 101.25508979339367
96.93211151296813 110.0133164401392
103.84544381084098 121.46605634446539
88.39953412202502 97.46222503844496
95.35900855186728 107.577471064308
90.50499849680922 100.76217789124509
98.81440881310002 112.8277274173542
104.62338220363443 120.77070929765449
86.71562783336293 94.35156220879726
93.81143534440123 105.10500739426973
88.50109397677761 97.07133487830545
91.86607957990341 102.45382047670961
90.94773397451164 100.76217789124509
89.62598278641497 99.29779255119594
95.03109607492914 107.14601185151926
90.94773397451164 101.25508979339367
94.00012712041863 105.40714837394788
98.87115513172824 113.57510638068196
110.77384599275811 130.4658044320124
95.22224106945386 106.80822249367829
94.5142058710544 105.98361115973482
89.16408309100561 98.02337161736489
89.83203886209441 98.92793403816138
91.73432178780655 101.28415958682584
95.22224106945386 106.80822249367829
98.81440881310002 112.8277274173542
95.77049076098442 108.04167697539084
92.36848740490288 103.01413176183226
95.27692450780175 106.19678597946815
95.77049076098442 107.42317940266734
88.12084505699569 97.04347421712595
98.81440881310002 112.11744564709602
92.55427684381817 103.81563889748858
99.52608475866316 112.8277274173542
96.70976934241642 108.44560873016152
94.5142058710544 105.98361115973482
98.10782181133213 111.34769146898142
97.4062873641164 109.88707013134857
95.22224106945386 107.42317940266734
94.02711405296266 104.68346445129251
103.84544381084098 119.18648000080944
90.24557331233703 99.84084378633115
92.84698698364248 103.48834889955913
95.77049076098442 107.42317940266734
91.18299948064288 101.10986592914742
95.93558037888666 108.88230120396038
95.77049076098442 107.42317940266734
83.6112711290202 90.76516944003576
93.81143534440123 104.563334439708
100.93587220266487 115.25004513314856
96.29425148074505 108.63254777543716
95.22224106945386 107.42317940266734
89.93524448313723 98.87115513172829
97.23866689735414 109.63501197118656
103.87525728102419 119.04970698418965
99.29779255119594 112.69825141775165
90.50499849680922 100.2716654945809
94.5142058710544 105.98361115973482
91.65535783645785 101.63364876475269
94.67712989921384 106.19678597946815
90.94773397451164 101.25508979339367
103.13248193599432 118.36819261987704
87.41541285336287 95.88051891020343
100.32924867448227 113.8689048484265
99.4404137386823 112.8277274173542
98.81440881310002 112.11744564709602
101.7212093251596 116.74843340238698
91.99802661540926 101.77962493706217
91.39263524091605 101.25508979339367
95.03109607492914 106.56322657177637
96.07337242888393 107.73198433470185
94.5142058710544 105.98361115973482
89.42039936065935 98.47461419858855
84.62541010723224 92.07728578660577
86.02144478969912 93.97314793345457
103.13248193599432 119.18648000080944
94.5142058710544 105.40714837394788
91.99802661540926 102.2481591234994
102.39501791560168 117.62303208779159
103.84544381084098 120.01042425816269
88.83197001637585 97.93899411724739
100.93587220266487 116.51407766350884
100.32924867448227 113.8689048484265
89.16408309100561 98.44635077906916
101.7212093251596 116.74843340238698
94.02711405296266 104.68346445129251
95.55081310764298 106.56322657177637
97.5181948361969 110.67849301673763
96.01823187554182 107.577471064308
100.1853526864469 115.08474917673847
107.63924976160075 124.96742985206603
103.84544381084098 119.18648000080944
94.5142058710544 105.98361115973482
93.48884453105215 104.83382106674834
96.70976934241642 108.44560873016152
101.7212093251596 116.74843340238698
92.55427684381817 103.221333787957
99.29779255119594 112.0209361144492
98.10782181133213 111.34769146898142
93.11389034346219 103.66674259725669
90.50499849680922 100.2716654945809
94.5142058710544 105.98361115973482
97.5181948361969 110.67849301673763
96.6542635340919 108.9761067046747
98.81440881310002 112.8277274173542
96.32189704409366 108.04167697539084
88.5265021663874 97.04347421712595
94.00012712041863 105.40714837394788
111.76398330805549 133.53484909161125
88.78098560875762 97.60220980460059
98.81440881310002 112.11744564709602
97.01562155229715 109.25800838358045
94.78590191545189 106.19678597946815
103.13248193599432 119.18648000080944
97.01562155229715 108.69493237342758
94.5142058710544 105.98361115973482
98.19234476177722 112.11744564709602
86.71562783336293 94.73150029564289
88.78098560875762 97.60220980460059
92.130163166134 102.68936860158887
90.24557331233703 99.84084378633115
98.81440881310002 112.11744564709602
91.65535783645785 102.16014497017963
92.60742814581214 103.75605473145325
90.66101143462919 100.30045295216922
104.563334439708 121.15265611211504
100.07038450458643 114.26181870691384
90.50499849680922 101.25508979339367
96.01823187554182 108.1347582520964
92.42153201327977 102.2481591234994
91.83971289070239 101.7504129390104
94.00012712041863 105.40714837394788
93.24762960665292 105.19555863847731
94.5142058710544 105.98361115973482
92.84698698364248 103.48834889955913
97.57419677581974 110.71026821871462
98.70101386445508 112.0209361144492
99.89817955751731 112.69825141775165
100.07038450458643 114.26181870691384
103.87525728102419 119.90712053151188
93.81143534440123 105.10500739426973
116.44720532883284 140.737051208721
92.42153201327977 103.19170800181975
96.01823187554182 107.577471064308
95.22224106945386 106.80822249367829
103.87525728102419 119.90712053151188
106.86955943328594 124.25203877154264
95.03109607492914 106.56322657177637
95.55081310764298 107.73198433470185
97.5181948361969 110.67849301673763
103.13248193599432 118.36819261987704
91.18299948064288 101.10986592914742
94.78590191545189 106.19678597946815
101.02283160678576 114.62318064577613
101.7212093251596 116.08009295543987
99.52608475866316 113.57510638068196
95.77049076098442 107.42317940266734
104.65341901575965 120.94417198530401
94.78590191545189 105.64948639543725
96.70976934241642 108.44560873016152
97.23866689735414 109.63501197118656
93.3279653498266 104.02445307040931
96.9599402025123 110.71026821871462
94.78590191545189 106.19678597946815
95.22224106945386 106.80822249367829
98.70101386445508 112.0209361144492
101.02283160678576 115.34933664399578
92.84698698364248 103.19170800181975
92.66060997109474 103.1620907186457
90.94773397451164 100.76217789124509
96.70976934241642 109.03868859883579
87.41541285336287 95.68805251730737
91.65535783645785 102.16014497017963
100.32924867448227 113.8689048484265
88.50109397677761 97.07133487830545
95.77049076098442 107.42317940266734
95.03109607492914 106.56322657177637
88.39953412202502 97.1828575324551
92.20953617709294 102.6598954959709
89.5488336713793 98.44635077906916
94.5142058710544 105.98361115973482
90.66101143462919 100.30045295216922
