86.3678388757744 120.21729878629381
81.8774348683267 111.37965879424645
90.40113905181606 132.8085304630549
93.00703705212081 144.54476236414015
91.73432178780655 140.61590621687904
86.3678388757744 122.09529103721523
84.3828382825514 117.45433270409639
84.86867924301713 117.69057966650037
93.94617648984733 148.71140131526383
87.08981312165103 124.82402287872512
88.55191765055221 131.0287754426927
83.85162496179528 115.64772472780508
83.51532261392312 116.24681852179435
89.78048047286046 137.62094030062548
84.3828382825514 116.24681852179435
92.60742814581214 144.50327624823825
84.64970560878136 120.01042425816269
84.3828382825514 118.06278533008442
80.34082563590246 106.86955943328594
88.85747319872273 129.7934311597205
89.88362685985219 133.80344031125102
87.66670229364057 127.72368290819072
92.36848740490288 148.2000251517027
82.15995957425922 111.06039810136693
87.84303458929993 127.57711298343912
85.87341579570494 126.15684135499131
87.9439550966592 124.96742985206616
87.08981312165103 125.50667491012733
92.84698698364242 145.29355245309182
87.66670229364057 126.33804013153303
80.75701791426958 108.85105065088938
92.76706526165042 139.77080610245585
90.66101143462919 142.4849759153019
86.14499718990855 123.46983779952107
87.64154087711745 128.12761904553443
86.3678388757744 120.21729878629381
86.14499718990855 121.46605634446551
84.52829781208791 116.08009295543998
85.92273046826098 121.46605634446551
82.01857557179206 112.9897816186837
84.3828382825514 116.84901582149311
86.3678388757744 124.71657565638067
85.21043133349494 122.1303439406963
93.00703705212081 142.5668010047816
87.64154087711745 127.35757340539791
83.70732987679393 115.51501262676715
87.36524146754074 126.15684135499131
84.81996953483723 116.84901582149311
92.13016316613395 144.33745082069174
87.9439550966592 125.61480282763796
91.10451010180954 137.2658580993544
90.73911872551908 139.37016450520497
81.595881684409 107.94867582208154
88.14614407917921 127.72368290819072
83.08491503703426 116.24681852179435
85.92273046826098 120.84006449830865
83.51532261392312 115.64772472780508
82.32521563960641 111.47561584646759
85.92273046826098 120.84006449830865
84.52829781208791 115.25004513314856
84.3828382825514 116.84901582149311
87.84303458929993 129.05041305434597
84.3828382825514 118.6743899436538
90.92163086173912 138.7315252651459
89.36907722866623 130.5407272514403
87.66670229364057 128.42219293522436
84.23762906533966 114.06519259680299
85.08821932284357 117.89345523572281
85.47991598748027 120.84006449830865
85.92273046826098 119.59774258209967
88.34879790757307 130.5407272514403
85.92273046826098 120.21729878629381
87.36524146754074 125.43464134528304
85.55355960293994 125.83133820964237
89.08733157442998 132.61805146552436
94.29740987483255 145.54401015532918
80.01860399376193 106.01403848630079
88.34879790757307 127.57711298343912
88.14614407917921 128.42219293522436
82.89433546478419 113.28206595605506
81.50224593913275 109.35213756775599
93.65000103655939 144.54476236414015
87.08981312165103 126.88319948918908
92.4746070836741 142.07655437201385
87.36524146754074 129.23576786116035
84.3828382825514 118.06278533008442
84.3828382825514 118.6743899436538
87.9439550966592 125.61480282763796
83.70732987679393 116.64793756358257
86.61611689884447 124.82402287872512
85.21043133349494 120.80538192081946
85.70103722733967 119.42621099422257
87.64154087711745 126.59215573144331
88.14614407917921 129.12452305455992
86.14499718990855 122.79826446964745
83.70732987679393 115.51501262676715
99.81218824219859 178.03675674876564
91.47137284854907 148.58339208567986
85.47991598748027 119.59774258209967
83.70732987679393 114.39309104705562
84.86867924301713 118.26630250916268
79.83505790342312 104.4433422838943
90.45305386770781 135.5041423696527
83.29984083819313 114.9526831209936
89.88362685985219 135.5041423696527
87.84303458929993 130.5407272514403
84.1168122843485 115.51501262676715
92.36848740490288 143.5523750143194
86.3678388757744 124.71657565638067
84.31020241184402 115.74735885203485
87.36524146754074 126.15684135499131
87.11481614009351 127.35757340539791
84.3828382825514 116.84901582149311
89.08733157442998 131.82101837386804
85.6764399807486 122.79826446964745
91.10451010180954 137.2658580993544
87.8682538535876 126.15684135499131
84.3828382825514 118.06278533008442
87.11481614009351 128.12761904553443
96.01823187554182 158.04232106847059
82.87054377595058 112.0209361144492
100.07038450458643 178.34365733902743
88.85747319872273 130.5407272514403
93.54253252882155 149.69647630963004
87.64154087711745 128.12761904553443
87.84303458929993 129.7934311597205
87.64154087711745 128.12761904553443
91.65535783645785 135.6208834174015
88.14614407917921 124.96742985206616
80.54865296903345 106.10537288916521
87.64154087711745 127.35757340539791
82.89433546478419 113.83622307907781
88.14614407917921 127.72368290819072
83.08491503703426 113.02222037922704
88.34879790757307 129.05041305434597
82.51448676765179 111.06039810136693
94.81311443972685 155.165367016725
85.47991598748027 120.21729878629381
97.21075820983717 163.91018711516318
85.03938361136869 119.59774258209967
84.1168122843485 115.51501262676715
83.94795984564358 116.84901582149311
86.86510863638911 129.08746273607045
88.34879790757307 128.31164844546953
83.70732987679393 115.51501262676715
84.52829781208791 117.21855997359272
85.03938361136869 120.84006449830865
84.69831753920688 116.280192360171
89.08733157442998 131.82101837386804
91.52390226942373 139.6504928443651
88.55191765055221 131.0287754426927
91.94522507461073 145.54401015532918
84.86867924301713 118.26630250916268
92.60742814581214 143.46998426242072
96.51563834818835 161.80650919483045
93.0871655172999 148.2000251517027
86.12027252137457 119.42621099422257
83.85162496179528 113.54250893508934
86.14499718990855 122.1303439406963
85.21043133349494 121.46605634446551
91.10451010180954 138.09581247695976
87.08981312165103 124.82402287872512
84.3828382825514 116.84901582149311
87.36524146754074 126.88319948918908
85.70103722733967 118.84484169271218
91.73432178780655 142.5668010047816
86.86510863638911 124.00262062086772
94.37865003647102 148.71140131526383
89.78048047286046 136.6760891832898
81.8774348683267 109.85553119729789
83.22813720043673 112.0209361144492
91.10451010180954 136.44089173881164
88.14614407917921 129.12452305455992
85.92273046826098 120.21729878629381
86.14499718990855 124.82402287872512
81.12877624714763 109.85553119729789
82.87054377595058 111.5396331379951
86.61611689884447 122.1303439406963
93.27440050119498 145.54401015532918
89.36907722866623 130.5407272514403
86.61611689884447 122.1303439406963
89.54883367137926 134.84450536078015
85.2838427795146 117.69057966650037
95.46856396020813 158.6331885361401
88.34879790757307 127.57711298343912
85.47991598748027 119.59774258209967
93.0871655172999 150.51515368670678
84.86867924301713 117.11765945471892
94.81311443972685 154.01161826867485
91.65535783645785 139.77080610245585
85.92273046826098 120.21729878629381
84.3828382825514 116.84901582149311
81.50224593913275 109.35213756775599
90.14201157195821 134.84450536078015
90.73911872551908 139.37016450520497
87.56609994906488 123.46983779952107
89.88362685985219 134.65110629135242
88.55191765055221 131.0287754426927
89.54883367137926 134.84450536078015
86.61611689884447 123.46983779952107
88.34879790757307 128.31164844546953
88.75550437928516 132.96111062309413
94.81311443972685 155.165367016725
84.62541010723224 115.11778939123633
89.31778455260545 134.65110629135242
88.55191765055221 131.82101837386804
83.85162496179528 115.11778939123633
88.19676391527241 132.96111062309413
87.08981312165103 123.46983779952107
83.51532261392312 115.64772472780508
85.6764399807486 122.1303439406963
91.10451010180954 139.77080610245585
84.64970560878136 120.01042425816269
89.08733157442998 131.0287754426927
89.54883367137926 134.84450536078015
84.86867924301713 119.42621099422257
84.64970560878136 118.70846072477099
84.1168122843485 113.83622307907781
88.34879790757307 128.31164844546953
85.6764399807486 121.46605634446551
90.14201157195821 136.63686147289673
91.28775718412096 144.50327624823825
84.1168122843485 115.51501262676715
85.2838427795146 117.69057966650037
83.29984083819313 114.39309104705562
86.3678388757744 122.09529103721523
85.2838427795146 119.42621099422257
91.73432178780655 141.58799355781846
89.78048047286046 139.53028315067704
92.74043997853146 140.57554773077737
88.6282078913221 128.42219293522436
88.55191765055221 130.24129388318448
85.47991598748027 121.46605634446551
85.6764399807486 122.1303439406963
84.18928154342532 118.70846072477099
87.49072395977954 124.96742985206616
92.36848740490288 142.5668010047816
88.14614407917921 129.12452305455992
91.65535783645785 138.93078503081404
87.36524146754074 126.15684135499131
89.36907722866623 132.8085304630549
83.22813720043673 111.5396331379951
90.45305386770781 132.96111062309413
86.81525309332613 121.46605634446551
90.14201157195821 136.63686147289673
87.26498506578153 121.46605634446551
86.3678388757744 122.09529103721523
81.8774348683267 109.35213756775599
84.52829781208791 116.64793756358257
95.24957886436063 156.77714774033842
85.70103722733967 119.42621099422257
89.36907722866623 129.7934311597205
89.08733157442998 131.0287754426927
81.12877624714763 109.35213756775599
82.32521563960641 113.02222037922704
84.52829781208791 118.36819261987704
82.70419304256721 113.54250893508934
85.47991598748027 120.84006449830865
84.52829781208791 117.21855997359272
90.14201157195821 136.63686147289673
86.3678388757744 121.46605634446551
85.6764399807486 121.46605634446551
96.26661385201143 161.29639672409144
91.73432178780655 141.58799355781846
84.1168122843485 116.64793756358257
83.70732987679393 115.51501262676715
86.3678388757744 122.09529103721523
85.47991598748027 120.21729878629381
90.16789086021231 135.85466732771707
91.52390226942373 142.44408098332082
85.92273046826098 120.84006449830865
88.75550437928516 132.1240836334471
87.9439550966592 126.91962697551783
91.89245383883954 139.41017693224487
90.14201157195821 134.84450536078015
87.11481614009351 128.9023206340534
85.70103722733967 118.26630250916268
86.14499718990855 122.79826446964745
87.11481614009351 128.12761904553443
86.14499718990855 122.1303439406963
92.60742814581214 143.46998426242072
84.3828382825514 116.84901582149311
87.08981312165103 123.46983779952107
92.74043997853146 140.57554773077737
87.64154087711745 128.9023206340534
88.85747319872273 129.05041305434597
82.15995957425922 112.82772741735431
83.70732987679393 115.51501262676715
86.59125701318791 128.9023206340534
83.08491503703426 113.02222037922704
89.36907722866623 130.5407272514403
84.3828382825514 116.24681852179435
79.03698123663735 102.63043084949487
81.24530131895847 107.94867582208154
87.84303458929993 126.84678245799473
88.19676391527241 132.96111062309413
85.21043133349494 120.80538192081946
86.81525309332613 121.46605634446551
86.14499718990855 122.1303439406963
85.92273046826098 121.46605634446551
81.24530131895847 107.48486949462524
86.61611689884447 122.79826446964745
87.08981312165103 124.14508390717646
87.66670229364057 125.65086616408529
86.14499718990855 123.46983779952107
81.595881684409 108.88230120396038
89.88362685985219 133.80344031125102
92.13016316613395 141.50673024714243
88.01972155871432 129.45854507954957
84.81996953483723 118.6743899436538
87.08981312165103 124.82402287872512
89.11290806971114 129.83069415795958
85.03938361136869 120.84006449830865
93.0871655172999 147.05584900517022
93.27440050119498 145.54401015532918
87.9439550966592 125.61480282763796
81.50224593913275 108.85105065088938
89.88362685985219 133.80344031125102
83.08491503703426 111.98878473474471
87.08981312165103 126.19306030779389
85.92273046826098 120.21729878629381
88.39953412202502 126.91962697551783
85.47991598748027 120.84006449830865
86.86510863638911 124.71657565638067
85.47991598748027 119.59774258209967
88.55191765055221 131.82101837386804
89.08733157442998 132.61805146552436
87.36524146754074 125.43464134528304
86.61611689884447 123.46983779952107
91.52390226942373 142.44408098332082
83.85162496179528 114.06519259680299
86.61611689884447 123.46983779952107
86.81525309332613 121.46605634446551
84.86867924301713 117.69057966650037
86.14499718990855 122.79826446964745
84.91741692380404 121.92017737125659
92.60742814581214 143.46998426242072
89.08733157442998 130.24129388318448
91.31396540979776 138.53255128534016
85.6764399807486 122.1303439406963
83.46738965409197 113.02222037922704
87.36524146754074 125.43464134528304
82.70419304256721 113.02222037922704
84.3828382825514 116.84901582149311
89.08733157442998 131.0287754426927
88.34879790757307 129.7934311597205
82.15995957425922 110.1080963457787
90.16789086021231 131.82101837386804
89.62598278641497 131.0287754426927
83.51532261392312 115.64772472780508
97.21075820983717 166.56633369240652
84.86867924301713 118.26630250916268
82.89433546478419 114.9526831209936
90.73911872551908 137.5419538488356
81.24530131895847 107.0230559318578
82.51448676765179 112.0209361144492
90.92163086173912 140.57554773077737
82.87054377595058 111.06039810136693
87.36524146754074 124.71657565638067
84.86867924301713 117.69057966650037
88.85747319872273 129.05041305434597
83.46738965409197 112.50431595406522
86.61611689884447 123.46983779952107
85.38182310001574 123.29275270681424
84.1168122843485 116.08009295543998
85.70103722733967 118.84484169271218
91.52390226942373 143.3876407980434
86.14499718990855 124.14508390717646
85.87341579570494 124.71657565638067
91.31396540979776 144.54476236414015
86.3678388757744 124.71657565638067
85.92273046826098 122.09529103721523
84.64970560878136 119.3576672636207
86.3678388757744 126.15684135499131
85.92273046826098 122.09529103721523
85.08821932284357 117.35322923450526
88.14614407917921 127.72368290819072
85.2838427795146 118.26630250916268
84.31020241184402 115.74735885203485
84.3828382825514 115.64772472780508
87.74222989375285 124.0738318167348
85.6764399807486 120.80538192081946
87.08981312165103 125.50667491012733
91.89245383883954 139.41017693224487
84.3828382825514 117.45433270409639
86.61611689884447 123.46983779952107
81.595881684409 109.35213756775599
89.31778455260545 133.80344031125102
86.3678388757744 124.71657565638067
88.6282078913221 127.72368290819072
91.10451010180954 140.61590621687904
85.47991598748027 120.21729878629381
88.34879790757307 128.31164844546953
88.19676391527241 132.1240836334471
94.81311443972685 150.6015902800344
86.14499718990855 122.1303439406963
84.18928154342532 118.70846072477099
90.16789086021231 132.61805146552436
86.86510863638911 126.15684135499131
88.6282078913221 129.83069415795958
83.94795984564358 117.45433270409639
93.81143534440119 152.86644834332995
85.87341579570494 124.71657565638067
90.73911872551908 139.41017693224487
86.61611689884447 122.1303439406963
83.51532261392312 117.45433270409639
87.61638668222885 132.8085304630549
88.14614407917921 127.72368290819072
83.22813720043673 112.50431595406522
85.21043133349494 121.46605634446551
94.35156220879726 155.47746573444837
87.36524146754074 126.88319948918908
92.4746070836741 142.97663183961131
88.55191765055221 132.61805146552436
85.87341579570494 117.89345523572281
92.84698698364242 149.69647630963004
87.36524146754074 129.23576786116035
91.52390226942373 139.6504928443651
87.64154087711745 129.68170632234512
83.29984083819313 114.39309104705562
87.61638668222885 131.93458629534396
83.70732987679393 114.9526831209936
85.11264769443729 119.3576672636207
86.3678388757744 125.43464134528304
85.2838427795146 120.01042425816269
93.0871655172999 148.2000251517027
96.23898415561557 154.01161826867485
87.36524146754074 126.88319948918908
86.61611689884447 124.82402287872512
97.57419677581974 161.8994300940917
86.61611689884447 122.1303439406963
88.47569307962917 132.84665908013943
86.61611689884447 124.82402287872512
91.10451010180954 137.2658580993544
85.47991598748027 120.21729878629381
88.85747319872273 131.29232596035519
85.6764399807486 123.46983779952107
89.08733157442998 131.82101837386804
90.45305386770781 135.5041423696527
88.19676391527241 131.06639310165264
83.08491503703426 112.50431595406522
83.85162496179528 115.11778939123633
83.08491503703426 113.02222037922704
89.36907722866623 132.04825205912854
92.36848740490288 142.5668010047816
89.88362685985219 133.80344031125102
93.91921278737458 148.66871932298687
85.21043133349494 122.1303439406963
85.47991598748027 121.46605634446551
89.31778455260545 133.80344031125102
83.85162496179528 114.59028239004202
89.88362685985219 134.65110629135242
86.61611689884447 123.46983779952107
80.54865296903345 106.56322657177648
89.54883367137926 135.73772504120657
85.6764399807486 121.46605634446551
87.11481614009351 128.12761904553443
85.70103722733967 118.26630250916268
83.85162496179528 114.59028239004202
88.01972155871432 131.0287754426927
82.32521563960641 111.98878473474471
86.61611689884447 122.79826446964745
88.55191765055221 133.41990368054226
79.35525004679911 104.29354570781888
84.1168122843485 116.08009295543998
94.16216497723406 145.58579506035608
86.14499718990855 122.1303439406963
83.85162496179528 113.54250893508934
93.0871655172999 150.51515368670678
95.27692450780175 152.99814755955447
92.36848740490288 140.61590621687904
91.31396540979776 145.58579506035608
89.88362685985219 135.5041423696527
88.75550437928516 133.80344031125102
82.51448676765179 111.5396331379951
81.642739890175 108.16580316145989
88.34879790757307 130.5407272514403
85.47991598748027 118.43616812319219
88.14614407917921 129.12452305455992
86.14499718990855 122.1303439406963
86.3678388757744 122.09529103721523
92.36848740490288 142.5668010047816
90.14201157195821 138.4530416216253
88.01972155871432 131.0287754426927
90.73911872551908 138.53255128534016
91.65535783645785 148.2000251517027
90.45305386770781 134.65110629135242
88.37416237379793 133.07566076962502
92.36848740490288 146.55016581458526
87.56609994906488 124.82402287872512
88.14614407917921 127.72368290819072
85.92273046826098 119.59774258209967
87.56609994906488 124.82402287872512
87.8682538535876 126.88319948918908
85.70103722733967 118.84484169271218
93.0871655172999 150.51515368670678
87.66670229364057 127.02897219533115
89.31778455260545 132.1240836334471
93.54253252882155 149.69647630963004
79.30970472776269 104.92413867547111
93.54253252882155 149.69647630963004
89.88362685985219 132.96111062309413
86.14499718990855 125.50667491012733
86.54155864510128 120.01042425816269
85.47991598748027 121.46605634446551
87.08981312165103 122.79826446964745
83.94795984564358 116.84901582149311
90.73911872551908 137.66045053477416
85.47991598748027 119.59774258209967
88.34879790757307 127.57711298343912
94.24328862117223 150.81789899235554
79.8579781205365 106.10537288916521
86.86510863638911 125.43464134528304
85.47991598748027 120.21729878629381
87.08981312165103 124.14508390717646
85.92273046826098 119.59774258209967
85.11264769443729 120.01042425816269
98.44635077906916 169.36272723287672
84.1168122843485 115.51501262676715
88.01972155871432 130.24129388318448
92.84698698364242 149.69647630963004
81.76000316676573 111.18799241520529
87.11481614009351 125.83133820964237
83.70732987679393 115.51501262676715
89.88362685985219 135.5041423696527
93.94617648984733 148.71140131526383
80.66434481113508 105.16536622564516
85.47991598748027 121.46605634446551
81.99503523676631 109.06999302175569
84.18928154342532 118.06278533008442
83.70732987679393 116.08009295543998
82.49080410004328 113.28206595605506
87.08981312165103 124.82402287872512
83.70732987679393 116.64793756358257
86.14499718990855 122.1303439406963
89.54883367137926 136.63686147289673
97.3503817947743 167.47727089372424
87.36524146754074 124.00262062086772
86.61611689884447 122.79826446964745
82.51448676765179 111.06039810136693
82.70419304256721 113.02222037922704
84.89304458583096 114.75486814496143
86.86510863638911 124.71657565638067
89.88362685985219 133.80344031125102
87.36524146754074 126.15684135499131
84.64970560878136 119.3576672636207
87.26498506578153 123.36355624562685
87.36524146754074 126.15684135499131
81.8774348683267 109.35213756775599
89.31778455260545 132.96111062309413
84.91741692380404 120.52827941669209
89.54883367137926 134.84450536078015
88.14614407917921 127.02897219533115
86.61611689884447 122.79826446964745
89.08733157442998 131.0287754426927
88.85747319872273 129.05041305434597
86.86510863638911 126.88319948918908
86.12027252137457 120.59749539672615
93.00703705212081 143.5523750143194
83.08491503703426 114.06519259680299
85.03938361136869 118.98137934509093
87.36524146754074 125.43464134528304
83.94795984564358 115.64772472780508
87.11481614009351 128.12761904553443
87.36524146754074 125.43464134528304
78.4718156472099 100.01294989773093
85.92273046826098 121.46605634446551
91.10451010180954 138.09581247695976
87.84303458929993 127.57711298343912
86.86510863638911 126.15684135499131
83.22813720043673 112.0209361144492
88.6282078913221 128.42219293522436
93.27440050119498 144.50327624823825
90.16789086021231 132.61805146552436
83.70732987679393 113.83622307907781
86.14499718990855 122.79826446964745
83.94795984564358 117.45433270409639
86.3678388757744 124.00262062086772
83.70732987679393 116.08009295543998
92.36848740490288 144.54476236414015
81.31529668171848 107.29990541805365
91.10451010180954 134.80580333736103
89.88362685985219 133.80344031125102
89.31778455260545 133.80344031125102
91.73432178780655 141.58799355781846
84.69831753920688 116.280192360171
84.52829781208791 116.08009295543998
87.08981312165103 124.14508390717646
87.56609994906488 126.19306030779389
86.61611689884447 123.46983779952107
82.32521563960641 111.98878473474471
79.03698123663735 102.63043084949487
80.01860399376193 105.58884970711384
93.00703705212081 144.54476236414015
86.61611689884447 122.79826446964745
84.69831753920688 116.81547872382116
92.13016316613395 141.50673024714243
93.65000103655939 145.54401015532918
81.76000316676573 111.73190567695141
90.63499061473486 142.44408098332082
91.10451010180954 134.80580333736103
82.51448676765179 111.5396331379951
91.10451010180954 142.5668010047816
86.12027252137457 121.18743839016275
87.08981312165103 124.14508390717646
88.55191765055221 131.0287754426927
87.49072395977954 126.26552941118582
90.14201157195821 138.4530416216253
96.23898415561557 155.165367016725
93.00703705212081 145.54401015532918
86.14499718990855 123.46983779952107
85.6764399807486 122.1303439406963
88.14614407917921 127.02897219533115
91.10451010180954 141.58799355781846
84.43129695862356 120.52827941669209
90.16789086021231 132.61805146552436
89.08733157442998 131.82101837386804
85.2838427795146 118.84484169271218
83.29984083819313 114.39309104705562
86.61611689884447 123.46983779952107
88.55191765055221 130.24129388318448
87.36524146754074 130.0544969130693
89.88362685985219 133.80344031125102
87.8682538535876 125.43464134528304
81.8774348683267 109.85553119729789
86.14499718990855 122.79826446964745
98.67268546546065 174.39488470772082
82.15995957425922 110.5832221195686
89.88362685985219 133.80344031125102
88.85747319872273 126.91962697551783
86.81525309332613 123.36355624562685
92.36848740490288 145.54401015532918
88.39953412202502 126.91962697551783
86.14499718990855 124.14508390717646
89.31778455260545 132.96111062309413
80.98916674441026 105.58884970711384
82.15995957425922 110.5832221195686
84.3828382825514 118.06278533008442
83.08491503703426 114.59028239004202
89.31778455260545 133.80344031125102
84.3828382825514 116.84901582149311
84.81996953483723 119.90712053151188
83.46738965409197 114.59028239004202
93.0871655172999 150.51515368670678
90.45305386770781 137.22646111806418
83.29984083819313 116.64793756358257
87.9439550966592 125.61480282763796
85.08821932284357 116.81547872382116
84.1168122843485 117.21855997359272
86.14499718990855 122.79826446964745
84.67400808543876 124.53770244527263
86.14499718990855 124.14508390717646
85.03938361136869 118.98137934509093
88.75550437928516 131.29232596035519
89.08733157442998 133.41990368054226
90.16789086021231 133.41990368054226
90.45305386770781 136.36258256657425
93.27440050119498 146.5922395815079
85.92273046826098 121.46605634446551
101.98434388333192 185.2309456872704
85.08821932284357 118.43616812319219
87.49072395977954 126.26552941118582
86.86510863638911 124.71657565638067
92.60742814581214 146.5922395815079
95.27692450780175 152.99814755955447
86.61611689884447 124.14508390717646
87.08981312165103 125.50667491012733
88.55191765055221 131.0287754426927
93.00703705212081 143.5523750143194
83.94795984564358 116.84901582149311
86.81525309332613 122.72778537558511
91.31396540979776 136.79383989979524
91.52390226942373 140.57554773077737
89.54883367137926 137.5419538488356
87.36524146754074 125.43464134528304
93.73068343527798 146.67642335627949
86.81525309332613 122.09529103721523
88.14614407917921 126.33804013153303
88.6282078913221 129.12452305455992
85.47991598748027 119.59774258209967
88.19676391527241 132.1240836334471
86.81525309332613 123.36355624562685
87.36524146754074 124.00262062086772
89.62598278641497 131.82101837386804
91.31396540979776 138.53255128534016
85.47991598748027 117.89345523572281
85.2838427795146 118.84484169271218
83.70732987679393 114.9526831209936
87.66670229364057 128.42219293522436
81.24530131895847 107.48486949462524
84.3828382825514 118.06278533008442
91.10451010180954 135.6208834174015
81.99503523676631 109.95017516602609
87.36524146754074 125.43464134528304
86.61611689884447 124.14508390717646
82.15995957425922 110.1080963457787
84.86867924301713 117.11765945471892
82.87054377595058 111.5396331379951
86.61611689884447 123.46983779952107
83.46738965409197 114.59028239004202
