60.602418861926516 1000.0
41.3219299817572 1000.0
55.0787321387782 1000.0
53.351740651886296 968.6450392042332
60.602418861926516 1000.0
72.74339481842368 1000.0
48.536724685652395 1000.0
55.205501738083214 1000.0
62.56411421020948 1000.0
66.43960268582163 968.9632169574098
46.99941935107911 968.326965930856
55.0787321387782 968.6450392042332
58.7022323943822 1000.0
58.7022323943822 1000.0
45.51080514074241 1000.0
50.12431378381976 1000.0
44.06933985900555 1000.0
45.51080514074241 1000.0
56.86162619903238 1000.0
50.12431378381976 1000.0
58.7022323943822 1000.0
58.7022323943822 1000.0
50.12431378381976 1000.0
68.34290133793492 1000.0
44.06933985900555 1000.0
41.3219299817572 1000.0
50.12431378381976 1000.0
48.536724685652395 968.326965930856
68.56772426764053 1000.0
60.602418861926516 1000.0
53.351740651886296 1000.0
48.536724685652395 1000.0
84.24618458281786 1000.0
42.673530156246606 1000.0
42.673530156246606 1000.0
62.236216369035255 1000.0
66.24350987019967 1000.0
42.673530156246606 1000.0
42.673530156246606 1000.0
60.324413108251605 1000.0
45.51080514074241 1000.0
44.06933985900555 968.326965930856
48.48892647664517 1000.0
57.011220053150076 1000.0
48.48892647664517 1000.0
44.06933985900555 1000.0
56.86162619903238 1000.0
50.058509065901006 1000.0
50.12431378381976 1000.0
46.99941935107911 1000.0
66.43960268582163 968.9632169574098
72.74339481842368 1000.0
53.45697600072877 1000.0
79.54073024677876 969.5998860404499
55.0787321387782 1000.0
56.86162619903238 1000.0
75.04878085118575 1000.0
46.99941935107911 1000.0
60.602418861926516 1000.0
51.763831378624296 968.326965930856
42.673530156246606 1000.0
58.7022323943822 1000.0
75.04878085118575 1000.0
44.06933985900555 1000.0
48.536724685652395 1000.0
50.12431378381976 1000.0
56.86162619903238 1000.0
45.51080514074241 1000.0
42.673530156246606 1000.0
45.51080514074241 1000.0
64.37753115182589 1000.0
62.379459684649085 1000.0
66.43960268582163 1000.0
58.7022323943822 1000.0
56.86162619903238 1000.0
50.12431378381976 1000.0
60.602418861926516 1000.0
44.06933985900555 968.326965930856
55.0787321387782 1000.0
55.0787321387782 1000.0
51.763831378624296 1000.0
60.602418861926516 1000.0
55.0787321387782 1000.0
58.7022323943822 1000.0
56.86162619903238 1000.0
46.96855808794114 1000.0
46.99941935107911 968.326965930856
55.0787321387782 968.6450392042332
55.0787321387782 1000.0
41.3219299817572 1000.0
55.0787321387782 968.6450392042332
58.7022323943822 1000.0
42.673530156246606 1000.0
45.51080514074241 1000.0
53.45697600072877 1000.0
44.06933985900555 1000.0
48.48892647664517 1000.0
68.56772426764053 1000.0
53.351740651886296 1000.0
46.99941935107911 968.326965930856
42.673530156246606 1000.0
48.536724685652395 1000.0
44.06933985900555 1000.0
66.43960268582163 968.9632169574098
44.06933985900555 1000.0
62.56411421020948 1000.0
58.7022323943822 1000.0
56.86162619903238 1000.0
51.678898915360506 1000.0
45.51080514074241 1000.0
44.06933985900555 1000.0
55.0787321387782 1000.0
60.602418861926516 1000.0
46.99941935107911 1000.0
48.536724685652395 1000.0
51.678898915360506 968.6450392042332
48.536724685652395 1000.0
58.7022323943822 1000.0
51.763831378624296 1000.0
50.058509065901006 1000.0
53.45697600072877 1000.0
68.56772426764053 1000.0
56.86162619903238 968.6450392042332
55.0787321387782 1000.0
48.536724685652395 1000.0
48.536724685652395 1000.0
60.602418861926516 968.6450392042332
48.48892647664517 1000.0
55.0787321387782 1000.0
41.3219299817572 968.326965930856
51.678898915360506 1000.0
66.43960268582163 1000.0
60.602418861926516 968.6450392042332
42.673530156246606 1000.0
46.99941935107911 1000.0
68.34290133793492 1000.0
53.351740651886296 1000.0
60.602418861926516 1000.0
55.205501738083214 1000.0
46.99941935107911 1000.0
45.51080514074241 1000.0
44.06933985900555 1000.0
56.86162619903238 968.6450392042332
91.90683771739745 1000.0
41.3219299817572 1000.0
46.99941935107911 1000.0
64.37753115182589 1000.0
60.602418861926516 968.6450392042332
58.7022323943822 1000.0
53.45697600072877 1000.0
44.06933985900555 1000.0
58.7022323943822 1000.0
44.06933985900555 1000.0
51.763831378624296 1000.0
66.43960268582163 1000.0
55.0787321387782 1000.0
53.351740651886296 1000.0
68.56772426764053 968.9632169574098
58.7022323943822 1000.0
56.86162619903238 1000.0
44.06933985900555 1000.0
45.51080514074241 1000.0
68.34290133793492 1000.0
48.48892647664517 1000.0
45.51080514074241 968.326965930856
64.58930947667632 1000.0
50.12431378381976 1000.0
51.678898915360506 1000.0
45.51080514074241 1000.0
44.06933985900555 1000.0
51.678898915360506 1000.0
44.06933985900555 1000.0
46.99941935107911 1000.0
56.86162619903238 1000.0
50.058509065901006 1000.0
48.536724685652395 1000.0
53.45697600072877 1000.0
53.351740651886296 1000.0
44.06933985900555 937.657112948859
46.99941935107911 1000.0
55.0787321387782 1000.0
51.763831378624296 1000.0
72.74339481842368 1000.0
86.5174009622899 1000.0
53.351740651886296 1000.0
62.56411421020948 1000.0
48.536724685652395 1000.0
44.06933985900555 1000.0
44.06933985900555 1000.0
46.99941935107911 1000.0
46.99941935107911 1000.0
60.602418861926516 1000.0
55.0787321387782 1000.0
46.99941935107911 1000.0
62.379459684649085 1000.0
53.45697600072877 1000.0
41.3219299817572 937.657112948859
45.51080514074241 1000.0
58.56743317610407 1000.0
72.74339481842368 1000.0
58.7022323943822 1000.0
70.50882678829632 1000.0
60.602418861926516 1000.0
68.56772426764053 968.9632169574098
66.43960268582163 1000.0
55.205501738083214 1000.0
60.602418861926516 1000.0
56.86162619903238 968.6450392042332
46.99941935107911 1000.0
50.12431378381976 1000.0
48.536724685652395 1000.0
62.56411421020948 1000.0
75.04878085118575 1000.0
58.7022323943822 1000.0
55.0787321387782 1000.0
44.06933985900555 968.326965930856
50.12431378381976 1000.0
48.536724685652395 1000.0
44.06933985900555 1000.0
56.86162619903238 1000.0
57.011220053150076 968.326965930856
53.351740651886296 1000.0
45.51080514074241 1000.0
55.0787321387782 1000.0
45.51080514074241 1000.0
53.45697600072877 1000.0
48.536724685652395 1000.0
53.45697600072877 1000.0
51.763831378624296 1000.0
50.058509065901006 1000.0
45.51080514074241 968.326965930856
53.45697600072877 1000.0
56.86162619903238 1000.0
51.763831378624296 1000.0
77.42722925302368 1000.0
53.351740651886296 1000.0
53.45697600072877 1000.0
60.602418861926516 1000.0
48.536724685652395 1000.0
45.51080514074241 1000.0
48.536724685652395 1000.0
50.058509065901006 1000.0
41.3219299817572 968.326965930856
79.54073024677876 969.5998860404499
42.673530156246606 1000.0
45.51080514074241 1000.0
66.6800601484916 1000.0
45.51080514074241 1000.0
44.06933985900555 968.326965930856
45.51080514074241 1000.0
64.58930947667632 1000.0
64.58930947667632 1000.0
51.763831378624296 1000.0
41.3219299817572 1000.0
56.86162619903238 1000.0
53.45697600072877 1000.0
51.678898915360506 1000.0
56.86162619903238 1000.0
46.96855808794114 1000.0
62.56411421020948 1000.0
64.58930947667632 1000.0
55.0787321387782 1000.0
48.536724685652395 968.326965930856
48.48892647664517 1000.0
51.763831378624296 1000.0
53.45697600072877 1000.0
55.0787321387782 1000.0
44.06933985900555 1000.0
62.379459684649085 1000.0
45.51080514074241 1000.0
64.37753115182589 1000.0
48.536724685652395 968.326965930856
55.0787321387782 1000.0
44.06933985900555 1000.0
51.678898915360506 1000.0
48.536724685652395 1000.0
42.673530156246606 1000.0
62.56411421020948 1000.0
62.56411421020948 1000.0
56.86162619903238 1000.0
56.86162619903238 1000.0
42.673530156246606 1000.0
50.12431378381976 1000.0
46.99941935107911 968.326965930856
48.536724685652395 1000.0
46.99941935107911 1000.0
46.99941935107911 1000.0
45.51080514074241 968.326965930856
42.673530156246606 1000.0
62.56411421020948 1000.0
50.058509065901006 968.6450392042332
55.0787321387782 1000.0
48.536724685652395 1000.0
45.51080514074241 1000.0
62.379459684649085 968.9632169574098
44.06933985900555 1000.0
54.98836069081142 1000.0
55.0787321387782 1000.0
68.56772426764053 1000.0
46.99941935107911 1000.0
64.20860856089367 1000.0
56.86162619903238 1000.0
48.536724685652395 1000.0
53.351740651886296 1000.0
48.536724685652395 1000.0
53.351740651886296 1000.0
55.0787321387782 1000.0
64.37753115182589 1000.0
53.351740651886296 1000.0
58.7022323943822 1000.0
45.51080514074241 968.326965930856
53.45697600072877 1000.0
53.45697600072877 1000.0
50.12431378381976 1000.0
44.06933985900555 1000.0
44.06933985900555 1000.0
51.763831378624296 1000.0
48.536724685652395 1000.0
66.24350987019967 1000.0
51.678898915360506 1000.0
74.77814463130585 1000.0
56.86162619903238 1000.0
62.56411421020948 968.6450392042332
41.3219299817572 1000.0
46.99941935107911 1000.0
44.06933985900555 1000.0
44.06933985900555 1000.0
53.351740651886296 1000.0
53.45697600072877 1000.0
62.379459684649085 1000.0
50.12431378381976 1000.0
44.06933985900555 1000.0
45.51080514074241 1000.0
60.602418861926516 968.6450392042332
53.45697600072877 1000.0
46.99941935107911 1000.0
48.536724685652395 1000.0
53.45697600072877 1000.0
45.51080514074241 1000.0
48.536724685652395 1000.0
51.678898915360506 1000.0
51.678898915360506 968.6450392042332
53.351740651886296 968.6450392042332
42.673530156246606 1000.0
50.058509065901006 1000.0
42.673530156246606 1000.0
51.678898915360506 1000.0
46.99941935107911 1000.0
53.351740651886296 968.6450392042332
44.06933985900555 1000.0
55.0787321387782 1000.0
46.99941935107911 1000.0
60.602418861926516 1000.0
46.99941935107911 1000.0
73.03064791588908 1000.0
51.763831378624296 1000.0
62.379459684649085 1000.0
45.51080514074241 1000.0
46.99941935107911 1000.0
46.99941935107911 1000.0
51.678898915360506 1000.0
53.351740651886296 1000.0
55.0787321387782 1000.0
46.99941935107911 1000.0
45.51080514074241 1000.0
51.763831378624296 1000.0
48.536724685652395 1000.0
53.351740651886296 1000.0
55.205501738083214 1000.0
62.56411421020948 1000.0
73.03064791588908 1000.0
45.51080514074241 1000.0
46.99941935107911 1000.0
44.06933985900555 1000.0
62.379459684649085 1000.0
45.51080514074241 1000.0
53.45697600072877 1000.0
50.058509065901006 1000.0
68.56772426764053 968.9632169574098
45.51080514074241 1000.0
55.0787321387782 1000.0
62.56411421020948 1000.0
64.37753115182589 1000.0
42.673530156246606 1000.0
44.06933985900555 1000.0
44.06933985900555 1000.0
62.56411421020948 1000.0
45.51080514074241 1000.0
58.7022323943822 968.6450392042332
58.7022323943822 1000.0
46.99941935107911 968.326965930856
60.602418861926516 1000.0
68.56772426764053 1000.0
44.06933985900555 1000.0
56.86162619903238 1000.0
44.06933985900555 1000.0
62.56411421020948 1000.0
51.763831378624296 1000.0
56.86162619903238 1000.0
51.763831378624296 1000.0
56.74968845925593 1000.0
46.99941935107911 1000.0
53.351740651886296 1000.0
44.06933985900555 968.326965930856
50.12431378381976 1000.0
51.678898915360506 1000.0
55.205501738083214 1000.0
46.99941935107911 1000.0
55.0787321387782 1000.0
46.99941935107911 1000.0
46.99941935107911 1000.0
45.51080514074241 1000.0
71.0667844903477 1000.0
53.351740651886296 968.6450392042332
45.51080514074241 1000.0
64.58930947667632 1000.0
46.99941935107911 1000.0
44.06933985900555 1000.0
60.602418861926516 968.6450392042332
53.45697600072877 1000.0
64.58930947667632 968.6450392042332
55.0787321387782 1000.0
42.673530156246606 968.326965930856
42.673530156246606 1000.0
53.45697600072877 1000.0
46.99941935107911 968.326965930856
51.763831378624296 1000.0
50.12431378381976 1000.0
51.763831378624296 1000.0
42.673530156246606 1000.0
58.7022323943822 1000.0
55.0787321387782 1000.0
56.86162619903238 1000.0
56.86162619903238 1000.0
58.7022323943822 968.6450392042332
45.51080514074241 1000.0
70.76401154106384 1000.0
46.99941935107911 1000.0
58.56743317610407 1000.0
68.56772426764053 1000.0
46.99941935107911 1000.0
53.45697600072877 1000.0
51.678898915360506 1000.0
45.51080514074241 1000.0
53.28169887018304 1000.0
44.06933985900555 968.326965930856
53.351740651886296 1000.0
58.7022323943822 1000.0
46.99941935107911 1000.0
53.351740651886296 1000.0
50.12431378381976 1000.0
50.12431378381976 1000.0
48.536724685652395 1000.0
45.51080514074241 1000.0
62.56411421020948 1000.0
42.673530156246606 1000.0
58.7022323943822 1000.0
51.763831378624296 1000.0
46.99941935107911 1000.0
53.45697600072877 968.326965930856
45.51080514074241 968.326965930856
45.51080514074241 1000.0
57.011220053150076 1000.0
51.763831378624296 1000.0
53.45697600072877 1000.0
55.0787321387782 1000.0
50.12431378381976 968.326965930856
58.7022323943822 1000.0
45.51080514074241 1000.0
51.763831378624296 1000.0
70.76401154106384 968.9632169574098
62.56411421020948 1000.0
60.602418861926516 1000.0
50.12431378381976 1000.0
51.678898915360506 1000.0
58.7022323943822 1000.0
42.673530156246606 1000.0
50.12431378381976 1000.0
44.06933985900555 1000.0
58.7022323943822 1000.0
60.602418861926516 1000.0
48.536724685652395 1000.0
53.45697600072877 1000.0
48.536724685652395 968.326965930856
55.0787321387782 1000.0
42.673530156246606 1000.0
51.763831378624296 1000.0
58.7022323943822 1000.0
48.536724685652395 1000.0
53.45697600072877 1000.0
66.43960268582163 1000.0
46.99941935107911 968.326965930856
58.50975688191443 937.965111876612
45.51080514074241 1000.0
46.99941935107911 968.326965930856
44.06933985900555 1000.0
58.7022323943822 1000.0
53.45697600072877 1000.0
55.0787321387782 1000.0
66.43960268582163 1000.0
64.37753115182589 1000.0
46.99941935107911 1000.0
48.536724685652395 1000.0
51.763831378624296 1000.0
53.351740651886296 1000.0
53.351740651886296 968.6450392042332
42.673530156246606 1000.0
56.86162619903238 1000.0
42.673530156246606 1000.0
42.673530156246606 1000.0
60.602418861926516 1000.0
56.86162619903238 968.6450392042332
46.99941935107911 1000.0
53.351740651886296 1000.0
45.51080514074241 1000.0
56.86162619903238 1000.0
60.602418861926516 1000.0
51.763831378624296 1000.0
45.51080514074241 1000.0
44.06933985900555 1000.0
45.51080514074241 1000.0
56.86162619903238 1000.0
48.536724685652395 968.326965930856
46.99941935107911 1000.0
50.058509065901006 1000.0
42.673530156246606 1000.0
48.48892647664517 1000.0
48.536724685652395 1000.0
50.058509065901006 1000.0
66.43960268582163 1000.0
62.379459684649085 1000.0
51.678898915360506 1000.0
50.12431378381976 968.326965930856
42.673530156246606 1000.0
46.99941935107911 968.326965930856
42.673530156246606 1000.0
45.51080514074241 1000.0
42.673530156246606 1000.0
62.56411421020948 968.6450392042332
51.678898915360506 1000.0
55.0787321387782 1000.0
53.45697600072877 1000.0
41.3219299817572 1000.0
44.06933985900555 1000.0
53.45697600072877 1000.0
41.3219299817572 1000.0
48.536724685652395 1000.0
53.351740651886296 1000.0
53.351740651886296 1000.0
44.06933985900555 1000.0
58.7022323943822 1000.0
66.6800601484916 1000.0
48.536724685652395 1000.0
58.7022323943822 938.2732119749713
62.379459684649085 1000.0
44.06933985900555 1000.0
48.536724685652395 1000.0
42.673530156246606 1000.0
64.58930947667632 1000.0
58.7022323943822 1000.0
44.06933985900555 1000.0
48.536724685652395 1000.0
56.86162619903238 1000.0
56.86162619903238 1000.0
46.99941935107911 968.326965930856
60.602418861926516 1000.0
68.34290133793492 1000.0
58.7022323943822 1000.0
45.51080514074241 1000.0
50.12431378381976 1000.0
50.058509065901006 1000.0
45.51080514074241 1000.0
64.58930947667632 1000.0
50.058509065901006 1000.0
55.0787321387782 1000.0
58.7022323943822 1000.0
55.0787321387782 1000.0
51.678898915360506 1000.0
46.99941935107911 968.326965930856
51.678898915360506 1000.0
58.7022323943822 1000.0
73.03064791588908 1000.0
51.763831378624296 1000.0
53.351740651886296 1000.0
45.51080514074241 1000.0
55.0787321387782 968.6450392042332
56.86162619903238 1000.0
55.205501738083214 1000.0
42.673530156246606 1000.0
60.602418861926516 1000.0
51.678898915360506 1000.0
44.06933985900555 1000.0
53.351740651886296 1000.0
60.602418861926516 1000.0
55.205501738083214 1000.0
53.351740651886296 968.6450392042332
48.536724685652395 1000.0
42.673530156246606 1000.0
42.673530156246606 937.657112948859
48.536724685652395 1000.0
48.48892647664517 1000.0
55.0787321387782 1000.0
44.06933985900555 968.326965930856
55.0787321387782 1000.0
55.0787321387782 1000.0
55.0787321387782 1000.0
58.7022323943822 1000.0
48.48892647664517 1000.0
45.51080514074241 1000.0
42.673530156246606 1000.0
58.7022323943822 1000.0
58.7022323943822 1000.0
45.51080514074241 1000.0
48.536724685652395 1000.0
45.51080514074241 1000.0
70.76401154106384 968.9632169574098
48.536724685652395 1000.0
46.99941935107911 968.326965930856
62.56411421020948 968.6450392042332
42.673530156246606 1000.0
48.536724685652395 1000.0
46.99941935107911 1000.0
53.351740651886296 1000.0
68.83848824877167 1000.0
60.602418861926516 1000.0
44.06933985900555 1000.0
56.86162619903238 968.6450392042332
48.536724685652395 1000.0
72.74339481842368 1000.0
55.0787321387782 1000.0
51.763831378624296 1000.0
48.536724685652395 1000.0
73.03064791588908 968.9632169574098
51.678898915360506 968.6450392042332
44.06933985900555 937.657112948859
51.763831378624296 1000.0
66.6800601484916 1000.0
56.86162619903238 1000.0
51.763831378624296 968.326965930856
53.351740651886296 1000.0
51.763831378624296 1000.0
55.0787321387782 1000.0
46.99941935107911 1000.0
51.678898915360506 1000.0
45.51080514074241 1000.0
56.86162619903238 1000.0
45.51080514074241 1000.0
48.536724685652395 1000.0
48.42526874473603 937.965111876612
46.99941935107911 1000.0
55.0787321387782 1000.0
55.0787321387782 1000.0
70.76401154106384 968.9632169574098
42.673530156246606 1000.0
42.673530156246606 1000.0
44.06933985900555 1000.0
60.602418861926516 1000.0
53.351740651886296 968.6450392042332
44.06933985900555 1000.0
41.3219299817572 1000.0
60.602418861926516 1000.0
62.379459684649085 1000.0
48.536724685652395 1000.0
77.12268298285082 1000.0
48.536724685652395 1000.0
51.678898915360506 1000.0
41.3219299817572 968.326965930856
42.673530156246606 1000.0
70.76401154106384 1000.0
58.7022323943822 1000.0
44.06933985900555 1000.0
46.99941935107911 1000.0
66.43960268582163 1000.0
44.06933985900555 1000.0
51.763831378624296 1000.0
53.351740651886296 1000.0
44.06933985900555 1000.0
48.536724685652395 1000.0
56.86162619903238 1000.0
44.06933985900555 968.326965930856
44.06933985900555 1000.0
56.86162619903238 1000.0
70.50882678829632 1000.0
51.763831378624296 1000.0
44.06933985900555 1000.0
42.673530156246606 1000.0
53.351740651886296 1000.0
42.673530156246606 1000.0
53.351740651886296 1000.0
60.44340192810263 1000.0
45.51080514074241 968.326965930856
45.51080514074241 1000.0
51.763831378624296 1000.0
56.86162619903238 968.6450392042332
62.56411421020948 1000.0
51.678898915360506 1000.0
42.673530156246606 1000.0
46.99941935107911 1000.0
64.58930947667632 1000.0
56.86162619903238 1000.0
48.536724685652395 1000.0
62.56411421020948 1000.0
60.602418861926516 1000.0
44.06933985900555 1000.0
58.7022323943822 968.6450392042332
42.673530156246606 1000.0
53.351740651886296 1000.0
62.56411421020948 1000.0
44.06933985900555 968.326965930856
42.673530156246606 968.326965930856
42.673530156246606 968.326965930856
53.351740651886296 1000.0
56.86162619903238 1000.0
46.99941935107911 1000.0
56.86162619903238 968.6450392042332
53.45697600072877 1000.0
58.7022323943822 1000.0
55.205501738083214 1000.0
45.51080514074241 1000.0
51.763831378624296 1000.0
46.99941935107911 1000.0
64.58930947667632 1000.0
55.205501738083214 1000.0
55.0787321387782 1000.0
44.06933985900555 1000.0
46.99941935107911 1000.0
48.536724685652395 1000.0
53.45697600072877 1000.0
42.673530156246606 968.326965930856
50.12431378381976 968.326965930856
51.763831378624296 1000.0
64.58930947667632 1000.0
50.12431378381976 1000.0
51.763831378624296 1000.0
62.15451077840796 938.2732119749713
50.058509065901006 968.6450392042332
44.06933985900555 1000.0
64.58930947667632 968.6450392042332
55.0787321387782 1000.0
42.673530156246606 1000.0
68.34290133793492 969.2814992247053
55.0787321387782 1000.0
44.06933985900555 1000.0
42.673530156246606 1000.0
51.678898915360506 968.6450392042332
60.602418861926516 1000.0
44.06933985900555 1000.0
55.0787321387782 1000.0
48.48892647664517 1000.0
53.45697600072877 1000.0
45.51080514074241 1000.0
50.058509065901006 1000.0
46.99941935107911 1000.0
56.86162619903238 968.6450392042332
48.536724685652395 1000.0
50.12431378381976 1000.0
42.673530156246606 1000.0
55.0787321387782 1000.0
56.86162619903238 1000.0
55.205501738083214 1000.0
58.7022323943822 1000.0
62.56411421020948 1000.0
53.45697600072877 1000.0
45.51080514074241 1000.0
41.3219299817572 1000.0
42.673530156246606 1000.0
48.48892647664517 1000.0
44.06933985900555 1000.0
72.74339481842368 1000.0
68.56772426764053 1000.0
58.7022323943822 968.6450392042332
53.351740651886296 1000.0
66.43960268582163 1000.0
58.7022323943822 1000.0
48.536724685652395 937.657112948859
44.06933985900555 1000.0
42.673530156246606 1000.0
46.99941935107911 1000.0
51.763831378624296 1000.0
48.536724685652395 1000.0
60.602418861926516 1000.0
55.0787321387782 1000.0
53.351740651886296 1000.0
62.56411421020948 1000.0
51.678898915360506 1000.0
66.6800601484916 1000.0
50.12431378381976 1000.0
50.12431378381976 1000.0
50.12431378381976 1000.0
44.06933985900555 1000.0
51.763831378624296 1000.0
60.602418861926516 968.6450392042332
51.678898915360506 1000.0
48.536724685652395 1000.0
53.351740651886296 1000.0
50.12431378381976 1000.0
46.99941935107911 968.326965930856
53.351740651886296 1000.0
45.51080514074241 1000.0
45.51080514074241 1000.0
66.6800601484916 1000.0
48.536724685652395 1000.0
44.06933985900555 1000.0
51.763831378624296 1000.0
66.43960268582163 968.9632169574098
60.602418861926516 1000.0
68.1635738651463 1000.0
46.99941935107911 1000.0
45.51080514074241 1000.0
48.536724685652395 1000.0
56.86162619903238 1000.0
58.7022323943822 1000.0
62.379459684649085 1000.0
48.536724685652395 968.326965930856
58.7022323943822 968.6450392042332
55.0787321387782 1000.0
44.06933985900555 1000.0
46.99941935107911 968.326965930856
50.12431378381976 1000.0
48.536724685652395 1000.0
46.99941935107911 1000.0
42.673530156246606 1000.0
53.351740651886296 1000.0
45.51080514074241 1000.0
46.99941935107911 968.326965930856
51.678898915360506 1000.0
44.06933985900555 1000.0
42.673530156246606 1000.0
45.51080514074241 1000.0
45.51080514074241 1000.0
45.51080514074241 1000.0
44.06933985900555 1000.0
45.51080514074241 1000.0
55.0787321387782 1000.0
50.12431378381976 1000.0
44.06933985900555 1000.0
42.673530156246606 1000.0
51.763831378624296 968.326965930856
62.56411421020948 1000.0
66.43960268582163 1000.0
60.602418861926516 1000.0
46.99941935107911 1000.0
45.51080514074241 1000.0
62.236216369035255 1000.0
64.58930947667632 1000.0
62.56411421020948 1000.0
53.351740651886296 968.6450392042332
51.678898915360506 1000.0
55.0787321387782 1000.0
55.0787321387782 1000.0
45.51080514074241 1000.0
55.0787321387782 1000.0
51.678898915360506 1000.0
53.351740651886296 1000.0
44.06933985900555 1000.0
50.12431378381976 1000.0
55.0787321387782 1000.0
62.56411421020948 968.6450392042332
56.86162619903238 968.6450392042332
45.51080514074241 1000.0
44.06933985900555 968.326965930856
60.602418861926516 968.6450392042332
60.602418861926516 1000.0
60.602418861926516 968.6450392042332
53.351740651886296 1000.0
55.0787321387782 1000.0
60.602418861926516 968.6450392042332
42.673530156246606 1000.0
56.86162619903238 1000.0
58.7022323943822 1000.0
55.0787321387782 1000.0
55.0787321387782 1000.0
44.06933985900555 1000.0
53.351740651886296 1000.0
45.51080514074241 1000.0
55.0787321387782 1000.0
62.56411421020948 1000.0
45.51080514074241 1000.0
51.678898915360506 1000.0
41.3219299817572 1000.0
41.3219299817572 1000.0
64.37753115182589 1000.0
56.86162619903238 1000.0
45.51080514074241 1000.0
44.06933985900555 968.326965930856
55.0787321387782 1000.0
53.45697600072877 1000.0
60.602418861926516 1000.0
42.673530156246606 1000.0
55.0787321387782 1000.0
41.3219299817572 665.0443028752826
50.12431378381976 1000.0
46.99941935107911 1000.0
58.7022323943822 968.6450392042332
44.06933985900555 1000.0
50.12431378381976 1000.0
48.536724685652395 1000.0
56.86162619903238 1000.0
50.12431378381976 1000.0
60.602418861926516 968.6450392042332
48.536724685652395 1000.0
74.77814463130585 1000.0
46.99941935107911 968.326965930856
51.763831378624296 1000.0
48.536724685652395 1000.0
56.86162619903238 938.2732119749713
44.06933985900555 1000.0
48.536724685652395 1000.0
44.06933985900555 1000.0
44.06933985900555 1000.0
50.12431378381976 1000.0
50.058509065901006 1000.0
53.351740651886296 1000.0
46.96855808794114 1000.0
64.58930947667632 1000.0
58.7022323943822 1000.0
45.51080514074241 1000.0
56.86162619903238 968.6450392042332
60.602418861926516 1000.0
46.99941935107911 968.326965930856
42.673530156246606 1000.0
51.763831378624296 1000.0
60.602418861926516 1000.0
44.06933985900555 1000.0
56.86162619903238 1000.0
66.6800601484916 1000.0
45.51080514074241 1000.0
50.12431378381976 1000.0
62.379459684649085 1000.0
48.536724685652395 1000.0
55.205501738083214 968.326965930856
70.76401154106384 1000.0
55.205501738083214 1000.0
42.673530156246606 1000.0
58.7022323943822 968.6450392042332
68.56772426764053 1000.0
44.06933985900555 1000.0
50.12431378381976 1000.0
62.379459684649085 1000.0
55.0787321387782 1000.0
50.058509065901006 1000.0
44.06933985900555 1000.0
60.602418861926516 1000.0
64.37753115182589 1000.0
45.51080514074241 1000.0
46.99941935107911 1000.0
42.673530156246606 968.326965930856
46.99941935107911 1000.0
42.673530156246606 1000.0
42.673530156246606 1000.0
66.6800601484916 1000.0
48.536724685652395 1000.0
51.763831378624296 1000.0
50.12431378381976 1000.0
53.351740651886296 1000.0
53.351740651886296 1000.0
56.86162619903238 1000.0
44.06933985900555 968.326965930856
48.536724685652395 1000.0
50.12431378381976 1000.0
68.56772426764053 968.9632169574098
55.0787321387782 1000.0
46.99941935107911 1000.0
60.602418861926516 1000.0
44.06933985900555 1000.0
45.51080514074241 1000.0
48.536724685652395 1000.0
48.536724685652395 1000.0
62.56411421020948 1000.0
46.99941935107911 1000.0
53.351740651886296 1000.0
46.99941935107911 1000.0
53.351740651886296 1000.0
60.602418861926516 1000.0
45.51080514074241 1000.0
60.602418861926516 1000.0
45.51080514074241 1000.0
51.763831378624296 1000.0
45.51080514074241 1000.0
42.673530156246606 1000.0
46.99941935107911 1000.0
50.12431378381976 1000.0
53.45697600072877 968.326965930856
46.99941935107911 1000.0
58.7022323943822 1000.0
76.86980967080564 1000.0
44.06933985900555 1000.0
48.536724685652395 1000.0
44.06933985900555 1000.0
51.678898915360506 1000.0
51.763831378624296 1000.0
58.7022323943822 1000.0
44.06933985900555 1000.0
56.86162619903238 1000.0
48.536724685652395 1000.0
44.06933985900555 1000.0
50.12431378381976 1000.0
42.673530156246606 1000.0
53.351740651886296 1000.0
53.351740651886296 1000.0
42.673530156246606 1000.0
64.37753115182589 1000.0
50.12431378381976 1000.0
53.45697600072877 1000.0
50.058509065901006 1000.0
55.0787321387782 1000.0
58.7022323943822 938.2732119749713
42.673530156246606 1000.0
50.12431378381976 968.326965930856
66.6800601484916 1000.0
46.96855808794114 1000.0
48.536724685652395 937.657112948859
45.51080514074241 1000.0
44.06933985900555 1000.0
60.602418861926516 1000.0
53.351740651886296 968.6450392042332
50.058509065901006 1000.0
46.99941935107911 1000.0
42.673530156246606 1000.0
44.06933985900555 1000.0
48.536724685652395 1000.0
46.96855808794114 1000.0
51.763831378624296 1000.0
66.43960268582163 1000.0
66.43960268582163 968.9632169574098
45.51080514074241 1000.0
41.3219299817572 1000.0
48.536724685652395 1000.0
55.0787321387782 1000.0
45.51080514074241 1000.0
53.45697600072877 968.326965930856
53.351740651886296 1000.0
48.536724685652395 1000.0
86.8590456088328 1000.0
50.12431378381976 1000.0
68.56772426764053 1000.0
56.86162619903238 1000.0
73.03064791588908 1000.0
50.12431378381976 1000.0
46.99941935107911 1000.0
70.76401154106384 1000.0
55.0787321387782 968.6450392042332
75.04878085118575 1000.0
45.51080514074241 1000.0
48.536724685652395 968.326965930856
50.12431378381976 1000.0
51.678898915360506 968.6450392042332
46.96855808794114 1000.0
48.536724685652395 1000.0
60.602418861926516 968.6450392042332
55.0787321387782 968.6450392042332
53.45697600072877 968.326965930856
60.602418861926516 1000.0
50.12431378381976 1000.0
58.7022323943822 968.6450392042332
53.45697600072877 1000.0
44.06933985900555 1000.0
48.536724685652395 1000.0
55.0787321387782 1000.0
64.58930947667632 968.6450392042332
42.673530156246606 1000.0
51.763831378624296 1000.0
58.7022323943822 1000.0
50.12431378381976 1000.0
48.536724685652395 1000.0
45.51080514074241 1000.0
56.86162619903238 1000.0
50.058509065901006 1000.0
51.763831378624296 1000.0
79.54073024677876 969.5998860404499
48.536724685652395 1000.0
45.51080514074241 968.326965930856
45.51080514074241 1000.0
51.678898915360506 1000.0
51.763831378624296 1000.0
45.51080514074241 968.326965930856
44.06933985900555 1000.0
44.06933985900555 968.326965930856
56.86162619903238 1000.0
62.56411421020948 1000.0
45.51080514074241 1000.0
50.058509065901006 1000.0
45.51080514074241 1000.0
58.7022323943822 968.6450392042332
48.536724685652395 1000.0
51.763831378624296 1000.0
42.673530156246606 968.326965930856
60.602418861926516 1000.0
56.86162619903238 1000.0
42.673530156246606 968.326965930856
62.56411421020948 1000.0
42.673530156246606 1000.0
53.351740651886296 1000.0
42.673530156246606 968.326965930856
44.06933985900555 1000.0
42.673530156246606 1000.0
55.0787321387782 1000.0
68.56772426764053 1000.0
42.673530156246606 1000.0
51.763831378624296 1000.0
46.99941935107911 1000.0
50.058509065901006 1000.0
58.7022323943822 1000.0
56.86162619903238 968.6450392042332
77.42722925302368 1000.0
72.5048805128304 969.5998860404499
55.205501738083214 1000.0
48.536724685652395 1000.0
62.236216369035255 1000.0
51.678898915360506 1000.0
56.86162619903238 1000.0
62.56411421020948 1000.0
56.86162619903238 1000.0
48.536724685652395 1000.0
58.7022323943822 1000.0
50.12431378381976 1000.0
66.43960268582163 1000.0
42.673530156246606 1000.0
50.058509065901006 1000.0
72.5048805128304 1000.0
48.536724685652395 1000.0
53.351740651886296 1000.0
53.45697600072877 968.326965930856
50.058509065901006 1000.0
45.51080514074241 1000.0
64.58930947667632 1000.0
45.51080514074241 1000.0
60.602418861926516 1000.0
56.86162619903238 1000.0
45.51080514074241 1000.0
66.43960268582163 1000.0
56.86162619903238 1000.0
44.06933985900555 1000.0
55.0787321387782 1000.0
56.86162619903238 1000.0
55.0787321387782 1000.0
45.51080514074241 968.326965930856
45.51080514074241 1000.0
46.99941935107911 1000.0
45.51080514074241 1000.0
45.51080514074241 1000.0
56.86162619903238 1000.0
53.45697600072877 1000.0
45.51080514074241 968.326965930856
44.06933985900555 1000.0
45.51080514074241 1000.0
45.51080514074241 1000.0
55.0787321387782 1000.0
42.673530156246606 1000.0
53.351740651886296 1000.0
48.536724685652395 1000.0
48.536724685652395 968.326965930856
50.12431378381976 968.326965930856
44.06933985900555 1000.0
53.351740651886296 1000.0
48.536724685652395 1000.0
68.56772426764053 1000.0
44.06933985900555 1000.0
51.763831378624296 1000.0
45.51080514074241 1000.0
56.86162619903238 1000.0
50.12431378381976 1000.0
45.51080514074241 1000.0
58.7022323943822 968.6450392042332
50.12431378381976 1000.0
42.673530156246606 1000.0
51.763831378624296 1000.0
64.37753115182589 968.9632169574098
44.06933985900555 968.326965930856
46.99941935107911 968.326965930856
55.0787321387782 1000.0
58.7022323943822 1000.0
48.536724685652395 1000.0
51.763831378624296 1000.0
54.98836069081142 1000.0
56.86162619903238 1000.0
74.77814463130585 1000.0
56.86162619903238 968.6450392042332
53.351740651886296 1000.0
44.06933985900555 1000.0
58.7022323943822 1000.0
75.04878085118575 1000.0
42.673530156246606 1000.0
53.351740651886296 1000.0
58.7022323943822 1000.0
94.32260396492546 970.5556741218511
51.678898915360506 1000.0
48.536724685652395 1000.0
41.3219299817572 1000.0
48.536724685652395 1000.0
48.536724685652395 1000.0
62.56411421020948 968.6450392042332
48.48892647664517 968.6450392042332
51.763831378624296 1000.0
62.56411421020948 1000.0
56.86162619903238 1000.0
56.86162619903238 1000.0
51.678898915360506 1000.0
51.763831378624296 968.326965930856
50.058509065901006 1000.0
46.99941935107911 1000.0
44.06933985900555 968.326965930856
53.45697600072877 1000.0
60.602418861926516 1000.0
62.379459684649085 1000.0
51.678898915360506 1000.0
50.12431378381976 1000.0
44.06933985900555 1000.0
57.011220053150076 1000.0
44.06933985900555 1000.0
56.86162619903238 1000.0
44.06933985900555 968.326965930856
41.3219299817572 1000.0
56.86162619903238 1000.0
62.379459684649085 1000.0
53.45697600072877 1000.0
55.0787321387782 1000.0
66.6800601484916 968.6450392042332
53.351740651886296 968.6450392042332
58.7022323943822 1000.0
51.763831378624296 1000.0
51.763831378624296 1000.0
45.51080514074241 1000.0
50.12431378381976 1000.0
46.99941935107911 1000.0
58.56743317610407 1000.0
58.7022323943822 968.6450392042332
50.12431378381976 1000.0
46.99941935107911 1000.0
58.7022323943822 1000.0
44.06933985900555 1000.0
64.58930947667632 1000.0
64.58930947667632 1000.0
45.51080514074241 1000.0
45.51080514074241 1000.0
58.7022323943822 1000.0
58.7022323943822 1000.0
55.0787321387782 1000.0
48.536724685652395 1000.0
56.86162619903238 1000.0
42.673530156246606 1000.0
50.12431378381976 1000.0
51.763831378624296 1000.0
58.7022323943822 1000.0
46.99941935107911 1000.0
44.06933985900555 1000.0
46.96855808794114 1000.0
60.602418861926516 1000.0
70.50882678829632 1000.0
44.06933985900555 1000.0
42.673530156246606 1000.0
44.06933985900555 1000.0
53.351740651886296 1000.0
48.536724685652395 1000.0
53.351740651886296 1000.0
45.51080514074241 1000.0
42.673530156246606 968.326965930856
48.536724685652395 1000.0
53.351740651886296 1000.0
44.06933985900555 968.326965930856
60.44340192810263 1000.0
55.0787321387782 1000.0
46.99941935107911 1000.0
46.99941935107911 1000.0
46.99941935107911 1000.0
41.3219299817572 968.0089971029713
42.673530156246606 1000.0
62.379459684649085 1000.0
51.763831378624296 1000.0
55.0787321387782 1000.0
60.602418861926516 1000.0
45.51080514074241 1000.0
51.763831378624296 1000.0
42.673530156246606 1000.0
68.56772426764053 1000.0
53.351740651886296 1000.0
53.351740651886296 1000.0
50.12431378381976 1000.0
45.51080514074241 1000.0
50.12431378381976 1000.0
55.0787321387782 968.6450392042332
68.56772426764053 1000.0
60.44340192810263 1000.0
64.37753115182589 1000.0
46.99941935107911 968.326965930856
44.06933985900555 1000.0
50.12431378381976 1000.0
46.99941935107911 1000.0
58.7022323943822 1000.0
73.03064791588908 1000.0
51.678898915360506 968.6450392042332
55.0787321387782 1000.0
70.76401154106384 1000.0
46.99941935107911 1000.0
60.44340192810263 1000.0
58.7022323943822 1000.0
44.06933985900555 1000.0
50.058509065901006 1000.0
56.86162619903238 1000.0
60.602418861926516 1000.0
56.86162619903238 1000.0
50.058509065901006 1000.0
50.12431378381976 968.326965930856
46.99941935107911 1000.0
45.51080514074241 1000.0
53.351740651886296 1000.0
56.86162619903238 1000.0
58.7022323943822 968.6450392042332
42.673530156246606 968.326965930856
48.536724685652395 1000.0
44.06933985900555 1000.0
50.12431378381976 1000.0
46.99941935107911 1000.0
46.99941935107911 1000.0
48.536724685652395 1000.0
44.06933985900555 1000.0
53.351740651886296 1000.0
50.058509065901006 1000.0
51.678898915360506 1000.0
55.0787321387782 1000.0
45.51080514074241 1000.0
55.0787321387782 1000.0
64.37753115182589 1000.0
50.058509065901006 1000.0
46.99941935107911 1000.0
60.602418861926516 1000.0
42.673530156246606 1000.0
42.673530156246606 1000.0
44.06933985900555 1000.0
56.86162619903238 1000.0
72.5048805128304 1000.0
62.56411421020948 1000.0
56.86162619903238 1000.0
56.86162619903238 1000.0
55.205501738083214 1000.0
75.36988673853766 1000.0
58.7022323943822 1000.0
55.0787321387782 1000.0
62.56411421020948 1000.0
56.86162619903238 1000.0
56.86162619903238 968.6450392042332
53.351740651886296 1000.0
48.536724685652395 1000.0
53.351740651886296 1000.0
56.86162619903238 1000.0
44.06933985900555 1000.0
42.673530156246606 1000.0
64.58930947667632 1000.0
50.12431378381976 1000.0
51.678898915360506 1000.0
58.56743317610407 968.9632169574098
64.58930947667632 1000.0
55.0787321387782 1000.0
66.43960268582163 1000.0
68.56772426764053 1000.0
75.36988673853766 1000.0
56.74968845925593 968.9632169574098
46.99941935107911 1000.0
75.04878085118575 1000.0
44.06933985900555 1000.0
58.7022323943822 1000.0
50.12431378381976 1000.0
53.351740651886296 1000.0
50.12431378381976 1000.0
70.50882678829632 969.2814992247053
42.673530156246606 1000.0
45.51080514074241 1000.0
66.43960268582163 1000.0
46.99941935107911 1000.0
53.351740651886296 1000.0
45.51080514074241 1000.0
45.51080514074241 1000.0
48.536724685652395 1000.0
64.37753115182589 968.9632169574098
68.83848824877167 968.6450392042332
45.51080514074241 1000.0
45.51080514074241 1000.0
56.86162619903238 1000.0
50.12431378381976 1000.0
46.99941935107911 968.326965930856
64.37753115182589 1000.0
45.51080514074241 1000.0
62.56411421020948 1000.0
62.56411421020948 1000.0
48.536724685652395 1000.0
56.86162619903238 1000.0
42.673530156246606 1000.0
51.678898915360506 1000.0
50.12431378381976 1000.0
50.12431378381976 1000.0
58.7022323943822 1000.0
42.673530156246606 1000.0
53.45697600072877 968.326965930856
66.43960268582163 1000.0
51.678898915360506 1000.0
50.12431378381976 1000.0
66.6800601484916 1000.0
58.7022323943822 968.6450392042332
53.351740651886296 1000.0
46.99941935107911 1000.0
48.536724685652395 1000.0
60.602418861926516 1000.0
46.99941935107911 1000.0
44.06933985900555 1000.0
42.673530156246606 1000.0
73.03064791588908 1000.0
44.06933985900555 1000.0
60.602418861926516 1000.0
58.7022323943822 1000.0
60.602418861926516 1000.0
51.678898915360506 1000.0
51.678898915360506 1000.0
46.99941935107911 1000.0
45.51080514074241 968.326965930856
45.51080514074241 1000.0
46.99941935107911 1000.0
46.99941935107911 1000.0
50.12431378381976 1000.0
50.12431378381976 1000.0
56.86162619903238 968.6450392042332
41.3219299817572 1000.0
55.0787321387782 1000.0
48.536724685652395 1000.0
51.763831378624296 1000.0
44.06933985900555 1000.0
50.12431378381976 1000.0
64.37753115182589 1000.0
41.3219299817572 1000.0
48.536724685652395 968.326965930856
70.50882678829632 1000.0
60.44340192810263 968.9632169574098
53.45697600072877 1000.0
66.43960268582163 1000.0
44.06933985900555 1000.0
66.43960268582163 1000.0
72.74339481842368 1000.0
42.673530156246606 1000.0
42.673530156246606 968.326965930856
53.45697600072877 1000.0
45.51080514074241 1000.0
68.56772426764053 1000.0
60.44340192810263 1000.0
44.06933985900555 1000.0
64.58930947667632 1000.0
50.058509065901006 1000.0
51.763831378624296 1000.0
79.54073024677876 969.5998860404499
62.56411421020948 1000.0
56.86162619903238 1000.0
68.56772426764053 1000.0
50.12431378381976 1000.0
50.12431378381976 1000.0
58.7022323943822 1000.0
58.7022323943822 1000.0
44.06933985900555 1000.0
66.6800601484916 1000.0
53.351740651886296 1000.0
46.99941935107911 1000.0
41.3219299817572 1000.0
46.99941935107911 1000.0
48.536724685652395 1000.0
50.058509065901006 1000.0
66.6800601484916 968.6450392042332
66.6800601484916 1000.0
41.3219299817572 1000.0
58.7022323943822 968.6450392042332
72.74339481842368 1000.0
44.06933985900555 1000.0
48.48892647664517 968.6450392042332
50.12431378381976 1000.0
42.673530156246606 1000.0
51.678898915360506 1000.0
68.34290133793492 1000.0
56.86162619903238 1000.0
45.51080514074241 1000.0
58.7022323943822 1000.0
66.43960268582163 968.9632169574098
42.673530156246606 937.657112948859
50.12431378381976 1000.0
48.536724685652395 1000.0
60.602418861926516 1000.0
51.763831378624296 1000.0
46.99941935107911 1000.0
62.56411421020948 1000.0
51.678898915360506 968.6450392042332
51.763831378624296 1000.0
64.20860856089367 1000.0
66.43960268582163 1000.0
58.7022323943822 1000.0
51.763831378624296 1000.0
62.56411421020948 1000.0
58.56743317610407 968.9632169574098
62.56411421020948 1000.0
44.06933985900555 1000.0
56.86162619903238 1000.0
53.351740651886296 1000.0
50.12431378381976 1000.0
45.51080514074241 1000.0
42.673530156246606 1000.0
51.763831378624296 1000.0
58.7022323943822 968.6450392042332
55.205501738083214 968.326965930856
46.99941935107911 1000.0
53.351740651886296 1000.0
42.673530156246606 968.326965930856
51.678898915360506 1000.0
58.7022323943822 968.6450392042332
58.7022323943822 1000.0
62.56411421020948 1000.0
66.43960268582163 1000.0
42.673530156246606 1000.0
60.44340192810263 1000.0
60.602418861926516 1000.0
51.678898915360506 1000.0
41.3219299817572 968.326965930856
44.06933985900555 1000.0
44.06933985900555 1000.0
41.3219299817572 1000.0
44.06933985900555 1000.0
44.06933985900555 1000.0
58.7022323943822 1000.0
53.351740651886296 1000.0
45.51080514074241 1000.0
56.74968845925593 938.8897158164525
55.0787321387782 1000.0
53.351740651886296 1000.0
79.25389543991948 1000.0
50.12431378381976 968.326965930856
53.45697600072877 968.326965930856
62.56411421020948 1000.0
48.536724685652395 1000.0
55.0787321387782 1000.0
55.0787321387782 968.6450392042332
44.06933985900555 1000.0
51.678898915360506 1000.0
44.06933985900555 1000.0
51.678898915360506 1000.0
58.7022323943822 1000.0
48.48892647664517 1000.0
50.12431378381976 1000.0
48.536724685652395 1000.0
45.51080514074241 1000.0
68.56772426764053 1000.0
51.763831378624296 1000.0
45.51080514074241 1000.0
62.56411421020948 1000.0
48.536724685652395 968.326965930856
50.058509065901006 1000.0
53.351740651886296 1000.0
51.763831378624296 1000.0
60.602418861926516 968.6450392042332
56.86162619903238 1000.0
53.351740651886296 1000.0
48.536724685652395 1000.0
45.51080514074241 1000.0
44.06933985900555 1000.0
53.351740651886296 1000.0
45.51080514074241 1000.0
42.673530156246606 937.657112948859
50.12431378381976 1000.0
62.236216369035255 1000.0
68.56772426764053 1000.0
48.536724685652395 1000.0
50.12431378381976 1000.0
53.351740651886296 1000.0
53.351740651886296 938.2732119749713
51.678898915360506 1000.0
55.0787321387782 1000.0
62.56411421020948 1000.0
44.06933985900555 968.326965930856
68.56772426764053 968.9632169574098
56.86162619903238 1000.0
53.45697600072877 1000.0
50.12431378381976 1000.0
44.06933985900555 1000.0
66.43960268582163 1000.0
48.536724685652395 968.326965930856
46.99941935107911 1000.0
51.678898915360506 1000.0
44.06933985900555 1000.0
45.51080514074241 1000.0
64.58930947667632 1000.0
57.011220053150076 1000.0
50.058509065901006 1000.0
50.12431378381976 968.326965930856
68.56772426764053 1000.0
58.7022323943822 1000.0
50.12431378381976 1000.0
56.86162619903238 1000.0
46.99941935107911 1000.0
53.351740651886296 1000.0
42.673530156246606 1000.0
51.763831378624296 1000.0
45.51080514074241 1000.0
44.06933985900555 1000.0
58.7022323943822 1000.0
58.7022323943822 1000.0
45.51080514074241 1000.0
48.536724685652395 1000.0
45.51080514074241 968.326965930856
66.43960268582163 1000.0
42.673530156246606 1000.0
58.56743317610407 968.9632169574098
42.673530156246606 1000.0
45.51080514074241 1000.0
74.5574410699514 1000.0
56.86162619903238 1000.0
56.86162619903238 1000.0
45.51080514074241 1000.0
53.351740651886296 1000.0
48.536724685652395 1000.0
51.678898915360506 1000.0
51.763831378624296 1000.0
62.56411421020948 1000.0
48.48892647664517 1000.0
42.673530156246606 1000.0
48.536724685652395 1000.0
82.03459116687696 1000.0
48.536724685652395 968.326965930856
62.379459684649085 1000.0
56.86162619903238 1000.0
42.673530156246606 968.326965930856
44.06933985900555 968.326965930856
46.99941935107911 1000.0
42.673530156246606 1000.0
55.0787321387782 1000.0
51.678898915360506 1000.0
44.06933985900555 1000.0
51.678898915360506 1000.0
46.99941935107911 968.326965930856
44.06933985900555 1000.0
53.351740651886296 1000.0
45.49586079046007 1000.0
42.673530156246606 1000.0
60.602418861926516 1000.0
56.86162619903238 1000.0
56.86162619903238 1000.0
66.43960268582163 1000.0
55.0787321387782 1000.0
58.7022323943822 1000.0
66.43960268582163 1000.0
55.0787321387782 968.6450392042332
45.51080514074241 1000.0
48.536724685652395 1000.0
46.99941935107911 1000.0
45.51080514074241 1000.0
53.351740651886296 1000.0
58.7022323943822 1000.0
53.351740651886296 1000.0
62.56411421020948 1000.0
45.51080514074241 1000.0
64.58930947667632 968.6450392042332
41.3219299817572 1000.0
50.058509065901006 1000.0
53.45697600072877 1000.0
55.0787321387782 1000.0
44.06933985900555 1000.0
55.0787321387782 1000.0
50.058509065901006 968.6450392042332
56.86162619903238 1000.0
48.536724685652395 1000.0
42.673530156246606 1000.0
51.763831378624296 1000.0
66.43960268582163 1000.0
46.99941935107911 1000.0
68.56772426764053 1000.0
44.06933985900555 1000.0
53.351740651886296 968.6450392042332
45.51080514074241 1000.0
48.536724685652395 1000.0
42.673530156246606 968.326965930856
50.12431378381976 968.326965930856
46.99941935107911 1000.0
44.06933985900555 968.326965930856
46.99941935107911 968.326965930856
53.45697600072877 1000.0
55.0787321387782 1000.0
53.45697600072877 968.326965930856
50.12431378381976 968.326965930856
50.12431378381976 1000.0
51.678898915360506 1000.0
44.06933985900555 968.326965930856
46.99941935107911 1000.0
55.0787321387782 1000.0
73.03064791588908 1000.0
44.06933985900555 1000.0
53.45697600072877 1000.0
46.99941935107911 1000.0
45.51080514074241 1000.0
44.06933985900555 1000.0
56.86162619903238 1000.0
66.6800601484916 1000.0
68.34290133793492 1000.0
44.06933985900555 1000.0
45.51080514074241 1000.0
62.56411421020948 1000.0
51.678898915360506 1000.0
50.12431378381976 1000.0
45.51080514074241 1000.0
77.12268298285082 969.5998860404499
58.7022323943822 968.6450392042332
58.7022323943822 1000.0
56.86162619903238 1000.0
48.536724685652395 1000.0
53.45697600072877 1000.0
48.536724685652395 1000.0
42.673530156246606 1000.0
68.56772426764053 1000.0
56.600780847584325 938.2732119749713
62.56411421020948 1000.0
60.44340192810263 1000.0
50.12431378381976 1000.0
44.06933985900555 1000.0
74.5574410699514 1000.0
62.56411421020948 1000.0
46.96855808794114 1000.0
50.12431378381976 1000.0
55.0787321387782 968.6450392042332
50.058509065901006 1000.0
44.06933985900555 1000.0
45.51080514074241 1000.0
45.51080514074241 1000.0
48.536724685652395 1000.0
44.06933985900555 1000.0
50.12431378381976 968.326965930856
56.86162619903238 1000.0
45.51080514074241 1000.0
60.602418861926516 1000.0
48.536724685652395 1000.0
45.51080514074241 1000.0
48.536724685652395 1000.0
50.12431378381976 1000.0
58.7022323943822 1000.0
66.43960268582163 1000.0
46.96855808794114 1000.0
50.12431378381976 1000.0
42.673530156246606 1000.0
42.673530156246606 1000.0
58.7022323943822 1000.0
50.12431378381976 1000.0
51.763831378624296 1000.0
48.48892647664517 1000.0
42.673530156246606 1000.0
48.48892647664517 1000.0
42.673530156246606 1000.0
55.0787321387782 1000.0
53.351740651886296 1000.0
44.06933985900555 1000.0
44.06933985900555 1000.0
53.45697600072877 1000.0
44.06933985900555 1000.0
44.06933985900555 968.326965930856
60.602418861926516 1000.0
50.12431378381976 1000.0
56.86162619903238 1000.0
58.7022323943822 968.6450392042332
44.06933985900555 1000.0
45.51080514074241 1000.0
53.45697600072877 1000.0
50.12431378381976 937.657112948859
45.51080514074241 1000.0
42.673530156246606 1000.0
48.536724685652395 1000.0
46.99941935107911 1000.0
66.6800601484916 968.6450392042332
53.45697600072877 1000.0
45.51080514074241 1000.0
53.45697600072877 1000.0
51.763831378624296 1000.0
53.45697600072877 1000.0
68.56772426764053 1000.0
56.86162619903238 1000.0
45.51080514074241 1000.0
55.0787321387782 1000.0
66.24350987019967 1000.0
53.45697600072877 1000.0
50.058509065901006 1000.0
56.86162619903238 1000.0
45.51080514074241 1000.0
66.43960268582163 968.9632169574098
42.673530156246606 968.326965930856
60.602418861926516 1000.0
62.56411421020948 1000.0
73.03064791588908 1000.0
68.56772426764053 1000.0
64.58930947667632 1000.0
56.86162619903238 1000.0
62.56411421020948 1000.0
51.678898915360506 968.6450392042332
48.536724685652395 1000.0
62.56411421020948 1000.0
45.51080514074241 1000.0
56.86162619903238 1000.0
46.99941935107911 1000.0
50.12431378381976 1000.0
60.602418861926516 1000.0
51.763831378624296 1000.0
50.12431378381976 1000.0
70.76401154106384 1000.0
44.06933985900555 968.326965930856
58.7022323943822 1000.0
55.205501738083214 1000.0
42.673530156246606 1000.0
45.51080514074241 1000.0
53.351740651886296 1000.0
68.56772426764053 1000.0
50.12431378381976 1000.0
45.51080514074241 1000.0
60.602418861926516 968.6450392042332
55.0787321387782 1000.0
46.99941935107911 937.657112948859
45.51080514074241 1000.0
44.06933985900555 1000.0
50.12431378381976 1000.0
48.48892647664517 1000.0
46.99941935107911 1000.0
55.0787321387782 1000.0
51.763831378624296 1000.0
53.45697600072877 968.326965930856
55.0787321387782 1000.0
44.06933985900555 1000.0
53.351740651886296 1000.0
45.51080514074241 1000.0
51.678898915360506 1000.0
53.45697600072877 968.326965930856
58.7022323943822 968.6450392042332
60.602418861926516 968.6450392042332
64.58930947667632 1000.0
62.56411421020948 1000.0
58.7022323943822 1000.0
46.99941935107911 937.657112948859
56.86162619903238 1000.0
45.51080514074241 1000.0
55.0787321387782 1000.0
45.51080514074241 968.326965930856
48.536724685652395 968.326965930856
44.06933985900555 1000.0
42.673530156246606 1000.0
45.51080514074241 1000.0
66.43960268582163 1000.0
51.763831378624296 968.326965930856
51.763831378624296 1000.0
51.678898915360506 1000.0
62.56411421020948 1000.0
42.673530156246606 1000.0
53.351740651886296 1000.0
45.51080514074241 1000.0
68.56772426764053 968.9632169574098
45.51080514074241 1000.0
46.99941935107911 1000.0
55.0787321387782 1000.0
50.058509065901006 1000.0
51.763831378624296 1000.0
75.04878085118575 1000.0
56.86162619903238 1000.0
51.763831378624296 1000.0
46.99941935107911 1000.0
45.51080514074241 1000.0
58.87600165956851 1000.0
44.06933985900555 1000.0
44.06933985900555 1000.0
41.3219299817572 968.326965930856
64.37753115182589 1000.0
45.51080514074241 1000.0
48.48892647664517 1000.0
46.99941935107911 1000.0
60.602418861926516 1000.0
44.06933985900555 968.326965930856
56.86162619903238 1000.0
42.673530156246606 1000.0
45.49586079046007 1000.0
46.99941935107911 1000.0
48.536724685652395 1000.0
46.99941935107911 1000.0
45.51080514074241 1000.0
50.12431378381976 1000.0
44.06933985900555 1000.0
79.25389543991948 1000.0
44.06933985900555 1000.0
45.51080514074241 1000.0
53.351740651886296 1000.0
58.7022323943822 1000.0
45.51080514074241 1000.0
46.99941935107911 1000.0
48.536724685652395 1000.0
46.99941935107911 1000.0
73.03064791588908 1000.0
46.99941935107911 1000.0
72.74339481842368 969.2814992247053
44.06933985900555 1000.0
60.602418861926516 1000.0
53.351740651886296 1000.0
55.0787321387782 1000.0
62.56411421020948 1000.0
77.12268298285082 969.5998860404499
42.673530156246606 1000.0
48.536724685652395 1000.0
53.45697600072877 1000.0
53.351740651886296 968.6450392042332
48.536724685652395 1000.0
46.99941935107911 1000.0
64.37753115182589 1000.0
44.06933985900555 1000.0
68.56772426764053 1000.0
45.51080514074241 1000.0
53.351740651886296 1000.0
50.058509065901006 968.6450392042332
64.37753115182589 1000.0
68.56772426764053 1000.0
46.99941935107911 1000.0
50.12431378381976 1000.0
42.673530156246606 1000.0
51.678898915360506 1000.0
51.763831378624296 1000.0
48.536724685652395 1000.0
44.06933985900555 1000.0
51.763831378624296 968.326965930856
53.45697600072877 968.326965930856
46.99941935107911 1000.0
64.58930947667632 1000.0
56.86162619903238 1000.0
60.602418861926516 1000.0
53.45697600072877 1000.0
45.51080514074241 1000.0
75.04878085118575 1000.0
48.536724685652395 1000.0
56.86162619903238 968.6450392042332
62.56411421020948 1000.0
51.763831378624296 1000.0
55.0787321387782 1000.0
41.3219299817572 1000.0
56.86162619903238 1000.0
44.06933985900555 1000.0
55.0787321387782 1000.0
45.51080514074241 1000.0
48.536724685652395 1000.0
58.7022323943822 1000.0
60.44340192810263 1000.0
51.678898915360506 1000.0
44.06933985900555 1000.0
48.536724685652395 1000.0
42.673530156246606 1000.0
66.24350987019967 1000.0
50.12431378381976 1000.0
48.536724685652395 1000.0
66.43960268582163 968.9632169574098
46.96855808794114 1000.0
42.673530156246606 1000.0
51.763831378624296 968.326965930856
44.06933985900555 1000.0
74.77814463130585 1000.0
48.536724685652395 1000.0
55.0787321387782 1000.0
42.673530156246606 1000.0
51.763831378624296 1000.0
42.673530156246606 937.657112948859
66.43960268582163 968.9632169574098
50.12431378381976 1000.0
45.51080514074241 1000.0
45.51080514074241 1000.0
44.06933985900555 1000.0
58.56743317610407 1000.0
58.7022323943822 1000.0
55.205501738083214 1000.0
72.74339481842368 1000.0
68.56772426764053 1000.0
53.351740651886296 1000.0
44.06933985900555 1000.0
42.673530156246606 1000.0
53.45697600072877 1000.0
45.51080514074241 1000.0
44.06933985900555 1000.0
53.351740651886296 1000.0
55.0787321387782 1000.0
56.86162619903238 1000.0
66.43960268582163 1000.0
48.536724685652395 1000.0
48.536724685652395 1000.0
58.7022323943822 968.6450392042332
62.236216369035255 1000.0
60.602418861926516 1000.0
48.48892647664517 1000.0
56.86162619903238 1000.0
50.12431378381976 1000.0
48.536724685652395 1000.0
50.12431378381976 1000.0
70.50882678829632 1000.0
68.56772426764053 1000.0
68.25317870624588 968.0089971029713
66.43960268582163 968.9632169574098
44.06933985900555 1000.0
64.58930947667632 968.6450392042332
48.536724685652395 1000.0
53.351740651886296 1000.0
44.06933985900555 1000.0
51.763831378624296 968.326965930856
45.51080514074241 1000.0
53.351740651886296 1000.0
55.0787321387782 1000.0
46.99941935107911 1000.0
41.3219299817572 1000.0
51.763831378624296 1000.0
60.602418861926516 968.6450392042332
56.86162619903238 1000.0
48.536724685652395 1000.0
66.43960268582163 968.9632169574098
50.12431378381976 968.326965930856
46.99941935107911 1000.0
45.51080514074241 1000.0
48.48892647664517 1000.0
42.673530156246606 1000.0
44.06933985900555 1000.0
42.673530156246606 1000.0
58.7022323943822 1000.0
58.7022323943822 1000.0
55.0787321387782 968.6450392042332
55.0787321387782 968.6450392042332
50.058509065901006 1000.0
48.536724685652395 1000.0
48.536724685652395 1000.0
55.0787321387782 1000.0
75.04878085118575 1000.0
48.536724685652395 1000.0
48.536724685652395 1000.0
44.06933985900555 968.326965930856
55.0787321387782 1000.0
53.351740651886296 1000.0
51.763831378624296 1000.0
53.351740651886296 968.6450392042332
55.0787321387782 1000.0
53.351740651886296 1000.0
48.536724685652395 1000.0
50.058509065901006 1000.0
44.06933985900555 968.326965930856
53.45697600072877 1000.0
50.12431378381976 1000.0
42.673530156246606 1000.0
51.678898915360506 1000.0
51.763831378624296 968.326965930856
55.0787321387782 1000.0
51.678898915360506 1000.0
58.7022323943822 968.6450392042332
53.351740651886296 1000.0
45.51080514074241 1000.0
51.678898915360506 1000.0
48.536724685652395 1000.0
75.36988673853766 1000.0
58.56743317610407 938.8897158164525
56.86162619903238 1000.0
45.51080514074241 1000.0
54.98836069081142 1000.0
51.678898915360506 1000.0
45.51080514074241 1000.0
51.678898915360506 1000.0
50.058509065901006 968.6450392042332
56.86162619903238 1000.0
44.06933985900555 1000.0
48.536724685652395 1000.0
44.06933985900555 1000.0
66.43960268582163 1000.0
64.58930947667632 1000.0
44.06933985900555 1000.0
45.51080514074241 1000.0
45.51080514074241 1000.0
44.06933985900555 1000.0
51.678898915360506 1000.0
48.48892647664517 1000.0
51.678898915360506 1000.0
58.7022323943822 1000.0
58.7022323943822 1000.0
51.763831378624296 1000.0
48.536724685652395 1000.0
46.99941935107911 1000.0
44.06933985900555 1000.0
62.56411421020948 1000.0
62.56411421020948 1000.0
44.06933985900555 968.326965930856
50.12431378381976 1000.0
48.48892647664517 1000.0
51.763831378624296 968.326965930856
46.99941935107911 1000.0
64.37753115182589 1000.0
45.51080514074241 1000.0
42.673530156246606 1000.0
44.06933985900555 968.326965930856
50.058509065901006 1000.0
50.12431378381976 1000.0
58.7022323943822 1000.0
45.51080514074241 1000.0
55.205501738083214 1000.0
56.86162619903238 1000.0
68.34290133793492 1000.0
42.673530156246606 1000.0
46.99941935107911 1000.0
50.12431378381976 1000.0
50.12431378381976 1000.0
83.94238126081575 1000.0
46.99941935107911 1000.0
42.673530156246606 1000.0
55.0787321387782 1000.0
46.99941935107911 1000.0
44.06933985900555 1000.0
55.0787321387782 1000.0
55.0787321387782 1000.0
48.536724685652395 1000.0
62.379459684649085 1000.0
45.51080514074241 1000.0
55.0787321387782 1000.0
53.45697600072877 1000.0
41.3219299817572 968.326965930856
42.673530156246606 1000.0
60.602418861926516 1000.0
55.0787321387782 1000.0
73.03064791588908 1000.0
55.0787321387782 968.6450392042332
42.673530156246606 1000.0
53.351740651886296 1000.0
66.24350987019967 1000.0
56.86162619903238 1000.0
44.06933985900555 1000.0
46.99941935107911 1000.0
53.45697600072877 1000.0
73.03064791588908 1000.0
48.536724685652395 1000.0
53.351740651886296 1000.0
53.45697600072877 1000.0
46.99941935107911 968.326965930856
48.48892647664517 1000.0
45.51080514074241 1000.0
44.06933985900555 937.657112948859
50.12431378381976 1000.0
79.54073024677876 1000.0
66.24350987019967 1000.0
55.0787321387782 968.6450392042332
51.763831378624296 1000.0
42.673530156246606 1000.0
53.45697600072877 968.326965930856
51.763831378624296 968.326965930856
42.673530156246606 1000.0
51.763831378624296 1000.0
46.99941935107911 968.326965930856
48.48892647664517 1000.0
56.86162619903238 1000.0
50.12431378381976 1000.0
64.37753115182589 1000.0
55.205501738083214 1000.0
46.96855808794114 1000.0
50.058509065901006 1000.0
51.763831378624296 1000.0
66.43960268582163 1000.0
60.602418861926516 1000.0
56.86162619903238 968.6450392042332
45.51080514074241 1000.0
44.06933985900555 1000.0
66.43960268582163 1000.0
62.379459684649085 968.9632169574098
60.602418861926516 1000.0
55.0787321387782 1000.0
48.536724685652395 1000.0
53.351740651886296 1000.0
55.0787321387782 1000.0
45.51080514074241 1000.0
58.7022323943822 1000.0
46.99941935107911 1000.0
46.99941935107911 1000.0
60.602418861926516 1000.0
51.763831378624296 968.326965930856
44.06933985900555 1000.0
46.99941935107911 1000.0
66.43960268582163 1000.0
42.673530156246606 1000.0
45.51080514074241 968.326965930856
66.43960268582163 1000.0
48.536724685652395 1000.0
55.0787321387782 968.6450392042332
62.56411421020948 1000.0
55.0787321387782 1000.0
56.86162619903238 1000.0
58.7022323943822 1000.0
64.58930947667632 968.6450392042332
44.06933985900555 1000.0
46.99941935107911 1000.0
44.06933985900555 1000.0
44.06933985900555 1000.0
62.56411421020948 1000.0
58.7022323943822 1000.0
41.3219299817572 798.2780424329435
58.7022323943822 1000.0
45.51080514074241 1000.0
62.56411421020948 1000.0
48.536724685652395 968.326965930856
45.51080514074241 1000.0
55.0787321387782 1000.0
48.536724685652395 1000.0
50.12431378381976 1000.0
51.678898915360506 1000.0
55.0787321387782 1000.0
68.56772426764053 1000.0
70.76401154106384 1000.0
62.56411421020948 1000.0
46.99941935107911 968.326965930856
51.763831378624296 1000.0
44.06933985900555 1000.0
48.536724685652395 1000.0
58.7022323943822 1000.0
53.351740651886296 1000.0
50.12431378381976 968.326965930856
45.51080514074241 1000.0
77.12268298285082 969.5998860404499
66.43960268582163 1000.0
58.7022323943822 1000.0
42.673530156246606 1000.0
58.7022323943822 968.6450392042332
42.673530156246606 968.326965930856
62.56411421020948 1000.0
46.99941935107911 968.326965930856
45.51080514074241 1000.0
64.37753115182589 1000.0
55.0787321387782 1000.0
55.0787321387782 1000.0
48.536724685652395 968.326965930856
46.99941935107911 1000.0
50.12431378381976 1000.0
44.06933985900555 1000.0
60.602418861926516 1000.0
46.99941935107911 1000.0
44.06933985900555 1000.0
72.74339481842368 1000.0
66.6800601484916 1000.0
60.602418861926516 1000.0
45.51080514074241 1000.0
55.0787321387782 1000.0
46.99941935107911 968.326965930856
53.351740651886296 1000.0
60.602418861926516 1000.0
58.7022323943822 1000.0
51.763831378624296 1000.0
48.48892647664517 1000.0
42.673530156246606 1000.0
53.351740651886296 1000.0
46.99941935107911 1000.0
51.763831378624296 968.326965930856
53.351740651886296 968.6450392042332
62.56411421020948 1000.0
68.56772426764053 1000.0
42.673530156246606 1000.0
48.536724685652395 968.326965930856
51.763831378624296 1000.0
55.0787321387782 1000.0
50.12431378381976 1000.0
56.86162619903238 968.6450392042332
42.673530156246606 1000.0
79.54073024677876 1000.0
53.351740651886296 1000.0
55.0787321387782 1000.0
50.12431378381976 1000.0
66.6800601484916 1000.0
55.205501738083214 1000.0
48.536724685652395 1000.0
46.99941935107911 1000.0
51.763831378624296 968.326965930856
64.58930947667632 1000.0
46.96855808794114 1000.0
44.04040257610965 968.0089971029713
48.536724685652395 1000.0
66.43960268582163 1000.0
51.763831378624296 968.326965930856
41.3219299817572 1000.0
42.673530156246606 968.326965930856
60.602418861926516 1000.0
44.06933985900555 1000.0
66.24350987019967 969.2814992247053
46.99941935107911 1000.0
77.42722925302368 1000.0
62.56411421020948 1000.0
53.45697600072877 1000.0
53.45697600072877 1000.0
56.86162619903238 968.6450392042332
44.06933985900555 968.326965930856
46.99941935107911 1000.0
55.0787321387782 1000.0
55.0787321387782 1000.0
48.45708715735283 968.0089971029713
45.51080514074241 1000.0
50.12431378381976 1000.0
53.351740651886296 1000.0
60.44340192810263 938.8897158164525
55.0787321387782 968.6450392042332
51.678898915360506 1000.0
75.36988673853766 1000.0
64.58930947667632 1000.0
44.06933985900555 1000.0
46.99941935107911 1000.0
45.51080514074241 1000.0
79.54073024677876 1000.0
73.03064791588908 1000.0
55.0787321387782 968.6450392042332
44.06933985900555 1000.0
53.351740651886296 1000.0
53.45697600072877 1000.0
53.351740651886296 1000.0
45.51080514074241 1000.0
55.0787321387782 1000.0
51.763831378624296 1000.0
48.536724685652395 1000.0
56.86162619903238 1000.0
64.58930947667632 1000.0
60.602418861926516 1000.0
48.536724685652395 1000.0
64.58930947667632 968.6450392042332
56.86162619903238 1000.0
51.678898915360506 968.6450392042332
51.763831378624296 1000.0
60.602418861926516 1000.0
60.602418861926516 1000.0
45.51080514074241 1000.0
46.99941935107911 1000.0
46.99941935107911 1000.0
53.351740651886296 1000.0
50.12431378381976 1000.0
58.7022323943822 1000.0
73.03064791588908 1000.0
55.0787321387782 1000.0
58.7022323943822 1000.0
60.602418861926516 1000.0
55.0787321387782 1000.0
42.673530156246606 1000.0
48.536724685652395 1000.0
45.51080514074241 1000.0
60.602418861926516 968.6450392042332
44.06933985900555 1000.0
66.43960268582163 1000.0
53.351740651886296 1000.0
51.678898915360506 1000.0
45.51080514074241 1000.0
55.0787321387782 968.6450392042332
58.7022323943822 1000.0
55.0787321387782 1000.0
45.51080514074241 1000.0
72.74339481842368 969.2814992247053
45.51080514074241 1000.0
70.30072388261675 1000.0
48.536724685652395 1000.0
62.379459684649085 1000.0
50.12431378381976 1000.0
68.34290133793492 1000.0
66.43960268582163 1000.0
55.0787321387782 1000.0
79.54073024677876 1000.0
62.56411421020948 1000.0
50.12431378381976 1000.0
72.74339481842368 1000.0
73.03064791588908 968.9632169574098
44.06933985900555 1000.0
53.351740651886296 1000.0
46.99941935107911 1000.0
66.6800601484916 1000.0
50.12431378381976 1000.0
45.51080514074241 1000.0
55.0787321387782 1000.0
46.99941935107911 1000.0
42.673530156246606 1000.0
44.06933985900555 1000.0
55.0787321387782 1000.0
46.99941935107911 1000.0
56.86162619903238 1000.0
64.58930947667632 1000.0
48.536724685652395 1000.0
53.351740651886296 1000.0
55.0787321387782 1000.0
45.51080514074241 1000.0
46.99941935107911 1000.0
60.602418861926516 1000.0
56.86162619903238 968.6450392042332
44.06933985900555 968.326965930856
62.379459684649085 1000.0
46.99941935107911 1000.0
64.58930947667632 1000.0
53.45697600072877 1000.0
50.12431378381976 1000.0
53.351740651886296 968.6450392042332
44.06933985900555 1000.0
66.43960268582163 1000.0
53.351740651886296 1000.0
53.351740651886296 1000.0
62.56411421020948 1000.0
68.56772426764053 1000.0
46.99941935107911 1000.0
50.12431378381976 1000.0
44.06933985900555 1000.0
79.25389543991948 1000.0
62.56411421020948 1000.0
62.56411421020948 1000.0
44.06933985900555 1000.0
58.7022323943822 1000.0
50.12431378381976 968.326965930856
42.673530156246606 1000.0
58.87600165956851 1000.0
62.379459684649085 1000.0
53.351740651886296 1000.0
50.12431378381976 1000.0
46.99941935107911 1000.0
46.99941935107911 1000.0
48.536724685652395 1000.0
66.43960268582163 968.9632169574098
42.673530156246606 1000.0
64.37753115182589 1000.0
45.51080514074241 1000.0
51.678898915360506 1000.0
50.058509065901006 1000.0
42.673530156246606 1000.0
42.673530156246606 1000.0
46.99941935107911 968.326965930856
51.763831378624296 968.326965930856
46.99941935107911 968.326965930856
70.50882678829632 969.2814992247053
55.205501738083214 1000.0
55.205501738083214 1000.0
68.56772426764053 1000.0
44.06933985900555 937.657112948859
45.51080514074241 1000.0
70.76401154106384 1000.0
50.12431378381976 1000.0
64.58930947667632 1000.0
68.56772426764053 1000.0
46.99941935107911 1000.0
55.0787321387782 1000.0
44.06933985900555 1000.0
44.06933985900555 1000.0
46.99941935107911 968.326965930856
56.86162619903238 1000.0
60.602418861926516 1000.0
58.87600165956851 1000.0
48.536724685652395 1000.0
50.058509065901006 1000.0
45.51080514074241 1000.0
46.99941935107911 968.326965930856
51.678898915360506 968.6450392042332
42.673530156246606 1000.0
50.12431378381976 937.657112948859
66.6800601484916 968.6450392042332
45.51080514074241 968.326965930856
56.86162619903238 1000.0
58.7022323943822 1000.0
72.74339481842368 969.2814992247053
46.99941935107911 1000.0
46.99941935107911 1000.0
62.56411421020948 968.6450392042332
46.99941935107911 1000.0
60.602418861926516 1000.0
51.763831378624296 1000.0
48.536724685652395 968.326965930856
58.7022323943822 1000.0
45.51080514074241 1000.0
44.06933985900555 1000.0
48.536724685652395 1000.0
42.673530156246606 1000.0
50.12431378381976 1000.0
44.06933985900555 1000.0
45.51080514074241 1000.0
56.86162619903238 1000.0
56.86162619903238 1000.0
42.673530156246606 1000.0
64.37753115182589 1000.0
51.678898915360506 1000.0
46.99941935107911 1000.0
53.351740651886296 968.6450392042332
42.673530156246606 1000.0
56.86162619903238 1000.0
51.763831378624296 1000.0
45.51080514074241 1000.0
53.351740651886296 1000.0
55.0787321387782 1000.0
44.06933985900555 1000.0
60.602418861926516 1000.0
48.536724685652395 1000.0
48.536724685652395 1000.0
64.58930947667632 1000.0
42.673530156246606 968.326965930856
51.763831378624296 1000.0
53.45697600072877 968.326965930856
48.536724685652395 1000.0
48.48892647664517 968.6450392042332
44.06933985900555 1000.0
56.86162619903238 1000.0
60.602418861926516 1000.0
55.0787321387782 1000.0
44.06933985900555 1000.0
68.56772426764053 1000.0
44.06933985900555 1000.0
51.678898915360506 1000.0
51.678898915360506 1000.0
50.12431378381976 1000.0
44.06933985900555 1000.0
46.99941935107911 1000.0
64.58930947667632 968.6450392042332
72.74339481842368 1000.0
45.51080514074241 1000.0
55.0787321387782 1000.0
42.673530156246606 1000.0
44.06933985900555 1000.0
48.536724685652395 1000.0
42.673530156246606 1000.0
50.058509065901006 1000.0
45.51080514074241 1000.0
53.28169887018304 1000.0
44.06933985900555 1000.0
50.12431378381976 1000.0
72.5048805128304 1000.0
45.51080514074241 1000.0
50.12431378381976 1000.0
42.673530156246606 1000.0
41.3219299817572 1000.0
55.0787321387782 1000.0
72.74339481842368 969.2814992247053
72.5048805128304 1000.0
48.536724685652395 1000.0
46.99941935107911 1000.0
44.06933985900555 1000.0
42.673530156246606 1000.0
46.99941935107911 1000.0
51.678898915360506 1000.0
55.0787321387782 1000.0
53.351740651886296 1000.0
60.44340192810263 1000.0
51.763831378624296 1000.0
45.51080514074241 1000.0
50.058509065901006 1000.0
53.351740651886296 1000.0
68.56772426764053 1000.0
62.379459684649085 968.9632169574098
50.12431378381976 1000.0
58.7022323943822 968.6450392042332
56.86162619903238 1000.0
56.86162619903238 1000.0
53.351740651886296 1000.0
55.0787321387782 1000.0
46.99941935107911 968.326965930856
60.602418861926516 1000.0
44.06933985900555 1000.0
44.06933985900555 1000.0
42.673530156246606 1000.0
50.058509065901006 1000.0
55.0787321387782 1000.0
46.99941935107911 1000.0
51.678898915360506 1000.0
74.77814463130585 1000.0
68.56772426764053 1000.0
44.06933985900555 1000.0
58.7022323943822 968.6450392042332
62.56411421020948 1000.0
74.77814463130585 1000.0
55.205501738083214 968.326965930856
45.51080514074241 1000.0
48.536724685652395 1000.0
45.51080514074241 1000.0
45.51080514074241 1000.0
48.48892647664517 1000.0
45.51080514074241 1000.0
42.673530156246606 1000.0
55.0787321387782 1000.0
66.43960268582163 1000.0
66.43960268582163 968.9632169574098
66.6800601484916 1000.0
48.536724685652395 1000.0
66.43960268582163 1000.0
58.7022323943822 968.6450392042332
51.763831378624296 1000.0
58.7022323943822 1000.0
64.20860856089367 1000.0
72.74339481842368 969.2814992247053
56.86162619903238 1000.0
50.058509065901006 1000.0
58.7022323943822 1000.0
51.763831378624296 1000.0
42.673530156246606 1000.0
46.99941935107911 1000.0
70.30072388261675 1000.0
56.86162619903238 1000.0
50.12431378381976 968.326965930856
53.45697600072877 1000.0
45.51080514074241 1000.0
53.351740651886296 1000.0
73.03064791588908 1000.0
56.86162619903238 1000.0
51.763831378624296 1000.0
48.536724685652395 1000.0
56.86162619903238 1000.0
70.50882678829632 1000.0
46.99941935107911 1000.0
48.536724685652395 1000.0
51.763831378624296 968.326965930856
62.56411421020948 1000.0
60.602418861926516 1000.0
44.06933985900555 1000.0
48.48892647664517 1000.0
46.99941935107911 1000.0
50.058509065901006 1000.0
44.06933985900555 1000.0
58.7022323943822 1000.0
51.678898915360506 1000.0
41.3219299817572 937.657112948859
66.43960268582163 968.9632169574098
62.56411421020948 1000.0
46.99941935107911 1000.0
51.678898915360506 968.6450392042332
44.06933985900555 1000.0
46.99941935107911 1000.0
58.56743317610407 1000.0
55.205501738083214 1000.0
45.51080514074241 1000.0
42.673530156246606 1000.0
50.12431378381976 1000.0
44.06933985900555 1000.0
44.06933985900555 1000.0
42.673530156246606 1000.0
62.56411421020948 1000.0
48.48892647664517 1000.0
62.379459684649085 1000.0
53.351740651886296 968.6450392042332
51.678898915360506 1000.0
62.56411421020948 1000.0
64.58930947667632 1000.0
51.678898915360506 1000.0
53.351740651886296 1000.0
42.673530156246606 1000.0
51.763831378624296 1000.0
45.51080514074241 1000.0
50.12431378381976 1000.0
48.536724685652395 1000.0
53.351740651886296 1000.0
60.602418861926516 1000.0
45.51080514074241 1000.0
42.673530156246606 937.657112948859
64.37753115182589 968.9632169574098
58.7022323943822 1000.0
48.536724685652395 1000.0
42.673530156246606 937.657112948859
51.763831378624296 1000.0
44.06933985900555 1000.0
70.76401154106384 1000.0
93.98246368953693 970.8744794749232
44.06933985900555 968.326965930856
70.50882678829632 1000.0
53.45697600072877 1000.0
45.51080514074241 1000.0
42.673530156246606 1000.0
48.536724685652395 968.326965930856
48.48892647664517 1000.0
44.06933985900555 1000.0
42.673530156246606 1000.0
46.99941935107911 1000.0
50.12431378381976 937.657112948859
44.06933985900555 1000.0
57.011220053150076 1000.0
45.51080514074241 1000.0
48.536724685652395 1000.0
44.06933985900555 968.326965930856
55.0787321387782 1000.0
64.58930947667632 1000.0
64.37753115182589 1000.0
62.56411421020948 1000.0
58.7022323943822 1000.0
46.99941935107911 1000.0
50.12431378381976 1000.0
46.99941935107911 1000.0
51.678898915360506 1000.0
68.34290133793492 1000.0
50.058509065901006 1000.0
45.51080514074241 1000.0
46.96855808794114 1000.0
50.058509065901006 968.6450392042332
62.56411421020948 1000.0
45.51080514074241 1000.0
77.12268298285082 1000.0
64.37753115182589 1000.0
51.763831378624296 1000.0
60.602418861926516 968.6450392042332
51.678898915360506 968.6450392042332
58.7022323943822 1000.0
48.48892647664517 1000.0
74.77814463130585 1000.0
45.49586079046007 1000.0
51.678898915360506 1000.0
75.04878085118575 1000.0
76.86980967080564 969.9183774389844
53.45697600072877 1000.0
70.50882678829632 1000.0
58.7022323943822 1000.0
60.602418861926516 1000.0
46.99941935107911 1000.0
44.06933985900555 1000.0
55.0787321387782 1000.0
55.0787321387782 1000.0
45.51080514074241 1000.0
50.058509065901006 1000.0
50.12431378381976 1000.0
46.99941935107911 1000.0
50.058509065901006 1000.0
50.12431378381976 1000.0
56.86162619903238 1000.0
44.06933985900555 1000.0
64.37753115182589 1000.0
44.06933985900555 1000.0
53.351740651886296 1000.0
44.06933985900555 1000.0
50.12431378381976 1000.0
50.12431378381976 1000.0
51.763831378624296 1000.0
60.602418861926516 1000.0
64.37753115182589 1000.0
42.673530156246606 1000.0
46.99941935107911 1000.0
45.51080514074241 1000.0
64.58930947667632 1000.0
73.03064791588908 968.9632169574098
62.56411421020948 1000.0
46.99941935107911 1000.0
50.12431378381976 1000.0
72.74339481842368 1000.0
51.763831378624296 1000.0
51.763831378624296 1000.0
60.602418861926516 1000.0
48.536724685652395 1000.0
56.86162619903238 1000.0
44.06933985900555 1000.0
45.51080514074241 1000.0
44.06933985900555 1000.0
64.58930947667632 1000.0
46.99941935107911 1000.0
45.51080514074241 1000.0
46.99941935107911 1000.0
53.351740651886296 1000.0
44.06933985900555 1000.0
51.763831378624296 1000.0
48.536724685652395 1000.0
50.058509065901006 968.6450392042332
53.45697600072877 1000.0
58.7022323943822 1000.0
55.0787321387782 1000.0
51.678898915360506 1000.0
42.673530156246606 1000.0
44.06933985900555 1000.0
41.3219299817572 1000.0
68.56772426764053 1000.0
41.3219299817572 1000.0
56.86162619903238 1000.0
50.12431378381976 1000.0
53.45697600072877 1000.0
51.763831378624296 1000.0
50.12431378381976 1000.0
44.06933985900555 1000.0
58.7022323943822 1000.0
62.56411421020948 968.6450392042332
45.51080514074241 1000.0
55.0787321387782 1000.0
66.6800601484916 1000.0
48.536724685652395 1000.0
51.678898915360506 1000.0
46.99941935107911 1000.0
42.673530156246606 1000.0
42.673530156246606 1000.0
58.7022323943822 1000.0
55.0787321387782 1000.0
60.44340192810263 968.9632169574098
42.673530156246606 1000.0
55.0787321387782 1000.0
56.86162619903238 1000.0
77.42722925302368 969.2814992247053
58.7022323943822 1000.0
70.50882678829632 1000.0
53.351740651886296 1000.0
45.51080514074241 1000.0
50.12431378381976 1000.0
45.51080514074241 1000.0
46.99941935107911 1000.0
46.99941935107911 1000.0
48.536724685652395 1000.0
48.536724685652395 1000.0
60.602418861926516 1000.0
58.7022323943822 1000.0
45.51080514074241 1000.0
51.763831378624296 1000.0
58.7022323943822 1000.0
48.536724685652395 1000.0
46.99941935107911 1000.0
64.58930947667632 1000.0
66.43960268582163 1000.0
42.673530156246606 1000.0
46.99941935107911 1000.0
60.602418861926516 1000.0
50.12431378381976 1000.0
46.99941935107911 1000.0
51.678898915360506 1000.0
46.99941935107911 1000.0
45.51080514074241 1000.0
45.51080514074241 1000.0
51.763831378624296 1000.0
66.43960268582163 968.9632169574098
51.678898915360506 968.6450392042332
51.763831378624296 1000.0
46.99941935107911 968.326965930856
44.06933985900555 1000.0
81.71192265599193 1000.0
53.351740651886296 1000.0
58.7022323943822 1000.0
46.99941935107911 1000.0
42.673530156246606 1000.0
44.06933985900555 1000.0
51.763831378624296 1000.0
79.25389543991948 1000.0
53.351740651886296 1000.0
41.3219299817572 679.617126804998
46.99941935107911 968.326965930856
48.536724685652395 968.326965930856
51.763831378624296 968.326965930856
51.678898915360506 1000.0
46.99941935107911 1000.0
53.351740651886296 968.6450392042332
55.0787321387782 1000.0
41.3219299817572 937.657112948859
53.351740651886296 1000.0
51.763831378624296 1000.0
42.673530156246606 1000.0
53.351740651886296 1000.0
53.351740651886296 968.6450392042332
51.763831378624296 1000.0
46.99941935107911 1000.0
62.56411421020948 1000.0
46.99941935107911 1000.0
42.673530156246606 1000.0
53.28169887018304 1000.0
50.12431378381976 1000.0
44.06933985900555 1000.0
64.58930947667632 1000.0
56.86162619903238 1000.0
44.06933985900555 1000.0
50.058509065901006 1000.0
44.06933985900555 1000.0
46.99941935107911 1000.0
44.06933985900555 1000.0
53.45697600072877 1000.0
62.56411421020948 1000.0
55.205501738083214 1000.0
42.673530156246606 1000.0
42.673530156246606 1000.0
45.51080514074241 968.326965930856
53.45697600072877 1000.0
50.12431378381976 1000.0
53.351740651886296 1000.0
55.205501738083214 1000.0
53.351740651886296 1000.0
58.7022323943822 1000.0
58.7022323943822 968.6450392042332
68.56772426764053 1000.0
45.51080514074241 968.326965930856
77.7840535321894 1000.0
45.51080514074241 968.326965930856
46.99941935107911 1000.0
50.058509065901006 1000.0
41.3219299817572 1000.0
44.06933985900555 1000.0
53.351740651886296 1000.0
42.673530156246606 1000.0
45.51080514074241 1000.0
53.351740651886296 1000.0
56.86162619903238 1000.0
60.602418861926516 1000.0
50.12431378381976 1000.0
81.71192265599193 969.9183774389844
62.56411421020948 1000.0
45.51080514074241 1000.0
48.48892647664517 1000.0
51.678898915360506 1000.0
62.56411421020948 1000.0
51.763831378624296 1000.0
51.763831378624296 1000.0
46.99941935107911 1000.0
53.351740651886296 1000.0
44.06933985900555 1000.0
50.12431378381976 1000.0
44.06933985900555 1000.0
64.20860856089367 1000.0
60.602418861926516 1000.0
46.99941935107911 1000.0
51.678898915360506 1000.0
56.86162619903238 1000.0
53.351740651886296 968.6450392042332
60.602418861926516 1000.0
53.45697600072877 1000.0
51.678898915360506 1000.0
60.602418861926516 1000.0
50.12431378381976 1000.0
45.51080514074241 1000.0
48.536724685652395 1000.0
55.0787321387782 1000.0
48.536724685652395 1000.0
48.536724685652395 1000.0
48.536724685652395 1000.0
46.99941935107911 968.326965930856
46.99941935107911 1000.0
55.205501738083214 1000.0
48.536724685652395 1000.0
44.06933985900555 1000.0
46.99941935107911 1000.0
68.1635738651463 1000.0
56.86162619903238 1000.0
51.678898915360506 1000.0
48.536724685652395 1000.0
68.34290133793492 1000.0
70.76401154106384 1000.0
46.99941935107911 1000.0
62.379459684649085 1000.0
64.37753115182589 1000.0
51.763831378624296 1000.0
56.86162619903238 1000.0
72.74339481842368 1000.0
58.7022323943822 1000.0
42.673530156246606 1000.0
42.673530156246606 1000.0
48.536724685652395 1000.0
44.06933985900555 1000.0
56.86162619903238 1000.0
45.51080514074241 1000.0
62.379459684649085 968.9632169574098
50.12431378381976 1000.0
58.7022323943822 1000.0
45.51080514074241 1000.0
56.86162619903238 968.6450392042332
51.763831378624296 1000.0
45.51080514074241 1000.0
45.51080514074241 1000.0
64.37753115182589 968.9632169574098
50.058509065901006 968.6450392042332
64.58930947667632 1000.0
51.763831378624296 1000.0
62.56411421020948 1000.0
48.536724685652395 968.326965930856
42.673530156246606 1000.0
55.0787321387782 1000.0
42.673530156246606 1000.0
42.673530156246606 1000.0
46.99941935107911 1000.0
62.379459684649085 1000.0
56.86162619903238 968.6450392042332
56.86162619903238 1000.0
45.51080514074241 1000.0
42.673530156246606 1000.0
46.99941935107911 968.326965930856
46.99941935107911 1000.0
64.58930947667632 1000.0
44.06933985900555 1000.0
58.7022323943822 1000.0
56.86162619903238 1000.0
44.06933985900555 1000.0
68.34290133793492 1000.0
42.673530156246606 1000.0
45.51080514074241 1000.0
51.678898915360506 1000.0
62.379459684649085 1000.0
44.06933985900555 1000.0
56.86162619903238 1000.0
50.12431378381976 1000.0
68.83848824877167 968.6450392042332
53.351740651886296 968.6450392042332
55.205501738083214 1000.0
56.86162619903238 968.6450392042332
46.99941935107911 1000.0
53.351740651886296 1000.0
48.48892647664517 1000.0
46.99941935107911 1000.0
48.536724685652395 1000.0
45.51080514074241 1000.0
66.6800601484916 1000.0
45.51080514074241 1000.0
79.8810555189128 969.2814992247053
55.205501738083214 1000.0
46.99941935107911 1000.0
58.7022323943822 1000.0
45.49586079046007 1000.0
55.0787321387782 1000.0
48.536724685652395 1000.0
42.673530156246606 1000.0
45.51080514074241 1000.0
62.56411421020948 1000.0
42.673530156246606 1000.0
46.99941935107911 1000.0
60.602418861926516 1000.0
42.673530156246606 1000.0
46.96855808794114 1000.0
42.673530156246606 1000.0
50.058509065901006 1000.0
58.7022323943822 1000.0
79.25389543991948 969.9183774389844
50.12431378381976 1000.0
45.51080514074241 1000.0
70.76401154106384 1000.0
58.7022323943822 1000.0
45.51080514074241 1000.0
56.86162619903238 1000.0
