84.97319061898811 121.35890547705061
78.33917721169892 116.1615468006351
75.45453561689388 109.80494620176133
75.45453561689388 111.18677201375874
71.00188505897972 83.80591438787229
80.32328151176958 116.89017145278224
84.97319061898811 121.35890547705061
74.05229506787026 105.7616574361292
91.02352016974473 123.65693524221962
76.8833287333366 114.00281068451638
73.59069656849327 101.86725252871825
83.39405621054335 120.6024253625194
84.44351767311852 121.35890547705061
87.67180980294232 122.88613056029784
83.91714639719378 121.35890547705061
78.83056061108952 116.89017145278224
91.59446625773643 123.65693524221962
86.582227224223 122.12013062189081
98.39551552062696 126.0382771946163
84.44351767311852 121.35890547705061
78.33917721169892 115.43746396647919
75.45453561689388 111.18677201375874
87.1253152506045 122.12013062189081
86.582227224223 122.88613056029784
77.36558030622918 115.43746396647919
88.77510408940945 122.12013062189081
84.44351767311852 121.35890547705061
76.40408323341126 109.80494620176133
91.59446625773643 123.65693524221962
101.30902797197656 126.19759141936379
83.39405621054335 120.6024253625194
95.69263219154008 125.21307957688578
82.87422666078436 120.6024253625194
84.97319061898811 121.35890547705061
93.91428861014063 125.21307957688578
72.67611363565454 96.29286533894536
82.87422666078436 120.6024253625194
92.16899361169972 124.43257480546579
77.36558030622918 116.89017145278224
84.97319061898811 122.12013062189081
84.97319061898811 120.6024253625194
90.45613302421654 123.65693524221962
86.582227224223 122.12013062189081
73.13197540295756 103.14918748529841
85.50618594456569 122.12013062189081
81.84426829905568 119.85066070056595
81.84426829905568 120.6024253625194
77.36558030622918 113.29218414298231
86.0425244895165 122.12013062189081
81.84426829905568 119.10358209782962
89.33194696140988 123.65693524221962
76.40408323341126 110.49369900278609
91.59446625773643 123.65693524221962
91.02352016974473 123.65693524221962
88.77510408940945 123.65693524221962
74.05229506787026 104.44725478266629
74.98419637379514 109.12048668103411
86.582227224223 122.12013062189081
81.33409921658726 119.10358209782962
80.32328151176958 118.36116034417033
79.82259336730505 118.36116034417033
81.33409921658726 119.10358209782962
98.73168452221086 125.9984800735541
92.16899361169972 124.43257480546579
74.51678894919858 105.10240140200632
81.33409921658726 119.85066070056595
91.02352016974473 123.65693524221962
84.97319061898811 121.35890547705061
81.84426829905568 117.62336641152686
74.51678894919858 108.44029367881738
84.97319061898811 122.12013062189081
89.33194696140988 123.65693524221962
74.98419637379514 109.12048668103411
95.69263219154008 125.21307957688578
79.32502621856291 118.36116034417033
80.32328151176958 118.36116034417033
89.33194696140988 123.65693524221962
95.98924818655941 126.0382771946163
77.85085680771671 114.00281068451638
78.33917721169892 114.00281068451638
80.32328151176958 116.89017145278224
83.39405621054335 119.85066070056595
77.36558030622918 111.88419233324659
82.87422666078436 120.6024253625194
91.02352016974473 123.65693524221962
80.32328151176958 118.36116034417033
75.9278250683605 111.18677201375874
79.82259336730505 116.89017145278224
73.59069656849327 105.7616574361292
91.02352016974473 123.65693524221962
78.33917721169892 116.89017145278224
73.13197540295756 99.35098016067519
77.85085680771671 114.71789463928985
77.85085680771671 114.71789463928985
79.32502621856291 117.62336641152686
86.582227224223 122.12013062189081
75.9278250683605 111.88419233324659
79.32502621856291 116.1615468006351
82.87422666078436 119.10358209782962
73.13197540295756 99.97416033822817
84.97319061898811 121.35890547705061
89.33194696140988 123.65693524221962
79.32502621856291 115.43746396647919
74.98419637379514 107.76434060014137
77.36558030622918 114.71789463928985
88.2217322487102 123.65693524221962
98.73168452221086 125.9984800735541
87.1253152506045 122.88613056029784
74.98419637379514 110.49369900278609
76.8833287333366 114.71789463928985
82.87422666078436 120.6024253625194
83.91714639719378 120.6024253625194
81.33409921658726 119.85066070056595
83.91714639719378 121.35890547705061
73.59069656849327 102.50621605393991
77.85085680771671 116.1615468006351
81.84426829905568 119.85066070056595
87.1253152506045 122.12013062189081
82.87422666078436 119.85066070056595
89.33194696140988 123.65693524221962
83.91714639719378 121.35890547705061
75.9278250683605 110.49369900278609
83.39405621054335 120.6024253625194
89.33194696140988 123.65693524221962
100.86210338634147 126.0382771946163
79.82259336730505 116.89017145278224
85.50618594456569 120.6024253625194
76.8833287333366 111.88419233324659
86.0425244895165 122.88613056029784
75.9278250683605 112.5859872297926
75.45453561689388 109.80494620176133
85.50618594456569 122.12013062189081
95.69263219154008 125.21307957688578
87.67180980294232 122.12013062189081
83.91714639719378 119.85066070056595
93.32888211257331 124.43257480546579
78.83056061108952 116.1615468006351
86.0425244895165 121.35890547705061
71.75476646152454 92.48388965544211
74.98419637379514 110.49369900278609
78.33917721169892 117.62336641152686
74.51678894919858 111.18677201375874
74.98419637379514 109.12048668103411
80.82711022843841 118.36116034417033
87.67180980294232 122.88613056029784
71.31199338743184 89.66546246483777
73.59069656849327 102.50621605393991
77.36558030622918 113.29218414298231
87.67180980294232 122.88613056029784
74.98419637379514 110.49369900278609
92.16899361169972 124.43257480546579
77.85085680771671 116.1615468006351
93.32888211257331 124.43257480546579
79.32502621856291 119.10358209782962
81.84426829905568 116.89017145278224
87.67180980294232 122.88613056029784
79.32502621856291 116.1615468006351
83.39405621054335 119.85066070056595
75.45453561689388 111.18677201375874
93.32888211257331 124.43257480546579
77.36558030622918 115.43746396647919
77.85085680771671 116.1615468006351
79.82259336730505 118.36116034417033
86.582227224223 122.12013062189081
72.67611363565454 96.29286533894536
80.32328151176958 116.89017145278224
99.35098016067519 125.9984800735541
84.44351767311852 121.35890547705061
76.8833287333366 111.88419233324659
75.9278250683605 114.00281068451638
95.09614054491973 125.21307957688578
89.8922826367956 123.65693524221962
79.82259336730505 117.62336641152686
96.5852412654305 126.0382771946163
88.77510408940945 123.65693524221962
80.82711022843841 119.10358209782962
76.8833287333366 112.5859872297926
105.4015522585642 127.36670215202122
77.85085680771671 114.00281068451638
82.87422666078436 119.10358209782962
92.16899361169972 124.43257480546579
80.82711022843841 118.36116034417033
78.33917721169892 116.89017145278224
91.59446625773643 123.65693524221962
78.83056061108952 116.1615468006351
81.33409921658726 120.6024253625194
90.45613302421654 123.65693524221962
77.85085680771671 116.1615468006351
80.32328151176958 118.36116034417033
89.8922826367956 123.65693524221962
97.7883518849211 126.0382771946163
84.44351767311852 120.6024253625194
72.67611363565454 96.89686345574268
80.32328151176958 119.10358209782962
86.0425244895165 122.12013062189081
79.32502621856291 115.43746396647919
73.13197540295756 101.23227192670156
73.59069656849327 104.44725478266629
86.582227224223 122.88613056029784
89.33194696140988 122.88613056029784
85.50618594456569 120.6024253625194
83.91714639719378 120.6024253625194
78.33917721169892 116.1615468006351
79.32502621856291 116.89017145278224
73.59069656849327 101.23227192670156
82.87422666078436 119.85066070056595
76.40408323341126 114.71789463928985
98.73168452221086 125.9984800735541
95.69263219154008 125.21307957688578
88.2217322487102 122.88613056029784
71.17699760261694 85.98276556970701
78.33917721169892 116.1615468006351
75.45453561689388 112.5859872297926
92.16899361169972 124.43257480546579
76.40408323341126 112.5859872297926
88.77510408940945 123.65693524221962
81.33409921658726 119.10358209782962
78.33917721169892 113.29218414298231
86.0425244895165 122.88613056029784
84.97319061898811 122.12013062189081
99.35098016067519 125.9984800735541
82.3576374230222 121.35890547705061
94.50336707676657 124.43257480546579
78.83056061108952 116.1615468006351
84.97319061898811 121.35890547705061
96.29286533894536 125.21307957688578
76.40408323341126 111.18677201375874
84.44351767311852 120.6024253625194
78.83056061108952 116.89017145278224
74.98419637379514 109.80494620176133
84.97319061898811 121.35890547705061
91.02352016974473 123.65693524221962
92.16899361169972 124.43257480546579
72.67611363565454 96.89686345574268
96.89686345574268 125.21307957688578
91.59446625773643 123.65693524221962
94.50336707676657 125.21307957688578
102.9344168033471 126.43694041509576
96.89686345574268 125.21307957688578
81.33409921658726 118.36116034417033
83.91714639719378 121.35890547705061
79.82259336730505 119.10358209782962
96.89686345574268 125.21307957688578
77.36558030622918 111.88419233324659
85.50618594456569 120.6024253625194
92.74712469516697 124.43257480546579
78.33917721169892 117.62336641152686
79.32502621856291 118.36116034417033
100.43617949949635 126.15774399415882
103.77652626748291 127.17377835968483
93.91428861014063 125.21307957688578
75.9278250683605 109.80494620176133
85.50618594456569 120.6024253625194
79.82259336730505 116.89017145278224
80.32328151176958 119.85066070056595
85.50618594456569 122.12013062189081
88.77510408940945 122.88613056029784
74.98419637379514 108.44029367881738
75.45453561689388 109.12048668103411
95.69263219154008 125.21307957688578
72.67611363565454 100.60124942068646
83.39405621054335 120.6024253625194
87.1253152506045 122.12013062189081
90.45613302421654 123.65693524221962
74.51678894919858 106.42504866138702
83.39405621054335 120.6024253625194
79.82259336730505 117.62336641152686
100.60124942068646 125.9984800735541
96.29286533894536 125.21307957688578
88.77510408940945 122.88613056029784
80.82711022843841 119.10358209782962
98.11624920890085 125.9984800735541
76.8833287333366 111.18677201375874
84.97319061898811 120.6024253625194
91.02352016974473 123.65693524221962
79.82259336730505 115.43746396647919
81.84426829905568 119.10358209782962
73.59069656849327 105.10240140200632
87.67180980294232 123.65693524221962
90.45613302421654 123.65693524221962
86.582227224223 122.12013062189081
87.67180980294232 122.12013062189081
93.91428861014063 124.43257480546579
80.82711022843841 117.62336641152686
92.16899361169972 124.43257480546579
95.69263219154008 125.21307957688578
79.32502621856291 116.1615468006351
92.16899361169972 124.43257480546579
89.8922826367956 123.65693524221962
95.09614054491973 125.21307957688578
75.9278250683605 113.29218414298231
87.67180980294232 122.88613056029784
73.13197540295756 103.14918748529841
76.40408323341126 112.5859872297926
91.59446625773643 124.43257480546579
80.82711022843841 119.10358209782962
78.83056061108952 118.36116034417033
82.3576374230222 119.85066070056595
95.09614054491973 125.21307957688578
92.74712469516697 124.43257480546579
74.98419637379514 109.80494620176133
96.89686345574268 125.21307957688578
81.33409921658726 119.10358209782962
96.89686345574268 125.21307957688578
96.29286533894536 125.21307957688578
93.91428861014063 125.21307957688578
76.8833287333366 114.00281068451638
76.40408323341126 110.49369900278609
82.3576374230222 119.10358209782962
90.45613302421654 123.65693524221962
77.85085680771671 116.1615468006351
73.13197540295756 100.60124942068646
87.67180980294232 122.88613056029784
88.2217322487102 122.88613056029784
76.40408323341126 114.00281068451638
95.09614054491973 125.21307957688578
89.8922826367956 123.65693524221962
74.98419637379514 108.44029367881738
79.82259336730505 117.62336641152686
78.83056061108952 115.43746396647919
74.51678894919858 108.44029367881738
77.36558030622918 113.29218414298231
87.1253152506045 122.88613056029784
90.45613302421654 123.65693524221962
87.1253152506045 122.12013062189081
86.0425244895165 122.88613056029784
100.86210338634147 126.0382771946163
83.39405621054335 121.35890547705061
100.60124942068646 125.9984800735541
75.45453561689388 107.76434060014137
84.97319061898811 122.12013062189081
75.9278250683605 113.29218414298231
80.32328151176958 118.36116034417033
83.39405621054335 120.6024253625194
88.77510408940945 123.65693524221962
88.2217322487102 122.88613056029784
87.1253152506045 122.12013062189081
74.98419637379514 112.5859872297926
77.85085680771671 112.5859872297926
80.82711022843841 117.62336641152686
89.33194696140988 123.65693524221962
84.97319061898811 122.12013062189081
91.02352016974473 123.65693524221962
88.2217322487102 122.88613056029784
89.33194696140988 122.88613056029784
89.8922826367956 123.65693524221962
90.45613302421654 123.65693524221962
80.32328151176958 119.10358209782962
93.91428861014063 124.43257480546579
75.45453561689388 112.5859872297926
89.33194696140988 123.65693524221962
96.29286533894536 125.21307957688578
89.8922826367956 123.65693524221962
85.50618594456569 120.6024253625194
91.59446625773643 123.65693524221962
83.39405621054335 119.85066070056595
87.67180980294232 122.88613056029784
95.69263219154008 125.21307957688578
76.40408323341126 113.29218414298231
82.87422666078436 119.85066070056595
77.85085680771671 116.1615468006351
74.51678894919858 106.42504866138702
77.36558030622918 112.5859872297926
77.36558030622918 114.00281068451638
78.83056061108952 114.00281068451638
91.59446625773643 123.65693524221962
91.02352016974473 123.65693524221962
87.67180980294232 122.12013062189081
81.84426829905568 119.10358209782962
88.77510408940945 122.88613056029784
78.33917721169892 115.43746396647919
96.5852412654305 125.2605399347962
71.77289711161539 92.74712469516697
87.67180980294232 122.12013062189081
87.1253152506045 122.88613056029784
81.84426829905568 118.36116034417033
82.87422666078436 121.35890547705061
89.33194696140988 123.65693524221962
75.9278250683605 110.49369900278609
74.05229506787026 103.14918748529841
93.32888211257331 124.43257480546579
73.59069656849327 103.14918748529841
74.98419637379514 110.49369900278609
96.29286533894536 125.21307957688578
73.13197540295756 101.23227192670156
92.16899361169972 124.43257480546579
76.8833287333366 114.71789463928985
79.82259336730505 118.36116034417033
95.09614054491973 125.21307957688578
88.2217322487102 123.65693524221962
81.84426829905568 119.10358209782962
96.29286533894536 125.21307957688578
78.33917721169892 114.71789463928985
80.32328151176958 117.62336641152686
79.82259336730505 116.1615468006351
86.582227224223 122.88613056029784
82.87422666078436 121.35890547705061
74.51678894919858 107.09260101581403
87.1253152506045 122.88613056029784
73.13197540295756 100.60124942068646
84.97319061898811 121.35890547705061
77.85085680771671 114.00281068451638
83.39405621054335 119.85066070056595
89.8922826367956 123.65693524221962
78.33917721169892 114.00281068451638
92.74712469516697 124.43257480546579
86.582227224223 121.35890547705061
86.0425244895165 121.35890547705061
86.0425244895165 120.6024253625194
82.3576374230222 119.85066070056595
78.83056061108952 117.62336641152686
77.85085680771671 115.43746396647919
88.2217322487102 122.12013062189081
74.98419637379514 107.76434060014137
92.74712469516697 124.43257480546579
76.8833287333366 114.71789463928985
81.33409921658726 118.36116034417033
86.582227224223 121.35890547705061
99.00644900901386 126.0382771946163
73.13197540295756 101.23227192670156
88.77510408940945 123.65693524221962
89.33194696140988 123.65693524221962
93.91428861014063 124.43257480546579
99.35098016067519 125.9984800735541
79.82259336730505 116.89017145278224
93.91428861014063 124.43257480546579
81.33409921658726 116.89017145278224
90.45613302421654 122.88613056029784
93.91428861014063 124.43257480546579
82.87422666078436 119.85066070056595
95.09614054491973 125.21307957688578
76.8833287333366 114.71789463928985
86.582227224223 122.88613056029784
84.97319061898811 122.12013062189081
84.44351767311852 121.35890547705061
74.05229506787026 104.44725478266629
81.33409921658726 119.10358209782962
75.45453561689388 110.49369900278609
79.82259336730505 116.89017145278224
84.97319061898811 120.6024253625194
89.33194696140988 122.88613056029784
75.45453561689388 111.18677201375874
75.9278250683605 111.18677201375874
74.98419637379514 108.44029367881738
81.33409921658726 118.36116034417033
82.87422666078436 119.85066070056595
92.74712469516697 124.43257480546579
75.45453561689388 110.49369900278609
72.67611363565454 96.29286533894536
87.1253152506045 122.12013062189081
72.22309344277566 94.50336707676657
77.85085680771671 116.1615468006351
77.36558030622918 115.43746396647919
98.73168452221086 125.9984800735541
79.82259336730505 117.62336641152686
76.8833287333366 111.88419233324659
92.16899361169972 124.43257480546579
88.2217322487102 122.88613056029784
75.45453561689388 112.5859872297926
83.91714639719378 121.35890547705061
80.32328151176958 119.10358209782962
83.91714639719378 121.35890547705061
83.39405621054335 121.35890547705061
99.89210617895928 126.07808688575734
92.74712469516697 124.43257480546579
79.82259336730505 117.62336641152686
73.13197540295756 101.23227192670156
83.39405621054335 120.6024253625194
94.50336707676657 125.21307957688578
94.50336707676657 124.43257480546579
83.91714639719378 120.6024253625194
88.77510408940945 123.65693524221962
93.32888211257331 124.43257480546579
91.02352016974473 124.43257480546579
85.50618594456569 122.12013062189081
78.33917721169892 115.43746396647919
81.84426829905568 117.62336641152686
79.32502621856291 115.43746396647919
93.32888211257331 124.43257480546579
75.9278250683605 111.18677201375874
76.8833287333366 114.71789463928985
79.82259336730505 117.62336641152686
74.98419637379514 107.09260101581403
89.8922826367956 124.43257480546579
80.32328151176958 116.89017145278224
83.91714639719378 120.6024253625194
82.87422666078436 120.6024253625194
77.36558030622918 114.71789463928985
77.36558030622918 113.29218414298231
80.32328151176958 118.36116034417033
89.8922826367956 123.65693524221962
73.59069656849327 104.44725478266629
77.85085680771671 114.00281068451638
81.33409921658726 119.10358209782962
86.0425244895165 122.12013062189081
78.83056061108952 118.36116034417033
76.40408323341126 111.88419233324659
83.91714639719378 121.35890547705061
81.84426829905568 118.36116034417033
88.77510408940945 122.88613056029784
96.89686345574268 125.21307957688578
74.51678894919858 105.10240140200632
77.85085680771671 114.00281068451638
86.0425244895165 122.12013062189081
94.50336707676657 125.21307957688578
74.51678894919858 106.42504866138702
86.0425244895165 122.88613056029784
79.32502621856291 117.62336641152686
88.2217322487102 122.88613056029784
87.1253152506045 122.12013062189081
88.77510408940945 123.65693524221962
76.40408323341126 113.29218414298231
87.67180980294232 122.88613056029784
87.1253152506045 122.12013062189081
99.35098016067519 125.9984800735541
82.3576374230222 117.62336641152686
87.1253152506045 122.12013062189081
86.0425244895165 120.6024253625194
78.83056061108952 116.1615468006351
77.85085680771671 115.43746396647919
94.50336707676657 124.43257480546579
74.98419637379514 110.49369900278609
86.582227224223 122.88613056029784
79.82259336730505 116.89017145278224
73.59069656849327 103.14918748529841
94.50336707676657 124.43257480546579
78.33917721169892 114.71789463928985
90.45613302421654 123.65693524221962
94.50336707676657 125.21307957688578
80.32328151176958 116.89017145278224
86.0425244895165 122.88613056029784
88.2217322487102 122.88613056029784
84.97319061898811 122.12013062189081
96.89686345574268 125.21307957688578
84.44351767311852 122.12013062189081
89.33194696140988 122.88613056029784
94.50336707676657 125.21307957688578
79.32502621856291 117.62336641152686
83.39405621054335 119.10358209782962
75.45453561689388 112.5859872297926
95.09614054491973 125.21307957688578
78.33917721169892 114.71789463928985
86.582227224223 121.35890547705061
92.74712469516697 124.43257480546579
88.2217322487102 122.88613056029784
88.77510408940945 123.65693524221962
75.45453561689388 108.44029367881738
84.97319061898811 122.12013062189081
75.9278250683605 111.88419233324659
84.44351767311852 121.35890547705061
81.33409921658726 117.62336641152686
82.3576374230222 119.85066070056595
100.43617949949635 126.15774399415882
95.69263219154008 125.21307957688578
79.82259336730505 118.36116034417033
93.91428861014063 125.21307957688578
86.582227224223 122.12013062189081
80.82711022843841 119.10358209782962
83.91714639719378 121.35890547705061
86.0425244895165 122.12013062189081
74.05229506787026 105.7616574361292
80.82711022843841 119.10358209782962
85.50618594456569 122.12013062189081
92.16899361169972 124.43257480546579
75.9278250683605 111.18677201375874
75.9278250683605 109.80494620176133
78.33917721169892 114.71789463928985
73.59069656849327 102.50621605393991
80.82711022843841 119.10358209782962
72.67611363565454 98.11624920890085
90.45613302421654 123.65693524221962
93.91428861014063 125.21307957688578
73.13197540295756 100.60124942068646
72.67611363565454 98.73168452221086
86.582227224223 122.88613056029784
79.32502621856291 116.89017145278224
100.23971931656997 126.0382771946163
84.97319061898811 121.35890547705061
74.98419637379514 108.44029367881738
84.44351767311852 120.6024253625194
76.40408323341126 111.88419233324659
81.84426829905568 119.85066070056595
79.32502621856291 118.36116034417033
78.33917721169892 115.43746396647919
86.0425244895165 121.35890547705061
73.13197540295756 103.79619196243168
84.97319061898811 122.12013062189081
100.70932641120167 126.19759141936379
75.9278250683605 112.5859872297926
75.45453561689388 111.18677201375874
74.98419637379514 109.12048668103411
74.05229506787026 103.79619196243168
96.29286533894536 125.21307957688578
83.39405621054335 120.6024253625194
83.39405621054335 120.6024253625194
91.59446625773643 124.43257480546579
78.83056061108952 116.89017145278224
81.33409921658726 118.36116034417033
89.8922826367956 123.65693524221962
89.8922826367956 123.65693524221962
87.67180980294232 122.12013062189081
76.8833287333366 114.71789463928985
91.02352016974473 123.65693524221962
87.1253152506045 122.12013062189081
83.91714639719378 120.6024253625194
86.0425244895165 122.12013062189081
77.85085680771671 115.43746396647919
77.36558030622918 112.5859872297926
76.40408323341126 111.18677201375874
92.16899361169972 124.43257480546579
95.09614054491973 125.21307957688578
87.67180980294232 122.12013062189081
76.40408323341126 111.88419233324659
74.51678894919858 107.76434060014137
72.67611363565454 99.97416033822817
83.39405621054335 119.10358209782962
82.3576374230222 119.10358209782962
81.33409921658726 118.36116034417033
95.69263219154008 125.21307957688578
84.44351767311852 122.12013062189081
79.82259336730505 119.10358209782962
82.3576374230222 119.10358209782962
86.0425244895165 122.12013062189081
88.77510408940945 123.65693524221962
80.82711022843841 118.36116034417033
71.2984822953423 88.34998499472984
87.67180980294232 122.12013062189081
83.91714639719378 121.35890547705061
87.67180980294232 122.88613056029784
97.7883518849211 126.0382771946163
89.8922826367956 123.65693524221962
95.69263219154008 125.21307957688578
73.59069656849327 107.09260101581403
76.8833287333366 114.71789463928985
100.70932641120167 126.19759141936379
90.45613302421654 123.65693524221962
72.22309344277566 93.91428861014063
79.32502621856291 117.62336641152686
86.0425244895165 122.12013062189081
84.97319061898811 122.12013062189081
76.8833287333366 115.43746396647919
85.50618594456569 121.35890547705061
74.05229506787026 105.7616574361292
80.82711022843841 117.62336641152686
80.32328151176958 117.62336641152686
79.32502621856291 116.1615468006351
83.39405621054335 120.6024253625194
77.85085680771671 115.43746396647919
82.87422666078436 119.85066070056595
75.9278250683605 111.18677201375874
81.33409921658726 119.10358209782962
75.9278250683605 110.49369900278609
80.82711022843841 117.62336641152686
74.98419637379514 107.09260101581403
84.44351767311852 120.6024253625194
79.82259336730505 116.1615468006351
82.3576374230222 118.36116034417033
78.83056061108952 116.89017145278224
83.39405621054335 121.35890547705061
83.91714639719378 121.35890547705061
96.29286533894536 125.9984800735541
86.582227224223 122.12013062189081
74.98419637379514 110.49369900278609
79.82259336730505 119.10358209782962
96.29286533894536 125.9984800735541
77.85085680771671 116.89017145278224
89.8922826367956 123.65693524221962
78.33917721169892 114.71789463928985
83.39405621054335 120.6024253625194
75.9278250683605 111.88419233324659
89.8922826367956 123.65693524221962
74.51678894919858 109.12048668103411
71.77289711161539 90.45613302421654
74.05229506787026 108.44029367881738
87.1253152506045 122.88613056029784
89.33194696140988 123.65693524221962
74.51678894919858 107.09260101581403
79.32502621856291 116.89017145278224
82.87422666078436 120.6024253625194
95.69263219154008 125.21307957688578
78.33917721169892 116.1615468006351
93.32888211257331 124.43257480546579
85.50618594456569 121.35890547705061
81.84426829905568 119.85066070056595
86.582227224223 122.12013062189081
86.582227224223 122.12013062189081
92.74712469516697 124.43257480546579
80.82711022843841 119.10358209782962
92.74712469516697 124.43257480546579
81.33409921658726 119.10358209782962
72.67611363565454 98.73168452221086
78.33917721169892 115.43746396647919
81.84426829905568 119.85066070056595
79.32502621856291 116.89017145278224
76.40408323341126 113.29218414298231
87.67180980294232 122.88613056029784
83.39405621054335 120.6024253625194
74.05229506787026 105.7616574361292
76.8833287333366 114.00281068451638
73.59069656849327 105.10240140200632
78.33917721169892 114.00281068451638
84.97319061898811 121.35890547705061
76.40408323341126 114.71789463928985
83.39405621054335 120.6024253625194
97.50465015774628 125.21307957688578
75.9278250683605 110.49369900278609
93.91428861014063 125.21307957688578
81.33409921658726 118.36116034417033
84.44351767311852 121.35890547705061
84.97319061898811 121.35890547705061
82.87422666078436 119.85066070056595
86.582227224223 122.12013062189081
91.02352016974473 123.65693524221962
72.67611363565454 96.89686345574268
80.32328151176958 118.36116034417033
101.57813272738547 126.98114679121088
75.45453561689388 109.12048668103411
84.97319061898811 121.35890547705061
79.32502621856291 116.1615468006351
88.2217322487102 123.65693524221962
83.39405621054335 121.35890547705061
74.05229506787026 105.7616574361292
80.32328151176958 116.1615468006351
73.59069656849327 104.44725478266629
74.98419637379514 110.49369900278609
79.82259336730505 116.1615468006351
83.39405621054335 119.85066070056595
86.0425244895165 122.12013062189081
87.67180980294232 122.88613056029784
89.8922826367956 123.65693524221962
81.33409921658726 119.10358209782962
79.32502621856291 117.62336641152686
86.0425244895165 122.12013062189081
77.85085680771671 114.00281068451638
80.82711022843841 117.62336641152686
92.16899361169972 124.43257480546579
86.0425244895165 121.35890547705061
77.85085680771671 115.43746396647919
89.8922826367956 123.65693524221962
77.36558030622918 112.5859872297926
84.97319061898811 121.35890547705061
79.32502621856291 116.1615468006351
92.16899361169972 124.43257480546579
78.33917721169892 114.71789463928985
75.9278250683605 109.80494620176133
88.2217322487102 122.88613056029784
88.2217322487102 122.12013062189081
88.2217322487102 123.65693524221962
87.67180980294232 122.88613056029784
80.32328151176958 116.89017145278224
84.44351767311852 122.12013062189081
79.82259336730505 117.62336641152686
79.82259336730505 119.10358209782962
74.51678894919858 106.42504866138702
83.39405621054335 120.6024253625194
72.67611363565454 96.29286533894536
78.33917721169892 113.29218414298231
77.85085680771671 116.89017145278224
79.32502621856291 117.62336641152686
74.98419637379514 108.44029367881738
85.50618594456569 122.12013062189081
74.98419637379514 110.49369900278609
74.05229506787026 107.09260101581403
73.59069656849327 101.86725252871825
92.16899361169972 124.43257480546579
81.84426829905568 119.10358209782962
100.98321617509168 126.23745143053635
100.60124942068646 125.9984800735541
88.77510408940945 123.65693524221962
75.45453561689388 110.49369900278609
79.32502621856291 116.89017145278224
86.0425244895165 122.12013062189081
84.97319061898811 121.35890547705061
79.82259336730505 119.10358209782962
89.33194696140988 122.88613056029784
97.50465015774628 125.9984800735541
76.40408323341126 111.18677201375874
77.85085680771671 114.71789463928985
89.33194696140988 122.88613056029784
75.9278250683605 111.88419233324659
73.59069656849327 102.50621605393991
88.77510408940945 123.65693524221962
95.09614054491973 125.21307957688578
95.09614054491973 125.21307957688578
79.82259336730505 116.89017145278224
74.05229506787026 107.09260101581403
73.13197540295756 98.73168452221086
91.59446625773643 123.65693524221962
81.84426829905568 120.6024253625194
98.3582341358762 126.11790915094767
93.91428861014063 125.21307957688578
77.36558030622918 111.88419233324659
84.44351767311852 120.6024253625194
84.44351767311852 120.6024253625194
87.1253152506045 122.12013062189081
91.02352016974473 123.65693524221962
88.2217322487102 123.65693524221962
90.45613302421654 123.65693524221962
92.74712469516697 124.43257480546579
77.36558030622918 114.71789463928985
78.33917721169892 118.36116034417033
83.39405621054335 120.6024253625194
79.32502621856291 116.1615468006351
87.67180980294232 122.88613056029784
99.35098016067519 125.9984800735541
75.9278250683605 111.18677201375874
84.44351767311852 122.12013062189081
92.74712469516697 124.43257480546579
95.09614054491973 125.21307957688578
83.91714639719378 122.12013062189081
82.87422666078436 118.36116034417033
93.32888211257331 124.43257480546579
95.69263219154008 125.21307957688578
79.32502621856291 117.62336641152686
79.82259336730505 117.62336641152686
79.82259336730505 118.36116034417033
89.33194696140988 122.88613056029784
78.83056061108952 114.00281068451638
99.00644900901386 126.0382771946163
80.32328151176958 117.62336641152686
80.32328151176958 119.85066070056595
88.77510408940945 122.88613056029784
80.32328151176958 118.36116034417033
76.40408323341126 113.29218414298231
97.50465015774628 125.9984800735541
76.40408323341126 111.88419233324659
93.32888211257331 124.43257480546579
99.00644900901386 126.0382771946163
84.97319061898811 121.35890547705061
86.582227224223 122.12013062189081
89.8922826367956 123.65693524221962
84.97319061898811 119.85066070056595
86.582227224223 122.12013062189081
81.84426829905568 120.6024253625194
86.582227224223 121.35890547705061
102.36387867923297 127.14165281691092
78.33917721169892 115.43746396647919
98.39551552062696 126.0382771946163
88.2217322487102 122.88613056029784
88.2217322487102 122.88613056029784
74.51678894919858 106.42504866138702
78.83056061108952 116.89017145278224
77.85085680771671 116.89017145278224
78.83056061108952 116.89017145278224
80.82711022843841 119.10358209782962
78.83056061108952 116.1615468006351
79.82259336730505 118.36116034417033
75.45453561689388 112.5859872297926
103.20132055434573 126.55678509205872
93.91428861014063 125.21307957688578
81.84426829905568 120.6024253625194
91.59446625773643 124.43257480546579
85.50618594456569 122.12013062189081
74.98419637379514 111.18677201375874
83.91714639719378 119.85066070056595
93.32888211257331 124.43257480546579
92.16899361169972 124.43257480546579
75.9278250683605 109.12048668103411
82.87422666078436 119.85066070056595
83.39405621054335 119.85066070056595
83.91714639719378 119.85066070056595
73.59069656849327 101.86725252871825
76.8833287333366 111.88419233324659
78.83056061108952 118.36116034417033
84.44351767311852 121.35890547705061
80.82711022843841 118.36116034417033
102.36387867923297 126.43694041509576
79.32502621856291 117.62336641152686
73.59069656849327 103.14918748529841
94.50336707676657 125.21307957688578
82.87422666078436 121.35890547705061
83.39405621054335 121.35890547705061
84.44351767311852 119.85066070056595
90.45613302421654 123.65693524221962
87.1253152506045 122.88613056029784
79.82259336730505 118.36116034417033
83.91714639719378 121.35890547705061
76.8833287333366 114.71789463928985
89.33194696140988 123.65693524221962
84.44351767311852 122.12013062189081
79.82259336730505 116.89017145278224
95.09614054491973 125.21307957688578
86.582227224223 121.35890547705061
74.51678894919858 105.7616574361292
80.82711022843841 118.36116034417033
82.3576374230222 119.10358209782962
77.85085680771671 116.1615468006351
84.44351767311852 122.12013062189081
74.05229506787026 106.42504866138702
81.84426829905568 119.85066070056595
84.97319061898811 122.12013062189081
83.91714639719378 120.6024253625194
80.32328151176958 116.89017145278224
83.91714639719378 121.35890547705061
91.59446625773643 123.65693524221962
78.83056061108952 116.1615468006351
99.35098016067519 125.9984800735541
92.74712469516697 123.65693524221962
76.8833287333366 114.00281068451638
84.97319061898811 122.12013062189081
89.8922826367956 123.65693524221962
74.98419637379514 108.44029367881738
79.82259336730505 117.62336641152686
82.87422666078436 119.10358209782962
92.16899361169972 124.43257480546579
89.8922826367956 123.65693524221962
91.02352016974473 123.65693524221962
76.40408323341126 112.5859872297926
85.50618594456569 121.35890547705061
79.82259336730505 118.36116034417033
79.32502621856291 117.62336641152686
80.32328151176958 119.10358209782962
88.2217322487102 122.88613056029784
91.59446625773643 123.65693524221962
83.91714639719378 120.6024253625194
87.67180980294232 122.88613056029784
82.87422666078436 121.35890547705061
86.582227224223 122.12013062189081
71.77289711161539 92.16899361169972
79.32502621856291 116.1615468006351
72.67611363565454 98.73168452221086
88.77510408940945 123.65693524221962
76.8833287333366 114.71789463928985
96.89686345574268 125.21307957688578
74.51678894919858 107.76434060014137
76.8833287333366 114.71789463928985
96.89686345574268 125.9984800735541
92.16899361169972 124.43257480546579
74.51678894919858 106.42504866138702
74.51678894919858 107.76434060014137
83.39405621054335 119.10358209782962
77.85085680771671 114.00281068451638
92.16899361169972 124.43257480546579
83.91714639719378 120.6024253625194
80.32328151176958 116.89017145278224
74.05229506787026 103.79619196243168
83.39405621054335 120.6024253625194
96.89686345574268 125.21307957688578
94.50336707676657 125.21307957688578
83.39405621054335 121.35890547705061
96.29286533894536 125.21307957688578
95.09614054491973 125.21307957688578
77.36558030622918 114.71789463928985
83.91714639719378 119.85066070056595
80.82711022843841 118.36116034417033
96.29286533894536 125.21307957688578
85.50618594456569 122.12013062189081
88.77510408940945 124.43257480546579
77.85085680771671 114.71789463928985
82.3576374230222 119.85066070056595
82.87422666078436 121.35890547705061
88.2217322487102 122.88613056029784
73.59069656849327 104.44725478266629
91.59446625773643 124.43257480546579
75.45453561689388 109.80494620176133
81.84426829905568 120.6024253625194
76.8833287333366 111.88419233324659
84.97319061898811 122.12013062189081
82.87422666078436 120.6024253625194
81.84426829905568 119.85066070056595
73.13197540295756 98.73168452221086
91.02352016974473 124.43257480546579
99.62117575693351 126.0382771946163
84.97319061898811 121.35890547705061
93.91428861014063 125.21307957688578
87.1253152506045 122.88613056029784
74.51678894919858 109.80494620176133
91.02352016974473 123.65693524221962
76.8833287333366 115.43746396647919
74.51678894919858 105.7616574361292
75.9278250683605 111.88419233324659
104.58588316113399 127.33452787450322
82.87422666078436 119.10358209782962
84.44351767311852 121.35890547705061
86.582227224223 122.12013062189081
76.40408323341126 114.00281068451638
76.8833287333366 114.71789463928985
72.22309344277566 93.91428861014063
72.22309344277566 93.91428861014063
94.50336707676657 125.21307957688578
88.77510408940945 123.65693524221962
85.50618594456569 122.12013062189081
86.582227224223 122.12013062189081
76.8833287333366 113.29218414298231
77.85085680771671 116.1615468006351
85.50618594456569 121.35890547705061
81.84426829905568 118.36116034417033
93.32888211257331 124.43257480546579
81.84426829905568 120.6024253625194
77.36558030622918 113.29218414298231
81.84426829905568 120.6024253625194
79.32502621856291 118.36116034417033
85.50618594456569 121.35890547705061
84.97319061898811 120.6024253625194
81.84426829905568 119.10358209782962
74.51678894919858 107.09260101581403
82.3576374230222 120.6024253625194
89.8922826367956 123.65693524221962
92.16899361169972 124.43257480546579
78.33917721169892 113.29218414298231
73.59069656849327 105.10240140200632
78.83056061108952 115.43746396647919
96.29286533894536 125.21307957688578
88.77510408940945 123.65693524221962
82.87422666078436 121.35890547705061
83.39405621054335 119.85066070056595
93.32888211257331 124.43257480546579
88.2217322487102 122.88613056029784
75.9278250683605 111.18677201375874
75.45453561689388 109.80494620176133
76.8833287333366 114.71789463928985
88.77510408940945 122.88613056029784
91.02352016974473 122.88613056029784
93.91428861014063 124.43257480546579
92.16899361169972 124.43257480546579
93.32888211257331 124.43257480546579
86.0425244895165 121.35890547705061
92.16899361169972 124.43257480546579
83.91714639719378 120.6024253625194
87.1253152506045 121.35890547705061
88.77510408940945 122.88613056029784
83.39405621054335 120.6024253625194
74.05229506787026 104.44725478266629
87.67180980294232 122.12013062189081
73.59069656849327 103.79619196243168
77.36558030622918 116.1615468006351
79.82259336730505 117.62336641152686
95.69263219154008 125.21307957688578
78.33917721169892 116.89017145278224
81.84426829905568 118.36116034417033
83.39405621054335 121.35890547705061
91.02352016974473 123.65693524221962
76.8833287333366 114.71789463928985
78.33917721169892 116.1615468006351
95.09614054491973 125.21307957688578
83.91714639719378 119.85066070056595
78.83056061108952 116.89017145278224
76.40408323341126 112.5859872297926
77.85085680771671 116.1615468006351
81.84426829905568 116.89017145278224
84.44351767311852 120.6024253625194
89.8922826367956 123.65693524221962
76.40408323341126 110.49369900278609
81.84426829905568 119.85066070056595
78.83056061108952 117.62336641152686
79.32502621856291 116.89017145278224
83.91714639719378 121.35890547705061
83.91714639719378 122.12013062189081
86.582227224223 122.88613056029784
75.45453561689388 109.80494620176133
95.69263219154008 125.21307957688578
86.582227224223 122.12013062189081
77.36558030622918 113.29218414298231
89.33194696140988 123.65693524221962
95.09614054491973 124.43257480546579
79.32502621856291 115.43746396647919
90.45613302421654 123.65693524221962
83.39405621054335 119.10358209782962
81.84426829905568 119.10358209782962
75.9278250683605 109.80494620176133
76.8833287333366 112.5859872297926
80.32328151176958 116.89017145278224
87.67180980294232 122.12013062189081
75.9278250683605 110.49369900278609
75.45453561689388 111.18677201375874
74.51678894919858 105.7616574361292
81.84426829905568 118.36116034417033
87.67180980294232 122.88613056029784
78.83056061108952 117.62336641152686
81.33409921658726 120.6024253625194
88.2217322487102 122.12013062189081
88.77510408940945 122.88613056029784
87.67180980294232 122.88613056029784
89.33194696140988 123.65693524221962
93.32888211257331 124.43257480546579
82.3576374230222 120.6024253625194
78.83056061108952 116.89017145278224
100.43617949949635 126.91700113049826
80.82711022843841 119.10358209782962
79.82259336730505 116.89017145278224
77.85085680771671 116.1615468006351
84.44351767311852 120.6024253625194
80.82711022843841 119.10358209782962
78.83056061108952 115.43746396647919
81.84426829905568 119.10358209782962
81.84426829905568 119.10358209782962
78.83056061108952 114.71789463928985
82.3576374230222 119.85066070056595
89.8922826367956 123.65693524221962
87.1253152506045 122.88613056029784
83.39405621054335 121.35890547705061
95.09614054491973 125.21307957688578
85.50618594456569 122.12013062189081
86.582227224223 122.12013062189081
77.85085680771671 113.29218414298231
74.51678894919858 105.7616574361292
74.51678894919858 105.10240140200632
84.97319061898811 121.35890547705061
78.83056061108952 116.1615468006351
76.40408323341126 112.5859872297926
76.8833287333366 114.71789463928985
76.40408323341126 110.49369900278609
93.32888211257331 124.43257480546579
96.89686345574268 125.21307957688578
77.36558030622918 116.1615468006351
93.32888211257331 124.43257480546579
75.45453561689388 111.18677201375874
81.84426829905568 118.36116034417033
74.05229506787026 107.76434060014137
95.69263219154008 125.21307957688578
99.35098016067519 125.9984800735541
85.50618594456569 122.12013062189081
93.32888211257331 125.21307957688578
72.64857715555888 96.57914105492733
90.45613302421654 123.65693524221962
82.87422666078436 121.35890547705061
84.44351767311852 121.35890547705061
94.50336707676657 125.21307957688578
93.91428861014063 125.21307957688578
82.87422666078436 119.85066070056595
77.85085680771671 114.00281068451638
75.9278250683605 112.5859872297926
92.16899361169972 124.43257480546579
79.82259336730505 116.89017145278224
90.45613302421654 123.65693524221962
77.36558030622918 114.00281068451638
94.50336707676657 125.21307957688578
85.50618594456569 120.6024253625194
75.45453561689388 111.18677201375874
93.32888211257331 124.43257480546579
75.45453561689388 109.12048668103411
76.40408323341126 111.18677201375874
101.64873059019934 126.15774399415882
75.45453561689388 111.18677201375874
76.8833287333366 115.43746396647919
91.02352016974473 123.65693524221962
88.77510408940945 122.88613056029784
73.13197540295756 99.97416033822817
74.51678894919858 109.12048668103411
77.36558030622918 115.43746396647919
72.22309344277566 98.11624920890085
94.50336707676657 125.21307957688578
77.36558030622918 114.71789463928985
84.44351767311852 121.35890547705061
81.84426829905568 118.36116034417033
89.33194696140988 123.65693524221962
89.8922826367956 123.65693524221962
90.45613302421654 123.65693524221962
86.582227224223 122.88613056029784
77.36558030622918 111.88419233324659
85.50618594456569 122.12013062189081
79.82259336730505 117.62336641152686
83.39405621054335 120.6024253625194
89.8922826367956 123.65693524221962
77.36558030622918 116.1615468006351
84.97319061898811 122.12013062189081
89.8922826367956 123.65693524221962
89.33194696140988 123.65693524221962
76.40408323341126 110.49369900278609
79.32502621856291 117.62336641152686
81.84426829905568 118.36116034417033
74.05229506787026 105.7616574361292
80.82711022843841 119.85066070056595
79.32502621856291 115.43746396647919
72.22309344277566 95.69263219154008
76.8833287333366 112.5859872297926
95.09614054491973 125.21307957688578
83.91714639719378 121.35890547705061
72.22309344277566 95.69263219154008
72.67611363565454 101.23227192670156
95.69263219154008 125.9984800735541
80.32328151176958 117.62336641152686
89.33194696140988 122.88613056029784
87.67180980294232 122.88613056029784
78.83056061108952 116.89017145278224
89.8922826367956 123.65693524221962
77.36558030622918 114.71789463928985
71.09612282726154 85.66835876818716
92.16899361169972 124.43257480546579
80.32328151176958 116.89017145278224
100.86210338634147 126.0382771946163
74.98419637379514 107.76434060014137
83.39405621054335 119.85066070056595
74.51678894919858 107.76434060014137
95.09614054491973 124.43257480546579
77.85085680771671 114.00281068451638
75.9278250683605 109.80494620176133
89.8922826367956 123.65693524221962
88.2217322487102 122.88613056029784
78.83056061108952 116.89017145278224
83.39405621054335 119.85066070056595
74.05229506787026 107.76434060014137
81.33409921658726 118.36116034417033
86.0425244895165 122.12013062189081
84.97319061898811 119.85066070056595
75.45453561689388 109.12048668103411
82.87422666078436 121.35890547705061
83.39405621054335 120.6024253625194
82.3576374230222 119.85066070056595
92.74712469516697 124.43257480546579
89.33194696140988 123.65693524221962
80.32328151176958 119.10358209782962
80.82711022843841 116.89017145278224
74.98419637379514 109.80494620176133
88.2217322487102 122.88613056029784
78.83056061108952 115.43746396647919
82.87422666078436 121.35890547705061
77.85085680771671 114.00281068451638
77.85085680771671 113.29218414298231
72.67611363565454 97.50465015774628
82.3576374230222 120.6024253625194
78.33917721169892 116.89017145278224
93.32888211257331 124.43257480546579
71.2984822953423 88.8929314918991
102.36387867923297 126.43694041509576
88.77510408940945 122.88613056029784
88.77510408940945 122.88613056029784
73.13197540295756 103.14918748529841
74.51678894919858 107.09260101581403
87.1253152506045 122.88613056029784
83.39405621054335 119.85066070056595
79.82259336730505 116.89017145278224
79.32502621856291 114.71789463928985
77.85085680771671 116.1615468006351
80.82711022843841 119.10358209782962
74.51678894919858 106.42504866138702
81.33409921658726 118.36116034417033
77.85085680771671 112.5859872297926
84.44351767311852 120.6024253625194
87.67180980294232 122.12013062189081
92.16899361169972 124.43257480546579
83.91714639719378 120.6024253625194
83.39405621054335 120.6024253625194
87.1253152506045 122.88613056029784
89.8922826367956 123.65693524221962
87.67180980294232 122.88613056029784
79.82259336730505 117.62336641152686
93.91428861014063 124.43257480546579
80.82711022843841 118.36116034417033
94.50336707676657 125.21307957688578
88.2217322487102 122.88613056029784
74.51678894919858 107.76434060014137
85.50618594456569 121.35890547705061
83.39405621054335 121.35890547705061
82.3576374230222 119.10358209782962
92.16899361169972 124.43257480546579
87.67180980294232 122.88613056029784
73.59069656849327 105.7616574361292
83.39405621054335 120.6024253625194
90.45613302421654 123.65693524221962
76.40408323341126 109.80494620176133
103.24043764680046 127.10953538941449
81.84426829905568 119.85066070056595
82.87422666078436 120.6024253625194
87.1253152506045 122.12013062189081
84.44351767311852 122.12013062189081
74.51678894919858 109.12048668103411
81.33409921658726 118.36116034417033
79.82259336730505 116.89017145278224
84.44351767311852 121.35890547705061
77.36558030622918 112.5859872297926
89.33194696140988 122.88613056029784
83.39405621054335 120.6024253625194
78.33917721169892 116.89017145278224
76.40408323341126 112.5859872297926
77.36558030622918 114.71789463928985
76.8833287333366 112.5859872297926
77.36558030622918 112.5859872297926
91.02352016974473 123.65693524221962
80.32328151176958 119.10358209782962
75.45453561689388 111.88419233324659
85.50618594456569 122.88613056029784
73.13197540295756 101.86725252871825
91.02352016974473 123.65693524221962
78.33917721169892 115.43746396647919
95.69263219154008 125.21307957688578
94.50336707676657 125.21307957688578
91.59446625773643 123.65693524221962
72.67611363565454 100.60124942068646
86.0425244895165 121.35890547705061
74.51678894919858 105.7616574361292
93.32888211257331 124.43257480546579
75.45453561689388 108.44029367881738
79.32502621856291 117.62336641152686
80.32328151176958 120.6024253625194
88.2217322487102 122.88613056029784
85.50618594456569 120.6024253625194
85.50618594456569 122.12013062189081
79.82259336730505 118.36116034417033
74.51678894919858 110.49369900278609
81.33409921658726 119.85066070056595
79.32502621856291 118.36116034417033
95.09614054491973 125.21307957688578
75.9278250683605 112.5859872297926
83.39405621054335 120.6024253625194
76.8833287333366 114.71789463928985
91.02352016974473 123.65693524221962
79.82259336730505 118.36116034417033
79.32502621856291 116.1615468006351
82.87422666078436 119.85066070056595
77.36558030622918 113.29218414298231
80.32328151176958 118.36116034417033
95.69263219154008 125.21307957688578
88.77510408940945 122.88613056029784
78.33917721169892 115.43746396647919
97.7883518849211 126.0382771946163
79.32502621856291 117.62336641152686
83.91714639719378 119.85066070056595
81.33409921658726 118.36116034417033
80.32328151176958 116.1615468006351
73.59069656849327 103.79619196243168
75.45453561689388 109.12048668103411
92.16899361169972 124.43257480546579
84.44351767311852 121.35890547705061
78.33917721169892 114.71789463928985
77.85085680771671 114.00281068451638
81.33409921658726 119.10358209782962
76.8833287333366 114.00281068451638
79.32502621856291 117.62336641152686
83.39405621054335 119.85066070056595
91.59446625773643 124.43257480546579
97.50465015774628 125.9984800735541
81.84426829905568 119.85066070056595
92.16899361169972 124.43257480546579
80.32328151176958 118.36116034417033
85.50618594456569 122.88613056029784
79.82259336730505 118.36116034417033
75.45453561689388 111.88419233324659
88.77510408940945 123.65693524221962
89.8922826367956 123.65693524221962
81.33409921658726 119.85066070056595
87.67180980294232 122.12013062189081
92.74712469516697 124.43257480546579
82.3576374230222 121.35890547705061
79.82259336730505 118.36116034417033
98.39551552062696 126.0382771946163
85.50618594456569 121.35890547705061
74.98419637379514 109.80494620176133
86.0425244895165 121.35890547705061
87.67180980294232 122.88613056029784
83.91714639719378 122.12013062189081
81.84426829905568 118.36116034417033
73.59069656849327 103.79619196243168
89.8922826367956 123.65693524221962
84.97319061898811 120.6024253625194
86.0425244895165 120.6024253625194
80.32328151176958 116.1615468006351
73.13197540295756 99.97416033822817
84.44351767311852 121.35890547705061
74.98419637379514 109.80494620176133
78.83056061108952 116.89017145278224
80.82711022843841 117.62336641152686
76.8833287333366 113.29218414298231
78.33917721169892 115.43746396647919
73.13197540295756 103.14918748529841
95.09614054491973 125.21307957688578
92.16899361169972 124.43257480546579
85.50618594456569 120.6024253625194
79.82259336730505 117.62336641152686
78.33917721169892 114.71789463928985
81.84426829905568 119.10358209782962
97.18493483947972 126.0382771946163
84.44351767311852 120.6024253625194
76.40408323341126 114.00281068451638
77.85085680771671 115.43746396647919
89.33194696140988 123.65693524221962
92.74712469516697 124.43257480546579
77.85085680771671 115.43746396647919
71.75476646152454 88.56228945891648
92.16899361169972 124.43257480546579
81.33409921658726 118.36116034417033
74.51678894919858 107.76434060014137
87.1253152506045 122.12013062189081
82.87422666078436 121.35890547705061
91.59446625773643 124.43257480546579
84.44351767311852 120.6024253625194
92.74712469516697 124.43257480546579
81.84426829905568 120.6024253625194
72.67611363565454 99.97416033822817
88.2217322487102 123.65693524221962
91.59446625773643 124.43257480546579
87.1253152506045 122.12013062189081
89.33194696140988 122.88613056029784
74.98419637379514 109.80494620176133
78.33917721169892 114.71789463928985
80.82711022843841 118.36116034417033
77.85085680771671 117.62336641152686
81.33409921658726 117.62336641152686
77.36558030622918 112.5859872297926
93.32888211257331 124.43257480546579
74.05229506787026 104.44725478266629
79.82259336730505 116.89017145278224
75.45453561689388 109.12048668103411
88.2217322487102 122.88613056029784
80.32328151176958 119.10358209782962
87.67180980294232 122.88613056029784
91.02352016974473 123.65693524221962
96.29286533894536 125.9984800735541
81.33409921658726 118.36116034417033
90.45613302421654 123.65693524221962
81.84426829905568 119.10358209782962
75.45453561689388 110.49369900278609
72.67611363565454 98.11624920890085
79.32502621856291 117.62336641152686
80.32328151176958 118.36116034417033
76.40408323341126 113.29218414298231
86.0425244895165 122.12013062189081
76.8833287333366 113.29218414298231
76.8833287333366 114.71789463928985
88.77510408940945 123.65693524221962
71.75476646152454 93.05811811522334
73.13197540295756 100.60124942068646
84.97319061898811 121.35890547705061
89.33194696140988 123.65693524221962
73.59069656849327 105.7616574361292
90.45613302421654 123.65693524221962
81.33409921658726 119.85066070056595
95.09614054491973 125.21307957688578
86.0425244895165 122.88613056029784
83.91714639719378 121.35890547705061
91.02352016974473 123.65693524221962
82.3576374230222 120.6024253625194
80.82711022843841 119.10358209782962
86.0425244895165 122.88613056029784
88.77510408940945 122.88613056029784
88.77510408940945 122.88613056029784
87.1253152506045 122.88613056029784
84.97319061898811 120.6024253625194
97.18493483947972 125.2605399347962
88.77510408940945 123.65693524221962
78.83056061108952 114.71789463928985
77.85085680771671 113.29218414298231
74.98419637379514 109.80494620176133
80.32328151176958 118.36116034417033
75.9278250683605 111.18677201375874
75.45453561689388 109.12048668103411
91.59446625773643 123.65693524221962
77.36558030622918 114.00281068451638
77.85085680771671 114.71789463928985
80.82711022843841 119.85066070056595
99.00644900901386 126.0382771946163
80.32328151176958 118.36116034417033
74.98419637379514 110.49369900278609
83.39405621054335 120.6024253625194
87.67180980294232 122.12013062189081
95.09614054491973 125.21307957688578
84.97319061898811 121.35890547705061
87.67180980294232 122.88613056029784
80.82711022843841 117.62336641152686
81.33409921658726 119.85066070056595
78.83056061108952 114.71789463928985
88.77510408940945 123.65693524221962
86.582227224223 122.12013062189081
96.89686345574268 125.21307957688578
83.39405621054335 119.10358209782962
72.22309344277566 96.29286533894536
73.13197540295756 98.73168452221086
79.32502621856291 117.62336641152686
83.91714639719378 119.85066070056595
98.73168452221086 125.21307957688578
74.51678894919858 105.10240140200632
80.82711022843841 117.62336641152686
75.9278250683605 112.5859872297926
82.3576374230222 119.85066070056595
102.11848858658934 126.31720922668725
75.45453561689388 111.18677201375874
76.8833287333366 111.88419233324659
81.84426829905568 119.85066070056595
78.33917721169892 115.43746396647919
74.98419637379514 108.44029367881738
97.18493483947972 126.0382771946163
92.74712469516697 124.43257480546579
83.91714639719378 120.6024253625194
89.33194696140988 123.65693524221962
90.45613302421654 123.65693524221962
94.50336707676657 125.21307957688578
83.91714639719378 121.35890547705061
81.33409921658726 118.36116034417033
90.45613302421654 124.43257480546579
80.32328151176958 117.62336641152686
74.51678894919858 107.09260101581403
87.1253152506045 122.88613056029784
93.91428861014063 124.43257480546579
73.59069656849327 104.44725478266629
76.40408323341126 113.29218414298231
80.32328151176958 118.36116034417033
82.87422666078436 119.10358209782962
82.87422666078436 120.6024253625194
92.74712469516697 124.43257480546579
82.87422666078436 119.10358209782962
71.00188505897972 83.80591438787229
76.8833287333366 111.18677201375874
74.98419637379514 109.80494620176133
86.582227224223 122.12013062189081
76.8833287333366 114.00281068451638
87.1253152506045 122.88613056029784
100.95133029590633 126.31720922668725
83.91714639719378 120.6024253625194
81.33409921658726 119.10358209782962
88.2217322487102 122.88613056029784
