80.32328151176958 120.6024253625194
84.97319061898811 122.88613056029784
85.50618594456569 122.88613056029784
77.36558030622918 117.62336641152686
80.82711022843841 120.6024253625194
87.67180980294232 123.65693524221962
86.582227224223 122.88613056029784
83.39405621054335 122.12013062189081
74.98419637379514 108.44029367881738
78.83056061108952 115.43746396647919
78.33917721169892 119.10358209782962
74.51678894919858 111.88419233324659
77.85085680771671 118.36116034417033
80.82711022843841 121.35890547705061
78.33917721169892 119.10358209782962
75.45453561689388 114.71789463928985
80.32328151176958 120.6024253625194
81.84426829905568 121.35890547705061
84.44351767311852 122.88613056029784
86.0425244895165 123.65693524221962
81.84426829905568 121.35890547705061
81.84426829905568 121.35890547705061
83.91714639719378 122.12013062189081
82.87422666078436 122.12013062189081
80.82711022843841 120.6024253625194
76.8833287333366 117.62336641152686
76.8833287333366 117.62336641152686
79.82259336730505 119.85066070056595
93.91428861014063 125.21307957688578
84.44351767311852 122.88613056029784
82.3576374230222 121.35890547705061
76.40408323341126 116.89017145278224
84.44351767311852 122.88613056029784
82.3576374230222 121.35890547705061
79.82259336730505 119.10358209782962
87.67180980294232 123.65693524221962
88.77510408940945 123.65693524221962
79.32502621856291 119.10358209782962
91.59446625773643 124.43257480546579
79.82259336730505 119.85066070056595
81.84426829905568 121.35890547705061
84.97319061898811 122.12013062189081
87.1253152506045 123.65693524221962
81.84426829905568 121.35890547705061
77.36558030622918 118.36116034417033
84.44351767311852 122.12013062189081
74.98419637379514 113.29218414298231
76.8833287333366 116.89017145278224
81.84426829905568 121.35890547705061
77.85085680771671 118.36116034417033
87.1253152506045 123.65693524221962
84.44351767311852 122.88613056029784
83.39405621054335 122.12013062189081
81.84426829905568 121.35890547705061
77.36558030622918 117.62336641152686
76.8833287333366 116.89017145278224
84.97319061898811 122.88613056029784
79.32502621856291 119.85066070056595
75.45453561689388 113.29218414298231
81.33409921658726 121.35890547705061
78.33917721169892 119.85066070056595
79.32502621856291 119.85066070056595
75.9278250683605 115.43746396647919
83.91714639719378 122.88613056029784
82.87422666078436 122.12013062189081
78.83056061108952 119.10358209782962
85.50618594456569 122.88613056029784
78.33917721169892 119.10358209782962
81.84426829905568 121.35890547705061
78.83056061108952 118.36116034417033
84.44351767311852 122.88613056029784
82.87422666078436 121.35890547705061
80.32328151176958 119.85066070056595
82.3576374230222 121.35890547705061
82.3576374230222 121.35890547705061
85.50618594456569 122.88613056029784
79.32502621856291 119.10358209782962
84.97319061898811 122.88613056029784
74.98419637379514 114.00281068451638
82.87422666078436 122.12013062189081
80.32328151176958 120.6024253625194
79.82259336730505 119.85066070056595
79.82259336730505 120.6024253625194
76.8833287333366 116.89017145278224
82.3576374230222 121.35890547705061
80.32328151176958 120.6024253625194
79.82259336730505 116.89017145278224
80.32328151176958 120.6024253625194
81.84426829905568 121.35890547705061
78.83056061108952 119.10358209782962
77.36558030622918 117.62336641152686
80.82711022843841 120.6024253625194
76.8833287333366 117.62336641152686
89.8922826367956 124.43257480546579
82.87422666078436 120.6024253625194
78.33917721169892 118.36116034417033
79.32502621856291 110.49369900278609
77.85085680771671 117.62336641152686
79.82259336730505 119.85066070056595
84.44351767311852 122.12013062189081
77.85085680771671 118.36116034417033
77.85085680771671 118.36116034417033
78.83056061108952 119.10358209782962
76.8833287333366 114.71789463928985
77.36558030622918 117.62336641152686
80.32328151176958 120.6024253625194
85.50618594456569 122.88613056029784
81.84426829905568 121.35890547705061
81.33409921658726 121.35890547705061
82.87422666078436 122.12013062189081
86.0425244895165 122.88613056029784
79.32502621856291 119.10358209782962
75.45453561689388 115.43746396647919
82.87422666078436 122.12013062189081
82.3576374230222 121.35890547705061
90.45613302421654 124.43257480546579
81.33409921658726 121.35890547705061
87.1253152506045 123.65693524221962
77.36558030622918 117.62336641152686
73.59069656849327 109.80494620176133
78.83056061108952 119.10358209782962
81.84426829905568 121.35890547705061
82.3576374230222 121.35890547705061
78.33917721169892 119.10358209782962
79.82259336730505 120.6024253625194
85.50618594456569 122.88613056029784
82.87422666078436 122.12013062189081
74.51678894919858 113.29218414298231
77.36558030622918 116.89017145278224
79.82259336730505 119.10358209782962
79.32502621856291 120.6024253625194
82.3576374230222 121.35890547705061
80.82711022843841 121.35890547705061
79.32502621856291 119.85066070056595
75.9278250683605 116.1615468006351
86.0425244895165 122.88613056029784
76.8833287333366 116.89017145278224
83.91714639719378 122.12013062189081
76.40408323341126 116.89017145278224
84.44351767311852 122.88613056029784
79.32502621856291 119.10358209782962
79.82259336730505 119.85066070056595
79.32502621856291 119.10358209782962
81.84426829905568 121.35890547705061
76.40408323341126 116.1615468006351
82.3576374230222 121.35890547705061
81.84426829905568 121.35890547705061
80.32328151176958 120.6024253625194
83.39405621054335 122.12013062189081
82.3576374230222 121.35890547705061
81.33409921658726 120.6024253625194
87.67180980294232 123.65693524221962
81.84426829905568 121.35890547705061
79.32502621856291 119.85066070056595
87.67180980294232 123.65693524221962
76.8833287333366 116.89017145278224
79.32502621856291 119.85066070056595
78.83056061108952 119.10358209782962
83.91714639719378 121.35890547705061
80.82711022843841 120.6024253625194
80.82711022843841 120.6024253625194
79.32502621856291 119.10358209782962
76.40408323341126 116.89017145278224
84.44351767311852 122.88613056029784
78.33917721169892 119.10358209782962
80.82711022843841 120.6024253625194
78.33917721169892 118.36116034417033
80.82711022843841 120.6024253625194
86.582227224223 123.65693524221962
79.32502621856291 119.85066070056595
81.84426829905568 120.6024253625194
78.33917721169892 118.36116034417033
75.45453561689388 114.71789463928985
81.84426829905568 121.35890547705061
85.50618594456569 122.88613056029784
95.09614054491973 125.9984800735541
87.1253152506045 123.65693524221962
79.82259336730505 120.6024253625194
81.84426829905568 121.35890547705061
76.40408323341126 116.1615468006351
79.82259336730505 119.85066070056595
81.33409921658726 120.6024253625194
85.50618594456569 122.88613056029784
75.9278250683605 116.1615468006351
82.87422666078436 122.12013062189081
78.83056061108952 119.10358209782962
80.32328151176958 119.85066070056595
79.32502621856291 119.85066070056595
80.82711022843841 120.6024253625194
82.87422666078436 122.12013062189081
76.40408323341126 116.89017145278224
84.97319061898811 122.88613056029784
81.33409921658726 121.35890547705061
75.45453561689388 114.00281068451638
80.32328151176958 120.6024253625194
78.83056061108952 119.10358209782962
79.32502621856291 119.85066070056595
75.9278250683605 114.00281068451638
81.84426829905568 121.35890547705061
78.83056061108952 119.85066070056595
85.50618594456569 122.88613056029784
76.8833287333366 116.89017145278224
78.83056061108952 119.85066070056595
86.0425244895165 123.65693524221962
88.2217322487102 124.43257480546579
77.36558030622918 117.62336641152686
76.40408323341126 115.43746396647919
75.45453561689388 115.43746396647919
76.8833287333366 117.62336641152686
75.45453561689388 113.29218414298231
75.9278250683605 115.43746396647919
82.3576374230222 121.35890547705061
78.83056061108952 118.36116034417033
83.39405621054335 121.35890547705061
84.97319061898811 122.88613056029784
74.98419637379514 114.00281068451638
86.582227224223 123.65693524221962
79.32502621856291 119.85066070056595
75.9278250683605 116.1615468006351
81.33409921658726 120.6024253625194
78.83056061108952 119.10358209782962
76.8833287333366 116.89017145278224
81.84426829905568 121.35890547705061
84.44351767311852 122.12013062189081
78.33917721169892 118.36116034417033
82.3576374230222 121.35890547705061
81.33409921658726 120.6024253625194
78.33917721169892 119.10358209782962
76.40408323341126 116.1615468006351
77.36558030622918 117.62336641152686
74.98419637379514 114.71789463928985
77.85085680771671 118.36116034417033
80.82711022843841 120.6024253625194
77.36558030622918 117.62336641152686
84.97319061898811 122.88613056029784
81.84426829905568 121.35890547705061
86.582227224223 122.88613056029784
77.85085680771671 118.36116034417033
81.84426829905568 121.35890547705061
83.39405621054335 122.12013062189081
84.97319061898811 122.88613056029784
85.50618594456569 122.88613056029784
81.84426829905568 121.35890547705061
81.33409921658726 121.35890547705061
77.85085680771671 118.36116034417033
80.32328151176958 121.35890547705061
78.83056061108952 119.10358209782962
83.91714639719378 122.12013062189081
88.2217322487102 123.65693524221962
79.82259336730505 119.85066070056595
78.83056061108952 119.85066070056595
74.98419637379514 114.00281068451638
83.91714639719378 122.88613056029784
88.2217322487102 123.65693524221962
75.45453561689388 114.71789463928985
77.36558030622918 118.36116034417033
77.85085680771671 118.36116034417033
85.50618594456569 122.88613056029784
82.3576374230222 122.12013062189081
83.39405621054335 122.12013062189081
80.82711022843841 121.35890547705061
83.39405621054335 122.12013062189081
77.36558030622918 116.89017145278224
82.87422666078436 121.35890547705061
83.91714639719378 122.12013062189081
76.8833287333366 116.89017145278224
82.87422666078436 120.6024253625194
89.8922826367956 124.43257480546579
79.82259336730505 119.85066070056595
78.33917721169892 118.36116034417033
73.59069656849327 109.12048668103411
82.3576374230222 121.35890547705061
79.32502621856291 119.85066070056595
76.8833287333366 116.89017145278224
90.45613302421654 124.43257480546579
80.82711022843841 120.6024253625194
75.45453561689388 115.43746396647919
80.82711022843841 121.35890547705061
84.97319061898811 122.88613056029784
83.39405621054335 122.12013062189081
78.33917721169892 119.10358209782962
79.32502621856291 119.85066070056595
88.77510408940945 123.65693524221962
79.32502621856291 119.85066070056595
79.32502621856291 119.85066070056595
80.32328151176958 120.6024253625194
80.82711022843841 121.35890547705061
81.33409921658726 119.85066070056595
84.97319061898811 122.12013062189081
80.82711022843841 121.35890547705061
84.44351767311852 122.88613056029784
81.33409921658726 120.6024253625194
80.32328151176958 120.6024253625194
76.8833287333366 116.89017145278224
77.85085680771671 117.62336641152686
74.51678894919858 112.5859872297926
79.32502621856291 119.85066070056595
83.91714639719378 122.12013062189081
83.91714639719378 122.12013062189081
79.32502621856291 119.10358209782962
85.50618594456569 122.88613056029784
81.33409921658726 121.35890547705061
77.85085680771671 117.62336641152686
82.87422666078436 122.12013062189081
86.0425244895165 122.88613056029784
76.40408323341126 116.1615468006351
77.36558030622918 118.36116034417033
76.40408323341126 116.89017145278224
87.67180980294232 123.65693524221962
80.82711022843841 118.36116034417033
83.39405621054335 122.12013062189081
83.91714639719378 122.12013062189081
76.40408323341126 116.89017145278224
74.98419637379514 114.00281068451638
84.44351767311852 122.88613056029784
83.39405621054335 122.12013062189081
75.9278250683605 115.43746396647919
80.82711022843841 121.35890547705061
79.32502621856291 111.88419233324659
75.9278250683605 113.29218414298231
81.33409921658726 120.6024253625194
82.3576374230222 121.35890547705061
81.33409921658726 120.6024253625194
82.87422666078436 122.12013062189081
88.77510408940945 124.43257480546579
74.98419637379514 113.29218414298231
80.82711022843841 120.6024253625194
74.98419637379514 113.29218414298231
80.32328151176958 120.6024253625194
84.44351767311852 122.88613056029784
82.3576374230222 122.12013062189081
89.8922826367956 124.43257480546579
83.91714639719378 122.12013062189081
79.82259336730505 120.6024253625194
80.32328151176958 120.6024253625194
82.87422666078436 122.12013062189081
84.97319061898811 122.88613056029784
83.91714639719378 122.12013062189081
76.40408323341126 116.1615468006351
89.8922826367956 124.43257480546579
88.2217322487102 123.65693524221962
81.33409921658726 120.6024253625194
89.8922826367956 124.43257480546579
83.39405621054335 122.12013062189081
77.85085680771671 118.36116034417033
75.9278250683605 116.1615468006351
74.05229506787026 111.18677201375874
86.0425244895165 122.88613056029784
87.1253152506045 123.65693524221962
77.85085680771671 118.36116034417033
79.32502621856291 119.85066070056595
77.85085680771671 118.36116034417033
78.33917721169892 117.62336641152686
85.50618594456569 122.88613056029784
77.85085680771671 118.36116034417033
79.32502621856291 119.85066070056595
79.82259336730505 119.85066070056595
81.84426829905568 121.35890547705061
73.59069656849327 107.09260101581403
87.1253152506045 123.65693524221962
75.9278250683605 114.71789463928985
83.91714639719378 122.12013062189081
81.33409921658726 121.35890547705061
76.40408323341126 115.43746396647919
78.83056061108952 119.10358209782962
81.33409921658726 121.35890547705061
78.83056061108952 119.10358209782962
82.87422666078436 121.35890547705061
76.40408323341126 116.1615468006351
77.36558030622918 117.62336641152686
87.1253152506045 123.65693524221962
82.3576374230222 121.35890547705061
78.33917721169892 118.36116034417033
80.82711022843841 120.6024253625194
77.85085680771671 118.36116034417033
86.0425244895165 122.88613056029784
82.87422666078436 122.12013062189081
80.82711022843841 120.6024253625194
85.50618594456569 122.88613056029784
76.8833287333366 117.62336641152686
77.85085680771671 117.62336641152686
74.05229506787026 111.18677201375874
77.85085680771671 119.10358209782962
84.44351767311852 122.88613056029784
74.51678894919858 111.88419233324659
80.32328151176958 120.6024253625194
80.82711022843841 120.6024253625194
82.87422666078436 122.12013062189081
82.87422666078436 122.12013062189081
83.91714639719378 122.88613056029784
82.87422666078436 122.12013062189081
78.33917721169892 117.62336641152686
82.87422666078436 122.12013062189081
83.91714639719378 122.12013062189081
82.3576374230222 122.12013062189081
78.33917721169892 119.10358209782962
78.83056061108952 119.10358209782962
81.84426829905568 121.35890547705061
75.45453561689388 114.71789463928985
74.51678894919858 112.5859872297926
76.40408323341126 116.89017145278224
91.02352016974473 124.43257480546579
76.8833287333366 117.62336641152686
88.77510408940945 124.43257480546579
85.50618594456569 122.88613056029784
79.32502621856291 119.85066070056595
76.8833287333366 117.62336641152686
79.82259336730505 120.6024253625194
83.39405621054335 122.12013062189081
77.85085680771671 116.89017145278224
77.85085680771671 117.62336641152686
83.39405621054335 122.12013062189081
84.97319061898811 122.88613056029784
84.97319061898811 122.88613056029784
76.8833287333366 117.62336641152686
79.82259336730505 119.10358209782962
77.36558030622918 117.62336641152686
84.44351767311852 122.12013062189081
77.85085680771671 117.62336641152686
81.33409921658726 121.35890547705061
86.582227224223 123.65693524221962
79.82259336730505 120.6024253625194
86.0425244895165 123.65693524221962
87.1253152506045 123.65693524221962
76.40408323341126 115.43746396647919
79.82259336730505 119.85066070056595
77.85085680771671 117.62336641152686
78.83056061108952 117.62336641152686
76.8833287333366 116.89017145278224
85.50618594456569 122.88613056029784
77.36558030622918 117.62336641152686
77.36558030622918 117.62336641152686
77.85085680771671 117.62336641152686
81.33409921658726 120.6024253625194
77.85085680771671 119.10358209782962
78.83056061108952 119.10358209782962
74.98419637379514 114.00281068451638
79.82259336730505 119.85066070056595
86.582227224223 123.65693524221962
75.45453561689388 114.71789463928985
83.91714639719378 122.12013062189081
80.82711022843841 121.35890547705061
80.32328151176958 120.6024253625194
81.84426829905568 121.35890547705061
77.36558030622918 117.62336641152686
79.82259336730505 119.85066070056595
76.8833287333366 117.62336641152686
83.91714639719378 122.12013062189081
82.3576374230222 121.35890547705061
79.32502621856291 119.85066070056595
80.32328151176958 120.6024253625194
74.98419637379514 111.18677201375874
77.85085680771671 119.10358209782962
81.33409921658726 120.6024253625194
78.83056061108952 119.10358209782962
80.82711022843841 120.6024253625194
82.87422666078436 122.12013062189081
79.82259336730505 119.85066070056595
77.85085680771671 118.36116034417033
75.45453561689388 115.43746396647919
75.9278250683605 116.89017145278224
78.83056061108952 119.10358209782962
84.44351767311852 122.12013062189081
86.0425244895165 122.88613056029784
80.82711022843841 120.6024253625194
78.33917721169892 118.36116034417033
81.33409921658726 121.35890547705061
75.45453561689388 113.29218414298231
86.0425244895165 122.88613056029784
80.32328151176958 120.6024253625194
75.45453561689388 114.71789463928985
76.40408323341126 116.89017145278224
79.82259336730505 119.10358209782962
74.51678894919858 110.49369900278609
79.32502621856291 119.10358209782962
81.33409921658726 120.6024253625194
82.87422666078436 122.12013062189081
78.33917721169892 118.36116034417033
79.32502621856291 119.85066070056595
86.0425244895165 123.65693524221962
81.84426829905568 121.35890547705061
83.39405621054335 122.12013062189081
75.9278250683605 112.5859872297926
80.82711022843841 120.6024253625194
78.83056061108952 119.10358209782962
77.36558030622918 117.62336641152686
74.98419637379514 113.29218414298231
79.32502621856291 119.85066070056595
82.3576374230222 121.35890547705061
75.9278250683605 115.43746396647919
81.84426829905568 121.35890547705061
83.91714639719378 122.12013062189081
81.84426829905568 121.35890547705061
77.85085680771671 118.36116034417033
78.33917721169892 118.36116034417033
77.85085680771671 119.10358209782962
75.45453561689388 115.43746396647919
86.0425244895165 122.88613056029784
76.40408323341126 116.1615468006351
80.32328151176958 119.85066070056595
84.97319061898811 122.88613056029784
83.39405621054335 122.12013062189081
79.32502621856291 119.85066070056595
88.77510408940945 124.43257480546579
79.82259336730505 119.85066070056595
81.84426829905568 121.35890547705061
83.91714639719378 122.12013062189081
77.85085680771671 118.36116034417033
74.05229506787026 109.80494620176133
81.84426829905568 121.35890547705061
83.91714639719378 122.12013062189081
88.2217322487102 123.65693524221962
86.0425244895165 122.88613056029784
84.44351767311852 122.88613056029784
82.3576374230222 122.12013062189081
80.82711022843841 120.6024253625194
82.3576374230222 121.35890547705061
86.582227224223 123.65693524221962
92.74712469516697 125.21307957688578
75.45453561689388 114.71789463928985
81.84426829905568 121.35890547705061
84.44351767311852 122.88613056029784
84.44351767311852 122.88613056029784
82.3576374230222 121.35890547705061
80.82711022843841 120.6024253625194
87.67180980294232 123.65693524221962
80.32328151176958 119.85066070056595
77.36558030622918 117.62336641152686
82.3576374230222 121.35890547705061
90.45613302421654 124.43257480546579
78.83056061108952 119.10358209782962
81.33409921658726 120.6024253625194
73.13197540295756 107.09260101581403
80.82711022843841 121.35890547705061
87.1253152506045 122.88613056029784
85.50618594456569 122.88613056029784
74.05229506787026 111.88419233324659
84.97319061898811 122.88613056029784
78.83056061108952 119.10358209782962
82.87422666078436 121.35890547705061
90.45613302421654 124.43257480546579
86.582227224223 123.65693524221962
79.82259336730505 119.85066070056595
83.39405621054335 122.12013062189081
77.85085680771671 118.36116034417033
79.82259336730505 119.85066070056595
79.32502621856291 119.10358209782962
79.32502621856291 119.85066070056595
81.33409921658726 121.35890547705061
83.91714639719378 122.12013062189081
76.8833287333366 116.89017145278224
74.98419637379514 114.00281068451638
87.67180980294232 123.65693524221962
79.82259336730505 119.85066070056595
80.82711022843841 120.6024253625194
79.82259336730505 120.6024253625194
82.3576374230222 122.12013062189081
79.82259336730505 119.85066070056595
73.59069656849327 109.12048668103411
84.44351767311852 122.12013062189081
84.97319061898811 122.12013062189081
85.50618594456569 122.88613056029784
77.85085680771671 118.36116034417033
78.33917721169892 118.36116034417033
77.85085680771671 118.36116034417033
79.82259336730505 120.6024253625194
83.39405621054335 122.12013062189081
80.82711022843841 120.6024253625194
78.83056061108952 119.10358209782962
78.83056061108952 119.85066070056595
80.82711022843841 120.6024253625194
82.3576374230222 122.12013062189081
75.45453561689388 115.43746396647919
82.87422666078436 114.71789463928985
80.32328151176958 120.6024253625194
76.8833287333366 116.89017145278224
86.582227224223 123.65693524221962
81.33409921658726 121.35890547705061
76.8833287333366 116.1615468006351
74.98419637379514 113.29218414298231
78.33917721169892 117.62336641152686
78.33917721169892 119.10358209782962
81.84426829905568 121.35890547705061
82.3576374230222 122.12013062189081
81.33409921658726 121.35890547705061
81.33409921658726 119.85066070056595
76.40408323341126 116.1615468006351
80.82711022843841 120.6024253625194
88.77510408940945 124.43257480546579
76.40408323341126 115.43746396647919
75.45453561689388 112.5859872297926
80.32328151176958 120.6024253625194
78.33917721169892 118.36116034417033
86.0425244895165 122.88613056029784
83.39405621054335 122.12013062189081
75.9278250683605 116.1615468006351
79.32502621856291 120.6024253625194
80.32328151176958 119.85066070056595
80.32328151176958 120.6024253625194
82.87422666078436 122.12013062189081
78.33917721169892 118.36116034417033
81.84426829905568 121.35890547705061
78.83056061108952 118.36116034417033
82.87422666078436 121.35890547705061
81.33409921658726 121.35890547705061
75.45453561689388 115.43746396647919
85.50618594456569 122.88613056029784
76.40408323341126 116.1615468006351
81.33409921658726 121.35890547705061
74.51678894919858 110.49369900278609
85.50618594456569 122.88613056029784
81.33409921658726 121.35890547705061
82.3576374230222 121.35890547705061
79.82259336730505 119.85066070056595
75.9278250683605 115.43746396647919
82.87422666078436 121.35890547705061
78.33917721169892 119.10358209782962
84.97319061898811 122.88613056029784
84.97319061898811 122.88613056029784
80.32328151176958 119.85066070056595
77.36558030622918 117.62336641152686
76.40408323341126 116.1615468006351
75.9278250683605 115.43746396647919
80.32328151176958 120.6024253625194
82.3576374230222 121.35890547705061
81.33409921658726 121.35890547705061
78.33917721169892 119.10358209782962
74.05229506787026 110.49369900278609
81.33409921658726 120.6024253625194
79.32502621856291 119.85066070056595
74.51678894919858 112.5859872297926
83.91714639719378 122.88613056029784
87.1253152506045 123.65693524221962
87.1253152506045 123.65693524221962
79.32502621856291 119.85066070056595
78.83056061108952 119.10358209782962
79.32502621856291 119.85066070056595
82.87422666078436 122.12013062189081
82.3576374230222 121.35890547705061
75.9278250683605 116.1615468006351
83.39405621054335 122.12013062189081
78.83056061108952 119.10358209782962
79.82259336730505 119.85066070056595
77.36558030622918 117.62336641152686
83.39405621054335 122.12013062189081
75.9278250683605 116.1615468006351
76.8833287333366 116.89017145278224
76.40408323341126 116.1615468006351
81.84426829905568 119.85066070056595
82.87422666078436 122.12013062189081
80.32328151176958 120.6024253625194
84.97319061898811 122.88613056029784
81.33409921658726 120.6024253625194
80.32328151176958 120.6024253625194
82.3576374230222 121.35890547705061
87.1253152506045 122.88613056029784
83.39405621054335 122.12013062189081
83.39405621054335 122.12013062189081
85.50618594456569 122.88613056029784
81.84426829905568 121.35890547705061
76.8833287333366 117.62336641152686
78.33917721169892 118.36116034417033
79.32502621856291 119.85066070056595
80.82711022843841 120.6024253625194
82.3576374230222 121.35890547705061
83.39405621054335 122.12013062189081
87.1253152506045 123.65693524221962
83.91714639719378 122.12013062189081
78.33917721169892 119.10358209782962
76.8833287333366 117.62336641152686
80.32328151176958 120.6024253625194
75.9278250683605 114.71789463928985
81.33409921658726 121.35890547705061
78.83056061108952 117.62336641152686
75.9278250683605 114.71789463928985
81.33409921658726 121.35890547705061
74.51678894919858 110.49369900278609
80.32328151176958 119.85066070056595
83.39405621054335 122.12013062189081
79.32502621856291 119.85066070056595
86.0425244895165 122.88613056029784
89.33194696140988 124.43257480546579
76.8833287333366 116.89017145278224
84.97319061898811 122.88613056029784
81.33409921658726 120.6024253625194
79.32502621856291 119.10358209782962
80.32328151176958 120.6024253625194
82.3576374230222 122.12013062189081
79.82259336730505 120.6024253625194
80.32328151176958 120.6024253625194
77.85085680771671 118.36116034417033
82.3576374230222 122.12013062189081
83.91714639719378 122.12013062189081
76.40408323341126 116.1615468006351
83.91714639719378 122.12013062189081
81.33409921658726 120.6024253625194
81.33409921658726 116.89017145278224
84.44351767311852 122.12013062189081
82.3576374230222 121.35890547705061
80.82711022843841 120.6024253625194
78.83056061108952 119.10358209782962
80.32328151176958 120.6024253625194
81.33409921658726 120.6024253625194
86.0425244895165 122.88613056029784
84.97319061898811 122.88613056029784
79.82259336730505 119.85066070056595
74.51678894919858 111.88419233324659
76.40408323341126 116.1615468006351
83.39405621054335 122.12013062189081
76.40408323341126 116.1615468006351
82.87422666078436 122.12013062189081
76.40408323341126 116.1615468006351
82.87422666078436 122.12013062189081
83.91714639719378 122.12013062189081
79.32502621856291 119.85066070056595
87.67180980294232 123.65693524221962
77.85085680771671 115.43746396647919
76.40408323341126 116.1615468006351
74.05229506787026 111.18677201375874
78.83056061108952 119.10358209782962
83.91714639719378 120.6024253625194
81.33409921658726 119.85066070056595
81.33409921658726 120.6024253625194
78.33917721169892 119.10358209782962
86.582227224223 123.65693524221962
88.2217322487102 123.65693524221962
84.97319061898811 122.12013062189081
77.36558030622918 118.36116034417033
77.85085680771671 118.36116034417033
78.33917721169892 119.10358209782962
76.8833287333366 116.89017145278224
78.83056061108952 119.10358209782962
81.33409921658726 121.35890547705061
79.32502621856291 119.85066070056595
77.36558030622918 118.36116034417033
75.9278250683605 114.71789463928985
87.1253152506045 123.65693524221962
77.85085680771671 118.36116034417033
78.83056061108952 119.10358209782962
79.32502621856291 119.85066070056595
74.05229506787026 110.49369900278609
81.84426829905568 121.35890547705061
84.44351767311852 122.88613056029784
79.82259336730505 120.6024253625194
79.32502621856291 119.85066070056595
79.82259336730505 120.6024253625194
82.87422666078436 122.12013062189081
84.97319061898811 122.12013062189081
78.33917721169892 119.10358209782962
81.33409921658726 121.35890547705061
81.84426829905568 121.35890547705061
79.82259336730505 119.85066070056595
83.91714639719378 122.88613056029784
79.82259336730505 119.85066070056595
85.50618594456569 122.88613056029784
77.85085680771671 118.36116034417033
82.3576374230222 122.12013062189081
77.85085680771671 118.36116034417033
80.82711022843841 120.6024253625194
76.8833287333366 117.62336641152686
81.84426829905568 121.35890547705061
87.67180980294232 123.65693524221962
78.33917721169892 118.36116034417033
76.40408323341126 115.43746396647919
82.87422666078436 122.12013062189081
81.33409921658726 121.35890547705061
81.33409921658726 120.6024253625194
81.33409921658726 120.6024253625194
82.3576374230222 121.35890547705061
75.9278250683605 114.00281068451638
75.9278250683605 115.43746396647919
89.8922826367956 124.43257480546579
79.82259336730505 119.85066070056595
74.98419637379514 114.00281068451638
80.82711022843841 119.10358209782962
76.40408323341126 116.89017145278224
77.85085680771671 118.36116034417033
77.36558030622918 117.62336641152686
86.0425244895165 122.88613056029784
80.82711022843841 120.6024253625194
80.82711022843841 120.6024253625194
84.44351767311852 122.88613056029784
76.40408323341126 116.89017145278224
80.82711022843841 120.6024253625194
83.91714639719378 122.12013062189081
83.39405621054335 122.12013062189081
77.36558030622918 118.36116034417033
75.45453561689388 114.71789463928985
82.87422666078436 122.12013062189081
75.45453561689388 112.5859872297926
77.85085680771671 119.10358209782962
82.3576374230222 121.35890547705061
78.83056061108952 119.10358209782962
85.50618594456569 122.88613056029784
76.8833287333366 116.89017145278224
81.84426829905568 121.35890547705061
78.33917721169892 119.10358209782962
81.84426829905568 121.35890547705061
80.32328151176958 119.85066070056595
80.32328151176958 120.6024253625194
79.32502621856291 119.10358209782962
82.87422666078436 121.35890547705061
74.51678894919858 112.5859872297926
81.33409921658726 121.35890547705061
82.3576374230222 121.35890547705061
80.32328151176958 120.6024253625194
80.82711022843841 120.6024253625194
79.82259336730505 119.85066070056595
77.85085680771671 119.10358209782962
80.82711022843841 121.35890547705061
77.85085680771671 117.62336641152686
77.85085680771671 117.62336641152686
79.82259336730505 119.85066070056595
81.84426829905568 121.35890547705061
77.36558030622918 117.62336641152686
88.2217322487102 123.65693524221962
78.33917721169892 119.10358209782962
80.32328151176958 120.6024253625194
74.98419637379514 112.5859872297926
82.87422666078436 121.35890547705061
83.91714639719378 120.6024253625194
86.582227224223 123.65693524221962
79.32502621856291 119.85066070056595
78.83056061108952 119.10358209782962
81.33409921658726 121.35890547705061
77.36558030622918 118.36116034417033
77.36558030622918 116.89017145278224
81.33409921658726 121.35890547705061
86.0425244895165 123.65693524221962
81.84426829905568 121.35890547705061
84.97319061898811 122.88613056029784
86.0425244895165 122.88613056029784
77.36558030622918 117.62336641152686
78.33917721169892 118.36116034417033
83.39405621054335 122.12013062189081
88.2217322487102 123.65693524221962
77.85085680771671 118.36116034417033
86.0425244895165 122.88613056029784
81.33409921658726 121.35890547705061
75.45453561689388 111.88419233324659
86.582227224223 123.65693524221962
77.85085680771671 117.62336641152686
78.33917721169892 119.10358209782962
88.2217322487102 123.65693524221962
81.84426829905568 121.35890547705061
79.82259336730505 119.85066070056595
81.33409921658726 121.35890547705061
84.97319061898811 122.88613056029784
79.32502621856291 119.85066070056595
76.40408323341126 116.89017145278224
74.05229506787026 110.49369900278609
80.32328151176958 120.6024253625194
75.9278250683605 115.43746396647919
86.582227224223 123.65693524221962
83.39405621054335 122.12013062189081
81.84426829905568 121.35890547705061
82.3576374230222 122.12013062189081
79.32502621856291 119.85066070056595
80.32328151176958 120.6024253625194
86.0425244895165 123.65693524221962
77.36558030622918 116.89017145278224
77.85085680771671 117.62336641152686
86.582227224223 123.65693524221962
74.51678894919858 111.88419233324659
87.1253152506045 123.65693524221962
76.40408323341126 116.1615468006351
77.85085680771671 118.36116034417033
76.40408323341126 115.43746396647919
78.33917721169892 118.36116034417033
78.83056061108952 119.10358209782962
80.82711022843841 120.6024253625194
80.32328151176958 120.6024253625194
77.85085680771671 118.36116034417033
86.0425244895165 123.65693524221962
84.97319061898811 122.88613056029784
87.67180980294232 123.65693524221962
82.3576374230222 121.35890547705061
82.3576374230222 121.35890547705061
82.3576374230222 122.12013062189081
77.85085680771671 118.36116034417033
79.82259336730505 119.85066070056595
79.32502621856291 119.85066070056595
77.85085680771671 118.36116034417033
74.05229506787026 111.18677201375874
79.32502621856291 117.62336641152686
77.36558030622918 118.36116034417033
80.32328151176958 120.6024253625194
76.40408323341126 116.89017145278224
80.82711022843841 120.6024253625194
73.59069656849327 110.49369900278609
78.33917721169892 119.10358209782962
77.85085680771671 119.10358209782962
79.82259336730505 119.85066070056595
76.8833287333366 117.62336641152686
79.82259336730505 119.85066070056595
81.33409921658726 120.6024253625194
84.44351767311852 122.88613056029784
83.91714639719378 122.12013062189081
87.67180980294232 123.65693524221962
83.91714639719378 122.12013062189081
81.33409921658726 121.35890547705061
76.8833287333366 117.62336641152686
86.0425244895165 122.88613056029784
78.83056061108952 119.10358209782962
79.82259336730505 119.85066070056595
81.33409921658726 121.35890547705061
87.67180980294232 123.65693524221962
77.85085680771671 117.62336641152686
87.1253152506045 123.65693524221962
87.67180980294232 123.65693524221962
75.45453561689388 114.71789463928985
86.0425244895165 122.88613056029784
79.32502621856291 120.6024253625194
80.82711022843841 120.6024253625194
83.91714639719378 122.12013062189081
79.32502621856291 119.10358209782962
84.44351767311852 122.88613056029784
81.33409921658726 120.6024253625194
82.3576374230222 122.12013062189081
79.82259336730505 119.85066070056595
79.82259336730505 119.85066070056595
79.32502621856291 119.85066070056595
79.32502621856291 119.85066070056595
79.32502621856291 119.10358209782962
78.33917721169892 118.36116034417033
84.97319061898811 122.88613056029784
80.32328151176958 119.10358209782962
79.82259336730505 120.6024253625194
78.33917721169892 119.10358209782962
79.32502621856291 119.85066070056595
77.36558030622918 115.43746396647919
81.33409921658726 120.6024253625194
83.39405621054335 122.12013062189081
80.82711022843841 120.6024253625194
81.33409921658726 121.35890547705061
79.82259336730505 119.85066070056595
81.33409921658726 120.6024253625194
81.84426829905568 121.35890547705061
76.40408323341126 116.1615468006351
81.84426829905568 121.35890547705061
82.3576374230222 121.35890547705061
91.02352016974473 124.43257480546579
82.3576374230222 121.35890547705061
81.33409921658726 121.35890547705061
87.1253152506045 123.65693524221962
82.87422666078436 122.12013062189081
80.82711022843841 120.6024253625194
80.32328151176958 120.6024253625194
77.36558030622918 117.62336641152686
87.1253152506045 123.65693524221962
80.32328151176958 120.6024253625194
74.51678894919858 112.5859872297926
84.97319061898811 122.88613056029784
82.3576374230222 121.35890547705061
82.87422666078436 122.12013062189081
78.83056061108952 117.62336641152686
87.67180980294232 123.65693524221962
82.3576374230222 121.35890547705061
78.83056061108952 119.10358209782962
79.32502621856291 119.10358209782962
77.85085680771671 118.36116034417033
75.45453561689388 114.71789463928985
85.50618594456569 122.88613056029784
78.83056061108952 119.10358209782962
83.91714639719378 122.12013062189081
84.97319061898811 122.88613056029784
83.91714639719378 122.12013062189081
89.33194696140988 124.43257480546579
77.36558030622918 116.89017145278224
77.85085680771671 118.36116034417033
83.91714639719378 122.88613056029784
76.40408323341126 116.1615468006351
81.33409921658726 120.6024253625194
84.44351767311852 122.88613056029784
87.67180980294232 123.65693524221962
80.32328151176958 120.6024253625194
76.8833287333366 116.89017145278224
82.3576374230222 122.12013062189081
79.82259336730505 119.85066070056595
82.87422666078436 122.12013062189081
79.32502621856291 119.85066070056595
77.36558030622918 117.62336641152686
86.582227224223 123.65693524221962
87.67180980294232 123.65693524221962
84.44351767311852 122.12013062189081
78.83056061108952 119.10358209782962
84.44351767311852 122.88613056029784
81.84426829905568 121.35890547705061
79.82259336730505 119.85066070056595
82.87422666078436 122.12013062189081
83.91714639719378 122.12013062189081
81.84426829905568 122.12013062189081
78.33917721169892 117.62336641152686
81.84426829905568 121.35890547705061
82.3576374230222 121.35890547705061
77.36558030622918 117.62336641152686
77.36558030622918 117.62336641152686
81.84426829905568 121.35890547705061
89.8922826367956 124.43257480546579
76.8833287333366 117.62336641152686
77.85085680771671 118.36116034417033
76.8833287333366 116.89017145278224
77.36558030622918 116.89017145278224
87.1253152506045 123.65693524221962
83.91714639719378 122.12013062189081
78.83056061108952 119.10358209782962
82.3576374230222 121.35890547705061
83.91714639719378 122.12013062189081
78.83056061108952 119.85066070056595
76.8833287333366 117.62336641152686
75.45453561689388 114.71789463928985
80.82711022843841 120.6024253625194
77.85085680771671 119.10358209782962
83.91714639719378 121.35890547705061
76.8833287333366 117.62336641152686
80.32328151176958 120.6024253625194
85.50618594456569 122.88613056029784
78.33917721169892 119.10358209782962
86.0425244895165 122.88613056029784
81.84426829905568 121.35890547705061
90.45613302421654 124.43257480546579
77.85085680771671 118.36116034417033
81.33409921658726 121.35890547705061
74.98419637379514 112.5859872297926
80.82711022843841 120.6024253625194
77.36558030622918 118.36116034417033
82.3576374230222 122.12013062189081
79.82259336730505 120.6024253625194
89.8922826367956 124.43257480546579
81.84426829905568 121.35890547705061
82.87422666078436 122.12013062189081
87.1253152506045 123.65693524221962
87.67180980294232 123.65693524221962
80.32328151176958 120.6024253625194
84.97319061898811 122.88613056029784
86.0425244895165 122.88613056029784
80.82711022843841 120.6024253625194
82.87422666078436 122.12013062189081
83.39405621054335 122.12013062189081
80.32328151176958 119.85066070056595
85.50618594456569 122.88613056029784
77.36558030622918 117.62336641152686
78.83056061108952 119.10358209782962
83.39405621054335 122.12013062189081
74.98419637379514 114.00281068451638
83.39405621054335 122.12013062189081
80.82711022843841 120.6024253625194
79.32502621856291 119.85066070056595
80.32328151176958 120.6024253625194
77.36558030622918 116.89017145278224
78.83056061108952 119.10358209782962
77.85085680771671 118.36116034417033
84.97319061898811 122.88613056029784
82.87422666078436 122.12013062189081
76.40408323341126 114.00281068451638
84.44351767311852 122.88613056029784
77.85085680771671 117.62336641152686
83.39405621054335 122.12013062189081
78.33917721169892 118.36116034417033
84.97319061898811 122.88613056029784
77.36558030622918 117.62336641152686
81.84426829905568 121.35890547705061
77.85085680771671 118.36116034417033
82.3576374230222 122.12013062189081
88.2217322487102 123.65693524221962
83.39405621054335 122.12013062189081
82.3576374230222 122.12013062189081
76.40408323341126 115.43746396647919
91.02352016974473 124.43257480546579
81.33409921658726 121.35890547705061
79.82259336730505 119.10358209782962
82.87422666078436 122.12013062189081
81.84426829905568 120.6024253625194
81.84426829905568 121.35890547705061
84.44351767311852 122.88613056029784
76.40408323341126 116.1615468006351
77.36558030622918 118.36116034417033
78.33917721169892 118.36116034417033
79.82259336730505 119.85066070056595
86.0425244895165 122.88613056029784
75.9278250683605 113.29218414298231
78.83056061108952 119.10358209782962
86.0425244895165 123.65693524221962
83.39405621054335 122.12013062189081
81.84426829905568 121.35890547705061
80.32328151176958 120.6024253625194
79.82259336730505 119.85066070056595
82.3576374230222 121.35890547705061
81.33409921658726 121.35890547705061
76.8833287333366 114.71789463928985
79.32502621856291 119.85066070056595
85.50618594456569 122.88613056029784
79.32502621856291 119.10358209782962
78.83056061108952 119.10358209782962
81.84426829905568 121.35890547705061
77.36558030622918 117.62336641152686
77.85085680771671 119.10358209782962
77.85085680771671 119.10358209782962
79.82259336730505 119.85066070056595
82.87422666078436 122.12013062189081
78.83056061108952 119.85066070056595
82.3576374230222 121.35890547705061
85.50618594456569 122.88613056029784
84.97319061898811 122.88613056029784
75.9278250683605 116.1615468006351
76.8833287333366 116.89017145278224
88.2217322487102 123.65693524221962
74.05229506787026 109.12048668103411
87.67180980294232 123.65693524221962
78.83056061108952 119.10358209782962
83.91714639719378 122.12013062189081
85.50618594456569 122.88613056029784
76.40408323341126 116.1615468006351
81.33409921658726 121.35890547705061
82.87422666078436 122.12013062189081
79.32502621856291 119.85066070056595
79.82259336730505 119.85066070056595
76.8833287333366 116.1615468006351
79.82259336730505 119.85066070056595
82.3576374230222 121.35890547705061
78.83056061108952 119.10358209782962
84.97319061898811 122.88613056029784
74.51678894919858 113.29218414298231
78.33917721169892 118.36116034417033
79.82259336730505 119.85066070056595
83.39405621054335 122.12013062189081
83.39405621054335 121.35890547705061
75.45453561689388 114.00281068451638
75.9278250683605 115.43746396647919
77.36558030622918 117.62336641152686
83.91714639719378 122.12013062189081
78.83056061108952 118.36116034417033
81.84426829905568 121.35890547705061
86.0425244895165 122.88613056029784
78.33917721169892 119.10358209782962
81.33409921658726 121.35890547705061
82.3576374230222 121.35890547705061
82.87422666078436 122.12013062189081
89.33194696140988 122.12013062189081
77.85085680771671 118.36116034417033
86.0425244895165 123.65693524221962
83.91714639719378 122.88613056029784
82.3576374230222 122.12013062189081
81.33409921658726 120.6024253625194
77.36558030622918 118.36116034417033
82.87422666078436 122.12013062189081
76.8833287333366 117.62336641152686
77.85085680771671 118.36116034417033
76.40408323341126 116.1615468006351
81.33409921658726 121.35890547705061
78.33917721169892 118.36116034417033
80.32328151176958 120.6024253625194
78.83056061108952 119.10358209782962
83.91714639719378 122.12013062189081
81.84426829905568 121.35890547705061
81.84426829905568 121.35890547705061
77.36558030622918 116.89017145278224
77.36558030622918 117.62336641152686
75.9278250683605 115.43746396647919
82.87422666078436 122.12013062189081
81.33409921658726 121.35890547705061
78.83056061108952 119.85066070056595
75.9278250683605 114.71789463928985
80.32328151176958 120.6024253625194
76.8833287333366 116.1615468006351
78.83056061108952 119.85066070056595
78.33917721169892 119.10358209782962
79.32502621856291 119.85066070056595
80.82711022843841 121.35890547705061
84.97319061898811 122.88613056029784
76.8833287333366 116.89017145278224
75.45453561689388 114.00281068451638
81.84426829905568 121.35890547705061
74.98419637379514 114.71789463928985
77.36558030622918 116.1615468006351
80.32328151176958 120.6024253625194
79.32502621856291 119.85066070056595
82.3576374230222 121.35890547705061
81.84426829905568 121.35890547705061
73.13197540295756 107.09260101581403
84.97319061898811 122.88613056029784
80.82711022843841 120.6024253625194
83.91714639719378 122.12013062189081
82.87422666078436 122.12013062189081
75.9278250683605 115.43746396647919
80.82711022843841 120.6024253625194
78.33917721169892 119.10358209782962
76.8833287333366 117.62336641152686
80.32328151176958 120.6024253625194
77.36558030622918 117.62336641152686
75.9278250683605 116.1615468006351
82.87422666078436 122.12013062189081
82.3576374230222 121.35890547705061
76.40408323341126 116.89017145278224
86.0425244895165 122.88613056029784
74.98419637379514 114.00281068451638
76.40408323341126 116.89017145278224
75.45453561689388 114.71789463928985
80.82711022843841 120.6024253625194
77.36558030622918 117.62336641152686
82.87422666078436 121.35890547705061
81.33409921658726 121.35890547705061
82.3576374230222 121.35890547705061
77.36558030622918 117.62336641152686
83.91714639719378 122.12013062189081
82.3576374230222 122.12013062189081
75.9278250683605 114.00281068451638
83.91714639719378 122.12013062189081
80.82711022843841 120.6024253625194
76.40408323341126 115.43746396647919
77.85085680771671 118.36116034417033
83.39405621054335 122.12013062189081
78.33917721169892 118.36116034417033
74.98419637379514 114.00281068451638
84.97319061898811 122.88613056029784
85.50618594456569 122.88613056029784
80.32328151176958 120.6024253625194
83.91714639719378 122.12013062189081
79.82259336730505 119.10358209782962
81.84426829905568 121.35890547705061
84.44351767311852 122.88613056029784
88.2217322487102 123.65693524221962
79.82259336730505 119.85066070056595
85.50618594456569 122.88613056029784
80.82711022843841 121.35890547705061
76.8833287333366 116.89017145278224
80.32328151176958 120.6024253625194
78.83056061108952 119.85066070056595
79.32502621856291 119.85066070056595
81.33409921658726 121.35890547705061
84.44351767311852 122.88613056029784
83.39405621054335 122.12013062189081
86.0425244895165 122.88613056029784
77.36558030622918 117.62336641152686
82.87422666078436 122.12013062189081
74.05229506787026 111.88419233324659
78.33917721169892 118.36116034417033
79.32502621856291 119.85066070056595
83.39405621054335 122.12013062189081
80.32328151176958 120.6024253625194
77.36558030622918 117.62336641152686
82.3576374230222 121.35890547705061
77.36558030622918 117.62336641152686
78.83056061108952 118.36116034417033
77.36558030622918 117.62336641152686
79.82259336730505 119.85066070056595
75.9278250683605 116.1615468006351
83.39405621054335 122.12013062189081
80.32328151176958 120.6024253625194
77.36558030622918 117.62336641152686
84.97319061898811 122.88613056029784
76.8833287333366 116.89017145278224
82.87422666078436 122.12013062189081
87.1253152506045 123.65693524221962
76.40408323341126 116.1615468006351
87.67180980294232 123.65693524221962
88.77510408940945 124.43257480546579
79.82259336730505 120.6024253625194
76.8833287333366 116.89017145278224
82.3576374230222 121.35890547705061
81.84426829905568 121.35890547705061
80.32328151176958 120.6024253625194
77.36558030622918 117.62336641152686
81.33409921658726 121.35890547705061
81.84426829905568 121.35890547705061
81.33409921658726 121.35890547705061
79.82259336730505 120.6024253625194
79.82259336730505 119.85066070056595
77.36558030622918 117.62336641152686
76.40408323341126 116.1615468006351
79.82259336730505 119.85066070056595
83.39405621054335 122.12013062189081
79.32502621856291 119.85066070056595
80.32328151176958 120.6024253625194
82.3576374230222 121.35890547705061
77.36558030622918 118.36116034417033
78.33917721169892 118.36116034417033
79.82259336730505 119.85066070056595
78.33917721169892 118.36116034417033
92.16899361169972 125.21307957688578
80.82711022843841 120.6024253625194
85.50618594456569 122.88613056029784
77.36558030622918 117.62336641152686
81.33409921658726 121.35890547705061
76.8833287333366 116.89017145278224
78.83056061108952 119.10358209782962
79.32502621856291 119.85066070056595
78.33917721169892 118.36116034417033
79.82259336730505 119.85066070056595
79.82259336730505 119.85066070056595
79.82259336730505 120.6024253625194
83.91714639719378 122.12013062189081
75.45453561689388 114.71789463928985
77.36558030622918 118.36116034417033
82.3576374230222 121.35890547705061
84.44351767311852 122.88613056029784
88.77510408940945 124.43257480546579
78.33917721169892 118.36116034417033
78.83056061108952 119.10358209782962
75.45453561689388 114.71789463928985
79.32502621856291 119.10358209782962
78.83056061108952 119.85066070056595
80.82711022843841 121.35890547705061
73.59069656849327 107.76434060014137
88.2217322487102 123.65693524221962
76.40408323341126 116.1615468006351
80.32328151176958 120.6024253625194
74.98419637379514 114.71789463928985
80.82711022843841 120.6024253625194
76.8833287333366 116.89017145278224
74.98419637379514 114.00281068451638
77.85085680771671 118.36116034417033
85.50618594456569 122.88613056029784
78.33917721169892 118.36116034417033
83.39405621054335 122.12013062189081
74.98419637379514 114.00281068451638
83.39405621054335 122.12013062189081
82.87422666078436 122.12013062189081
92.74712469516697 125.21307957688578
78.83056061108952 119.10358209782962
73.13197540295756 107.76434060014137
78.33917721169892 118.36116034417033
77.36558030622918 116.89017145278224
77.85085680771671 119.10358209782962
77.85085680771671 116.1615468006351
81.84426829905568 121.35890547705061
79.32502621856291 119.85066070056595
80.82711022843841 119.85066070056595
82.87422666078436 121.35890547705061
76.8833287333366 117.62336641152686
86.582227224223 123.65693524221962
84.44351767311852 122.88613056029784
75.45453561689388 114.71789463928985
77.85085680771671 118.36116034417033
82.87422666078436 121.35890547705061
73.59069656849327 108.44029367881738
87.67180980294232 123.65693524221962
74.51678894919858 112.5859872297926
82.87422666078436 121.35890547705061
81.84426829905568 121.35890547705061
79.32502621856291 119.85066070056595
77.85085680771671 118.36116034417033
84.97319061898811 122.88613056029784
81.33409921658726 121.35890547705061
77.85085680771671 116.89017145278224
78.33917721169892 118.36116034417033
74.05229506787026 111.88419233324659
75.9278250683605 115.43746396647919
82.3576374230222 120.6024253625194
79.32502621856291 119.10358209782962
77.36558030622918 117.62336641152686
79.82259336730505 120.6024253625194
76.40408323341126 116.89017145278224
90.45613302421654 124.43257480546579
81.33409921658726 120.6024253625194
77.85085680771671 118.36116034417033
79.82259336730505 119.10358209782962
79.32502621856291 119.85066070056595
82.87422666078436 122.12013062189081
80.82711022843841 120.6024253625194
77.36558030622918 116.1615468006351
83.91714639719378 122.88613056029784
90.45613302421654 124.43257480546579
74.05229506787026 110.49369900278609
87.67180980294232 123.65693524221962
78.83056061108952 119.85066070056595
75.9278250683605 115.43746396647919
84.97319061898811 122.88613056029784
76.8833287333366 117.62336641152686
79.82259336730505 119.85066070056595
87.1253152506045 123.65693524221962
81.84426829905568 121.35890547705061
80.82711022843841 120.6024253625194
82.3576374230222 122.12013062189081
77.36558030622918 116.89017145278224
83.91714639719378 122.12013062189081
77.85085680771671 117.62336641152686
87.1253152506045 123.65693524221962
78.33917721169892 119.10358209782962
87.1253152506045 123.65693524221962
81.84426829905568 120.6024253625194
84.44351767311852 122.12013062189081
79.82259336730505 119.85066070056595
87.1253152506045 123.65693524221962
75.9278250683605 114.71789463928985
82.87422666078436 122.12013062189081
79.82259336730505 119.10358209782962
79.32502621856291 119.85066070056595
77.85085680771671 117.62336641152686
78.83056061108952 119.10358209782962
84.44351767311852 122.88613056029784
80.32328151176958 119.85066070056595
77.85085680771671 118.36116034417033
76.40408323341126 116.1615468006351
79.32502621856291 119.85066070056595
76.40408323341126 116.1615468006351
79.32502621856291 119.85066070056595
80.82711022843841 120.6024253625194
78.83056061108952 119.10358209782962
81.33409921658726 120.6024253625194
77.36558030622918 117.62336641152686
81.84426829905568 121.35890547705061
76.40408323341126 116.1615468006351
84.44351767311852 122.88613056029784
73.59069656849327 109.12048668103411
81.84426829905568 121.35890547705061
81.33409921658726 121.35890547705061
75.45453561689388 114.00281068451638
80.82711022843841 120.6024253625194
77.36558030622918 117.62336641152686
82.87422666078436 122.12013062189081
78.83056061108952 119.10358209782962
82.3576374230222 121.35890547705061
75.9278250683605 114.71789463928985
81.84426829905568 121.35890547705061
76.40408323341126 116.89017145278224
80.32328151176958 120.6024253625194
76.8833287333366 117.62336641152686
86.582227224223 123.65693524221962
80.32328151176958 121.35890547705061
87.1253152506045 123.65693524221962
77.36558030622918 117.62336641152686
81.33409921658726 121.35890547705061
86.582227224223 123.65693524221962
77.85085680771671 117.62336641152686
84.97319061898811 122.12013062189081
75.9278250683605 115.43746396647919
75.45453561689388 114.71789463928985
80.82711022843841 121.35890547705061
78.83056061108952 119.10358209782962
79.82259336730505 119.85066070056595
77.85085680771671 118.36116034417033
83.91714639719378 122.12013062189081
78.83056061108952 119.10358209782962
76.40408323341126 116.1615468006351
82.87422666078436 122.12013062189081
74.98419637379514 114.00281068451638
78.33917721169892 117.62336641152686
82.87422666078436 122.12013062189081
78.33917721169892 119.10358209782962
84.97319061898811 122.88613056029784
74.98419637379514 114.00281068451638
89.33194696140988 124.43257480546579
81.33409921658726 121.35890547705061
82.87422666078436 122.12013062189081
79.32502621856291 119.85066070056595
82.87422666078436 122.12013062189081
76.8833287333366 116.1615468006351
77.36558030622918 118.36116034417033
82.3576374230222 121.35890547705061
74.05229506787026 110.49369900278609
91.02352016974473 124.43257480546579
84.44351767311852 122.88613056029784
80.82711022843841 120.6024253625194
81.84426829905568 121.35890547705061
77.85085680771671 118.36116034417033
82.87422666078436 122.12013062189081
78.83056061108952 119.10358209782962
79.32502621856291 119.85066070056595
74.98419637379514 112.5859872297926
77.36558030622918 116.89017145278224
76.40408323341126 116.1615468006351
84.44351767311852 122.88613056029784
80.82711022843841 121.35890547705061
75.9278250683605 116.1615468006351
78.33917721169892 118.36116034417033
77.85085680771671 117.62336641152686
85.50618594456569 122.88613056029784
82.3576374230222 121.35890547705061
77.85085680771671 118.36116034417033
78.33917721169892 119.10358209782962
86.582227224223 122.88613056029784
86.582227224223 123.65693524221962
78.33917721169892 118.36116034417033
78.83056061108952 118.36116034417033
80.82711022843841 121.35890547705061
73.59069656849327 110.49369900278609
89.8922826367956 124.43257480546579
89.8922826367956 123.65693524221962
91.59446625773643 125.21307957688578
80.82711022843841 121.35890547705061
82.3576374230222 122.12013062189081
81.84426829905568 121.35890547705061
86.582227224223 123.65693524221962
81.33409921658726 121.35890547705061
81.84426829905568 121.35890547705061
80.82711022843841 120.6024253625194
83.91714639719378 122.12013062189081
85.50618594456569 122.88613056029784
78.33917721169892 119.10358209782962
81.33409921658726 121.35890547705061
84.44351767311852 122.12013062189081
82.87422666078436 122.12013062189081
78.83056061108952 119.85066070056595
84.44351767311852 122.88613056029784
84.97319061898811 122.12013062189081
83.39405621054335 121.35890547705061
80.32328151176958 120.6024253625194
81.33409921658726 121.35890547705061
86.0425244895165 122.88613056029784
