94.66397527217248 938.2732119749713
58.87600165956851 907.9586672652546
44.06933985900555 937.657112948859
57.011220053150076 968.326965930856
66.96535938506564 968.326965930856
55.205501738083214 937.657112948859
120.94516115108183 938.8897158164525
97.72824041915429 1000.0
103.30585883294437 938.8897158164525
68.83848824877167 968.6450392042332
96.99280844183775 968.9632169574098
50.12431378381976 937.657112948859
97.72824041915429 938.2732119749713
78.19386673612439 968.6450392042332
44.06933985900555 851.3539026248324
60.80177846020304 907.9586672652546
71.41774798088483 937.657112948859
83.88726211355215 968.326965930856
75.74210111014382 938.2732119749713
75.74210111014382 938.2732119749713
45.51080514074241 937.657112948859
68.83848824877167 968.6450392042332
103.30585883294437 938.8897158164525
104.15755152323501 938.2732119749713
94.66397527217248 938.2732119749713
50.12431378381976 968.326965930856
97.72824041915429 938.2732119749713
64.58930947667632 968.6450392042332
55.205501738083214 907.9586672652546
46.99941935107911 937.657112948859
73.3672104992463 1000.0
64.84436327581005 937.657112948859
53.45697600072877 907.9586672652546
76.1661667091519 937.657112948859
64.84436327581005 937.657112948859
57.011220053150076 907.9586672652546
53.45697600072877 968.326965930856
66.96535938506564 937.657112948859
64.84436327581005 1000.0
103.30585883294437 938.8897158164525
71.41774798088483 1000.0
119.83806576793356 969.2814992247053
64.84436327581005 907.9586672652546
80.72499581514676 938.2732119749713
94.66397527217248 938.2732119749713
64.84436327581005 968.326965930856
94.66397527217248 1000.0
62.790545548583395 1000.0
78.19386673612439 968.6450392042332
57.011220053150076 937.657112948859
78.19386673612439 1000.0
80.72499581514676 938.2732119749713
66.96535938506564 907.9586672652546
71.0667844903477 968.6450392042332
46.99941935107911 851.3539026248324
50.12431378381976 937.657112948859
75.74210111014382 908.8536921977789
62.790545548583395 907.9586672652546
57.011220053150076 1000.0
80.72499581514676 1000.0
50.12431378381976 937.657112948859
66.96535938506564 907.9586672652546
75.74210111014382 938.2732119749713
66.96535938506564 907.9586672652546
73.7537531160569 968.326965930856
80.72499581514676 938.2732119749713
58.87600165956851 968.326965930856
113.5541679825144 938.8897158164525
97.72824041915429 968.6450392042332
71.41774798088483 1000.0
73.7537531160569 937.657112948859
68.83848824877167 908.8536921977789
85.5005086927206 938.8897158164525
96.99280844183775 938.8897158164525
131.5967065983417 1000.0
86.03570344423316 908.8536921977789
80.72499581514676 1000.0
45.51080514074241 907.9586672652546
69.1557312159448 1000.0
88.82067213694054 1000.0
