8.59429302605141 8.638166690175387
8.602806528824122 8.645500711975508
8.539160248301489 8.582752460889441
8.602806528824122 8.644277942736956
8.612546573466062 8.65528909470903
8.590039434608624 8.623517305760329
8.612546573466062 8.658962594727996
8.578504581242736 8.609501625494378
8.581538566397855 8.61498330720449
8.580324843592432 8.61376485416983
8.644889305737035 8.68042244014968
8.591862144524686 8.624737138320022
8.588217111369088 8.622297645726643
8.580324843592432 8.612546573466062
8.585180765028252 8.620468479109004
8.590646961612533 8.624127200472898
8.590646961612533 8.624737138320022
8.643055346439763 8.677967197061044
8.590646961612533 8.624737138320022
8.587609756203182 8.621687880399426
