2011.744603175719 2011.81275377954
2011.759899511879 2011.8280319924054
2011.7842788832672 2011.848324677507
2011.7453041489177 2011.8098591194805
2011.6880232892097 2011.753803102478
2011.7159821384687 2011.7857805190706
2011.7956441041752 2011.871340825621
2011.7672231742706 2011.8392279618486
2011.746272108038 2011.8138283525354
2011.760440127711 2011.8266219745483
2011.6737219138104 2011.7445419359508
2011.7040221481896 2011.7730170487555
2011.7399711292428 2011.8074131814412
2011.7461984437334 2011.8143567998065
2011.6691271430793 2011.7348101032285
2011.7140753389815 2011.7826612190815
2011.7267295296456 2011.7987612527852
2011.7349183954948 2011.8094071190596
2011.7273824013953 2011.7991174847293
2011.747561731359 2011.8142601876657
