32.11074959431063 40.52992659760154
30.0 42.47504352355184
25.5448114887707 46.334339914683014
26.26700332605447 45.03453329940314
28.9921387005813 42.47504352355184
28.013442188314244 44.46024892018264
33.398748477870654 39.439861069014896
28.26891098846254 41.06340539154785
33.21712111084053 39.57705970926055
28.836224546657554 42.784247782027784
32.96388488515774 40.59603742475201
31.347443907665525 42.9700071353478
29.646761420517738 40.87394824926949
28.867540150070905 41.46287376506206
31.347443907665525 43.50639642025507
29.940443383925594 42.943081493694386
32.5591996072404 40.91197217336039
21.055402277835327 44.15700124467638
32.45655031884613 40.529926597601545
31.438876456032915 41.06340539154785
31.93112169731774 44.347707958760616
35.18413715925377 40.52816065344578
33.15519708129924 39.210569119751305
32.4491642907022 40.06445750746884
33.01233338298101 40.52515857193442
28.129713388465767 43.021037419802134
32.37311445684396 40.22051244342469
34.59179043439633 41.038197010254464
32.618206477626345 41.64698418428094
32.618206477626345 42.44689689194843
35.61972046189274 41.09137932427452
30.72443419350613 41.772065366823675
29.638014662875836 42.66565201646773
31.608585114516544 41.91370081808622
29.562407482613395 42.0606498382761
31.72940057903954 41.43058850843707
27.712766342800837 44.938038358399616
29.638014662875836 42.17494977505717
28.013442188314244 42.039639276152435
29.53935277721553 40.803919053217584
28.129713388465767 42.44925513989623
36.07647733293721 39.731831552429114
31.527950968816253 41.49334731647244
31.103918299658336 41.49973614193736
32.45655031884613 40.131619887499795
23.849353332976428 45.20919279498004
28.148196359249138 41.74571590436206
27.5256004082192 43.26161840361762
29.05935117612699 41.55245576332843
33.486090516254926 41.65843063591487
27.265610765933364 41.6690286678515
29.999999999999996 41.09638589918169
29.75129814254007 41.772065366823675
36.35414768791115 40.45683874296854
32.293645165650474 41.65843063591487
28.465432520151435 43.169262706744156
30.35538776195937 40.98489248960004
30.529365103650658 41.82865130231388
27.733240107829936 44.09416702755084
27.292033443967608 42.784247782027784
28.129713388465767 44.27900374814859
29.999999999999996 42.082200607001134
32.11074959431063 41.43067714512733
30.0 42.44925513989623
28.9921387005813 42.06966551755088
33.01233338298101 40.25609453493395
27.238760017957635 44.25225186963414
32.26976896736325 39.61979780048477
29.062626245582496 40.12228338314238
26.781745519576102 43.86436092143772
31.58508891258614 41.78128967411011
31.977232963980857 40.407570329300945
33.30339934749207 39.52731837843309
32.86592857691427 39.652142814323405
34.90784089934919 40.98240326106453
31.358056722212776 40.52816065344578
35.61972046189274 40.46363062205675
29.04980897792568 43.52748360029267
28.07386970378044 42.18817641259135
26.44010507797482 41.6690286678515
