31.664051742272484 46.36908350775996
36.50137786373265 46.41834577546577
35.577707662324606 42.74676865660771
30.689032815750977 51.8478418409321
31.966409815351092 47.896158666779314
36.872727272727296 45.291740278371435
33.315271993527254 44.48295430378
35.55959595959598 42.77564763619147
1.9258573067789073 93.19421773402134
1.9138526438308017 94.7357058696247
32.102827479448244 52.61069988079433
35.100000000000016 44.071249015560085
34.325252525252544 44.78217607774778
37.70000000000002 44.457226684598375
37.55320701951066 43.107072584791254
35.796360913734 43.03261146721794
35.13073058585054 43.81451538813589
35.13073058585054 43.78087166509701
36.425623149639506 44.31258223899161
35.79466943918733 43.038155485720566
36.01919191919193 42.51220444293673
32.8278343591329 49.85927179489006
33.1588415412722 44.243428154737025
36.14214367358357 44.90654855317086
32.52626262626264 51.59821599185819
35.07360345052047 44.686431436457106
36.85105163358816 42.92037345416717
30.138133838424565 58.11065447908343
36.08413293261163 44.86442106145526
35.17775746700036 44.53131313131314
36.03552225516778 43.88377797814476
34.73618233900419 49.6537951835812
36.5395592213307 42.22175883655926
33.02551539304484 46.52159734656597
26.119427496802338 55.49803555445367
29.78840427161151 49.48994398609712
30.786311116285386 51.498903405447344
34.64892306686033 44.870034335257884
30.63069370541958 48.33199081700437
31.173737373737385 49.353535353535364
33.36969787484206 47.34277729358885
30.30124417892729 47.47885890747165
35.11412187100362 44.1140101847135
36.12424242424244 45.602537979443746
36.907262610340446 44.81631211552989
31.084124054685077 47.23136092651683
33.29828184478829 45.50040294928338
35.11665745503746 46.44442150491606
34.99865985340398 44.00208334667812
33.89231842786612 49.75002989691606
31.843252236770947 47.23136092651683
34.63326747779919 45.70432929313979
36.947900652336095 43.53962251647299
34.3412360703982 46.98072905010623
34.298989898989916 43.71666974087908
33.00120912192576 43.672720424279916
35.47561223649811 44.072335610090065
36.02765890879311 44.6939393939394
30.69781150882955 46.29768346646088
35.69282710118795 43.0433955885566
38.921199409325204 52.735998702001716
35.454833442259584 45.630163072778515
34.19926148416135 45.99854920521272
34.67967571772701 45.43105788788072
35.11609750669089 45.248781918296864
35.15524588741184 45.05018006581596
32.22506581275141 43.099930912085846
36.1758888544164 42.035298633051184
30.3243249453341 51.31865724352827
25.206029830181738 56.4897475821955
34.89524106592201 43.60894093712311
25.793585851007432 50.33636363636366
29.27796527351139 51.47873390819554
35.11427978793681 45.85747221832796
32.57758868133565 47.46930039791973
36.99938646807664 42.29952101954944
33.9839353397282 44.63247637495454
34.651464958502835 49.19362661165097
33.90879674126239 45.34573144535333
31.886922995715935 46.19494347212059
31.44750526901772 45.69497574168267
33.28081943614762 48.15772518954407
37.46846412810622 42.25053489213826
32.51672042231942 45.106314611016465
30.69750559629347 51.216427311985754
35.07794388381775 45.122107140218915
2.1285009732277405 93.97571071793449
37.14654694114278 42.263445488055574
37.11266492345927 44.57627691038568
34.00953705651489 44.72656748752588
36.57774057892874 42.94649107170091
37.63347719438087 41.99038810598724
37.69085444572401 44.65536607872538
37.62301633618816 42.96177006993542
9.054112447861781 85.32735471955363
28.91409961391031 50.5940302560461
0.0 93.55833340599891
28.999290190367045 49.265405532614544
33.19561492467436 43.672720424279916
33.92067788938477 43.2924213942053
37.217060605381796 47.61042481838293
38.11329754455044 43.95524428790923
34.194557040463174 43.893181174271476
10.59221518728399 77.43827204056485
36.50137786373265 45.37984096343745
31.162386525877753 55.65149497787073
33.535552041581305 42.95570359168846
36.3550223707573 44.29635115129982
35.85229478456585 43.68611350838737
34.581069636837924 43.727800211716904
34.02598725167065 43.936844708111984
32.775757575757595 43.26382552498492
36.180175203044996 43.42210413427781
37.01479205361699 43.56011441832896
32.1459656970351 48.76741433857836
35.85229478456585 44.17295576778511
33.30222253328694 46.59762027233292
33.041506645513984 47.540318456344785
32.50947649748871 48.26041611375475
36.40000000000002 44.176189130682474
37.04310628864021 42.25298848000864
33.207809002042175 44.07778531961352
31.611153189493205 51.33438315563381
35.087531732901155 47.324364359927856
35.590869285793595 45.630163072778515
34.33957533105464 43.30633044193849
36.07171717171719 44.61789206402663
36.99789525308027 45.6847960259821
29.207708557657384 51.19413298849569
26.628116558909603 50.80605398204188
37.312697824672256 46.66585074329491
33.73007380516356 46.46225466320276
32.29912841050491 51.55255344550187
37.27036990236066 43.14209168442354
34.57876554653579 46.685786426102574
32.26363636363638 48.2905033358397
34.811598400298195 44.36673174446092
33.499112738971036 43.33976500893687
36.39306788764187 43.06243258452015
35.796360913734 43.04395838305836
35.98652626271776 41.88107810250827
33.85111742624568 44.75050505050506
34.55497071635729 43.07098805455626
35.635680428894204 43.421573017069385
30.962272006913032 47.855847861997304
30.451515151515167 46.8887930968156
37.52598051561819 42.25313689661349
29.553141327910502 52.84832634099002
32.68007377241409 43.19218789708009
35.25489080799304 45.37341839715977
30.15530281721271 47.40678904414949
33.13354039684464 45.05248819202878
36.147371861690864 44.07028275732906
34.95555555555557 48.197180220555026
36.34973643474442 43.42458035727851
36.07171717171719 44.020233723736254
36.61334246548706 46.41715928122576
27.765101611063127 61.8601086895684
23.378241327087515 55.80281592897988
35.29696969696972 43.893175451543726
33.41235371443813 44.64065123815013
30.339995058735163 48.9861274111748
38.37349897898344 41.843823002346554
37.78322829240925 42.75183615797289
34.93815716562683 47.213948128120926
35.233542648853735 46.8275421040602
36.05592869175543 46.0246233891521
29.88859358553954 48.31414141414142
32.05961812992871 48.7259612127751
36.89801065514367 42.92037345416717
22.43470753607911 57.296387744436124
34.89524106592201 43.024328642158174
37.08926849638081 44.676988609806806
36.6771042537761 43.77726919645321
33.574456394297755 43.46292774367667
35.57322743129712 43.671070087819345
35.39411849338929 43.96800605554352
36.374106671739156 44.26455418556027
35.341184291953226 42.90505050505051
29.561738171821307 51.20069874107243
36.57774057892874 43.081381873742274
30.99321002251532 48.52931855572558
33.64311027015315 42.62161937782
36.1731037861565 42.172772482372196
37.07671015975497 44.15100442980952
34.04246620169361 45.52126188909907
34.54192125611697 46.67478154909842
35.369016717432395 45.01679374804277
36.17963432183837 44.583061501160635
35.42596127465556 45.719684997986356
34.04937428992835 43.79475589504974
33.36517295919555 43.294629997930045
35.64935520584184 44.7814848083823
29.814580071235305 50.24857008510755
35.821661588965 44.97428264814803
33.94371810767204 45.68103206674828
35.57154650040894 42.503278601772855
29.47034907729709 47.91991672761857
35.34981437893912 43.00370441188528
37.70000000000002 42.24241557242825
37.24261118863929 43.38533045486673
31.30654805078939 45.224620340550345
37.16318806209879 45.07485971937698
35.15524588741184 45.942543694172066
36.38853790745443 43.21587343600227
31.71839983768524 47.670707070707095
30.659608261622168 48.98717545206441
36.173429322235414 46.68920860067741
35.37708671149721 44.3143581156705
26.338297618606024 53.46854586150846
35.01273289425203 45.97053579794149
33.85488967315825 43.28848168216723
25.156848237604024 57.922194695542025
11.780186111739543 80.97991068261253
35.85229478456585 43.612162376136666
38.07517367354151 43.680113479758056
36.7263920009337 41.77572875908406
37.15403385143328 44.80855746614924
38.19110624998334 46.08110732382202
30.372727272727285 45.291740278371435
34.83419215360223 46.32020202020204
36.01007950819688 49.38888888888889
38.46116657027253 43.85541474574983
33.34137091400788 44.9938945177475
34.23941565210132 44.123156781053865
30.51459187488712 49.10894957214049
35.97363253490099 42.68324568427031
27.677905169710655 66.4447312771546
34.74056936993005 44.21243907710603
35.24311648954753 47.62120698530213
35.69498263477379 48.5827935824058
33.717319665395635 43.534980549868465
34.6747158765793 46.583456990447694
37.16637613128913 44.93994368420876
32.816944224666976 45.56186934547418
35.11412187100362 43.28021199726973
30.710538628028896 48.63534173652364
33.397125646825764 45.97474089660326
36.4079940704822 45.86123201036403
35.57378579076068 43.84545454545456
33.949449493773024 42.950331139364756
31.108080808080825 47.55815848798583
35.888358092725476 45.93481550014929
35.44443039913268 46.40972994691934
34.67788058952617 44.840842434978335
38.408593522204576 44.10973575911424
36.5483315999531 41.70221087105019
35.81089798144329 43.38246992752789
35.09760563897556 42.56466323554299
32.35555555555557 46.24767179223124
36.07171717171719 44.04425282960384
34.49500574010785 45.450505050505065
36.167295250846855 44.33724815355476
35.52539837635032 42.376616094542676
35.34981437893912 42.7698809107063
37.345454545454565 44.12174435776841
30.821724380532437 50.06634768144014
34.6432184606277 43.49802597300091
36.96085828418604 46.07732196683557
34.82424242424244 44.9085980352494
36.59068651384663 41.77572875908406
31.97357196924168 48.76741433857836
24.689335550712563 57.41541625034747
30.645562258127935 46.195147536367905
35.341184291953226 43.04395838305836
35.720880681148465 45.37984096343745
9.40986931292215 85.70065015166138
33.208209589629305 44.6375954251698
34.390909090909105 51.25443448086766
31.69888420801866 49.28591638406032
28.42172440340868 61.91941098459585
31.30790234158332 50.09851889118678
34.897204386657116 44.39722186491884
29.037900862883323 51.04037129595345
34.298989898989916 45.05958949956742
35.69813342649128 44.30414592809511
36.65593381504821 45.02872919184276
38.83067301373945 42.895475240098335
34.67390426589916 48.453934474197446
37.64644531195302 42.65539670302114
36.33708864892857 46.230955146419475
33.49797979797981 43.24205230175333
34.033276806646136 43.52965686472708
38.233725128932754 47.14724606768705
34.76723430957841 44.942538932258415
36.18104802630002 45.547498927651866
37.817036902873426 42.24664316459741
24.101943234213383 52.01819022949063
24.440093381185896 62.10025400769889
36.91499719228819 42.45664917224562
34.745454545454564 42.95020654270243
30.450052646969063 50.64762900700465
34.975013092090016 45.84046570036271
36.230862122648055 45.602537979443746
28.844716046378483 50.19246475290972
34.477864133999056 44.00343905527998
35.72999492976791 45.153486596385314
32.10702415746861 47.80385188394859
33.574456394297755 43.28848168216723
28.328973847754508 58.11135514413208
34.49117606130795 46.10484780165645
37.676235027963564 43.98132009229211
30.2969758069558 46.934510922572386
35.30632500593204 46.90192432622342
35.33793833077627 43.04689809786715
33.18541286713324 45.871534194360805
36.52509851000109 42.39439962079848
34.01994284650432 48.49975882283651
34.399111076472 42.93991191961389
2.1418520203162807 97.1829810496335
35.916854784580146 45.374568684162774
33.98765524289469 42.68105006639068
37.71613433097938 42.831833743172474
34.572695270588895 48.981201972655896
35.48244473232285 44.175946938132846
35.375757575757596 45.88599936531837
37.58839884410464 42.38920092452813
36.75328457764859 43.71320968778907
0.0 103.8798229853396
5.99844962029369 88.85851606998978
34.03636363636365 44.12912405479947
33.06505567990845 45.03120311345181
35.97363253490099 46.35221285623632
34.242978041047365 47.0809863292435
36.90864567811181 42.225974141445356
32.657026594156775 45.04040404040405
36.342216942592295 42.51802084124484
34.93815716562683 47.29097254644094
35.48885008072524 42.122390184947996
36.0208940035324 42.90505050505051
37.50927035680661 43.37818624884654
36.01039841447669 43.178309203669265
33.550505050505066 44.62244259818108
37.697727068471444 45.84932444308715
36.596969696969715 45.18822540080132
33.848246305703874 49.38396918283343
35.616128512931866 43.86433357472435
36.625655291631425 44.082840750428794
34.28032575455855 45.09058716519673
32.529653514148485 45.041259098182266
36.57739657942967 40.52994035605698
31.313932995176224 47.80385188394859
36.56202698619035 41.906668101316434
36.77976115248322 43.26219436577531
36.898989898989925 45.412226330251336
34.81674410011302 45.248039306772945
34.59893768249765 51.60890038128286
34.42651051257372 43.14296084753874
36.40711577243315 43.94821235258713
33.73007380516356 46.09411818427423
35.42668955731448 41.44145272834262
34.858300033940665 44.043787139375645
8.729638934482729 86.09879828227224
35.10660081085861 44.275507178303194
35.95551663041931 45.41916463665516
36.48871326973817 43.34757029944824
31.6964482437369 46.58509614799786
32.530516673535786 47.226672220643636
22.439360355329367 56.10442763458359
35.355937135791244 42.943805312979066
32.978554500803945 45.63186358429917
33.428862145042125 46.30606060606062
36.2514005475984 43.04689809786715
30.01194725283438 51.22207242076628
30.056561323762043 47.65848036364996
33.785052562178635 43.12455802588062
36.227516564532756 47.64936704255447
31.457855231130296 43.8960437435603
32.524038870953554 46.65683329925031
34.53849759174834 43.33674353477937
34.95847999500124 44.80000000000001
33.603030303030316 46.22641288522391
30.264722635545265 48.11809139714683
34.9382835133165 44.8985935051432
35.710886681855946 44.060875798107425
33.1571940740671 43.24205230175333
33.73007380516356 45.651912435539614
32.1459656970351 48.01978786186531
34.41738403648754 46.325855589977834
35.311839410295626 48.659845913872964
30.451515151515167 47.04126628053277
35.635680428894204 43.34030977941483
38.02534598590683 41.1753625133282
37.558900132205345 43.25142616945154
29.350237126148134 50.64762900700465
37.19269569727245 45.92925353874509
31.26769796689487 46.72320650744511
36.77758143461894 41.67177905025912
36.81383446660189 41.47406765692271
36.07717872021901 43.91721906100438
33.32691562475697 44.348451337156625
26.670221805842786 53.025931286478006
35.192801279217626 43.11951107410862
33.49797979797981 43.02525252525253
39.12578798923047 44.71329337488506
34.89524106592201 43.29419924352475
32.63059788825149 43.05582308903121
36.147371861690864 44.072650500464306
33.57596384865067 48.10624214466718
31.53237259377893 50.8073142470355
37.63503767859652 42.490971114852435
36.518282435191544 43.693097378612165
37.05526694301021 49.391885522618416
35.28942112958856 42.67642423186652
35.87296620062923 45.00925936588149
34.1463230597113 45.294030652010534
37.72364624157972 45.273115090992874
38.47354661409402 46.99394708271938
35.11412187100362 43.29419924352475
26.157344491125222 55.472902118234366
32.506821262821965 46.80446425789285
36.67857886595644 41.87311585007842
36.84646464646467 43.128082399632426
33.25743362982449 48.32862501424812
35.92516404159049 46.31331337418373
22.874747474747487 52.27515713797426
36.55049773073682 42.94649107170091
30.30124417892729 47.80357156910202
33.629292929292944 46.22398055670158
37.672381547097324 43.69859330636643
36.40000000000002 43.65473974252733
37.65941342952517 42.70000000000001
37.64644531195302 43.015508647936606
34.15454545454547 47.19686138578878
29.988812962117482 50.45200559152499
36.57774057892874 42.794006680335556
31.497095356844266 51.39918016931203
11.61615468006351 74.10625508891657
35.33793833077627 42.46942900835891
28.302087421684046 55.443382432202874
34.0857827737078 46.99088729230756
32.57758868133565 47.45798200903232
32.89689090701817 47.239615917099584
28.999290190367045 49.90510616103336
36.14214367358357 44.750185700277854
37.35938316257362 41.1753625133282
32.12582196393827 51.949188794499634
33.19447186904122 47.16233376994559
36.36260167231013 41.98809577680917
35.402038206701455 46.01223543903545
35.135548996423104 43.02117526597349
36.775649416027065 45.527263145544765
32.7857925181969 47.95958903422938
34.514578119771215 45.83672496969695
36.425623149639506 44.15480897386667
32.94177559123863 47.86388505412499
37.14654694114278 42.506055064183556
31.435720185936606 48.82510622668467
32.612382675367776 45.05416162664289
35.15524588741184 45.303403862601485
33.10323703750648 47.427142750421254
22.489010282790066 65.72102944354084
36.19927756300308 46.35191543756066
24.410133515305333 58.9019215607703
33.52946296026779 43.66214285404165
37.397979797979815 45.46357359440635
35.252182908206656 43.93076585773424
35.193980492153386 49.978287104610104
35.023516014020096 43.727800211716904
37.913454374777004 45.47850646727331
37.19096168490117 46.1039195280092
34.36050626789625 44.95641615199479
32.087554384330915 46.09416925091851
37.386004926468246 41.54572461087763
32.9601298360974 48.53852132267047
35.74939404533043 42.780435193699525
33.92401967891858 46.368834048090605
26.273012012972718 57.67780906442522
34.86051845098904 43.330428435169935
37.0380483139158 43.172165818959854
35.83117721629469 45.9978812705109
37.995855020777576 42.18097333294418
27.127728497144314 52.687215452791385
23.8349574793037 59.44870033722319
30.604289924346535 50.04263908870393
30.796255688530202 49.99451022081193
35.07794388381775 45.58330163066681
34.15454545454547 45.871534194360805
36.612768009685034 47.696352535082596
36.941479607076374 41.87534594679276
37.01843555518125 48.2949515464456
31.970523428764437 49.49286725008752
6.253236287298693 82.60082350993584
33.481158496713036 44.99218176511971
35.66232332341399 48.42507954359882
32.943678853678165 43.96858284875128
37.16576948742476 41.78509482971168
35.37795971785536 44.586771046346385
35.846867280148594 43.902815153143855
36.40767164311519 42.13013784161913
37.68534966466948 44.59070719468119
30.38821082958019 45.91347032566038
37.78875994692274 42.99093925430921
33.786569472056456 46.779984173663564
33.56363636363638 47.85673940710942
36.947900652336095 43.42107208984732
36.14590022137246 43.16994325080349
33.706349199232385 43.44228126473454
36.41447414259873 44.43967870918194
34.26243846549055 44.31871643079416
37.112279585301394 44.503551758956924
36.5395592213307 42.551069168426054
33.91444423573552 46.57878192103314
37.09708057266589 42.5514460018948
32.27676767676769 44.14713590813842
34.891396733330616 47.460789111680484
33.89606598647009 45.522164220752806
34.6432184606277 42.76488922995559
25.9157948570171 57.16386021993061
31.746456615628848 48.1965878785878
32.643935190701235 44.942538932258415
33.108949888541495 47.867340280096535
33.89999718580749 47.7452723132888
36.959135080629046 47.25141174028869
35.762207401223506 42.31851531019332
31.314764318244485 49.87345570230784
35.351088501682376 44.48360676611636
35.48885008072524 42.5606249990044
36.574106163845876 43.324724971488344
35.76981191536092 46.33240522337561
35.87058134164329 42.02020563218975
35.92205038323447 44.575941753506804
34.60716855731856 44.71842711029079
34.15454545454547 46.1172679995781
35.10225266535999 43.89828936040259
30.88153013070573 46.012768864542764
31.72181156003505 45.85729162671936
27.89442089769582 58.04856098224214
33.94164608506243 46.07299674789126
34.64101387188785 44.98289870616284
37.74454769099128 43.26060042035248
29.896313410564407 52.88226168888039
34.87724684978718 44.723939624399534
37.94610528820746 42.80894885474559
11.198931732491921 87.84395696140906
35.3755889428319 43.93601415246388
35.87296620062923 45.003624356288725
35.42596127465556 45.658023691311854
31.91315572429553 50.10576766313613
30.569696969696984 50.06634768144014
35.31183941029563 41.7938516492994
37.0104626317066 43.95935940378894
31.14585054221659 50.06634768144014
29.51993209418701 50.892950437821156
32.20606787310037 47.75218532888896
34.51473079552369 47.62521188215969
31.351912620903434 47.67923497131463
37.08011238882867 46.41975927479434
32.85454545454547 44.99562782263695
29.790079853807452 52.057210270413535
33.47186551641105 48.12094486293283
36.43944330390945 42.910691101090656
36.27384971984934 41.80808176562535
29.34848484848486 50.787768324260945
36.730333180542466 46.20000000000001
36.33999038505963 45.51293795005715
35.85229478456585 43.612162376136666
31.486589465181517 50.264961273004864
36.01927085009305 44.48313811429458
31.77396797944598 46.92283460319653
27.168976220338326 48.96517527491293
34.936108739373566 46.325855589977834
34.64831479209589 48.928544681280776
32.601870447800984 47.53592695688144
36.872727272727296 43.81269900641977
36.71005138694415 42.80622114200289
32.03098116322408 49.433567670196695
33.140725118017066 46.36600201283468
33.57900969253028 47.66363636363637
36.4079940704822 45.38895902537751
35.95126296207113 46.80552140117971
37.685080038491336 43.649299912901824
36.17310850235263 51.775074393550106
0.0 107.6088472777261
36.608929086718334 45.67083229462855
35.28537796920719 46.46683480032241
37.39889220841463 42.12527673355274
33.481158496713036 45.24125431699199
32.806366059030644 48.842979761702516
34.41377674922882 45.97053579794149
13.176593544211359 78.20628589401217
35.3755889428319 43.1509084424347
34.16418443987153 47.44536118556217
37.93478091859919 45.299342483364214
32.60311962207601 51.779127089917964
8.090305437311603 82.31508105203706
33.95122498661718 47.6777777777778
34.27711233305606 45.04040404040405
34.78049132850776 43.37495614278878
28.470895669569206 52.30784842521381
21.63995041546273 60.899405767185115
36.1134682358981 45.30993663266237
31.767149997843582 47.38203063356882
27.565896083321466 53.39946382516601
35.67216312507245 48.08665931615928
34.85974637752156 47.19302100788633
38.41070187934378 45.72176404279499
32.26071245719334 47.42846007852104
35.537675938801286 44.38382653286345
34.15129715792514 44.00502016634573
35.233542648853735 47.30090666743998
34.79594389101989 45.34017156929723
1.1985066070056596 113.36627984076824
29.86164583253488 50.51315546363359
34.16418443987153 47.704034184458465
37.91408809486037 45.10660472289716
36.04545454545456 43.49980667525082
35.29826525115357 41.70139472214618
36.666298429530364 45.32177854871754
28.606534050219345 49.577637546448905
34.897204386657116 45.51911438717419
35.16788525584714 48.276335542045146
34.53993860952607 41.971728103373714
33.81819891686859 46.2150995413082
33.52946296026779 43.601093732385436
33.211010421316296 47.83409661110354
33.83282705739086 44.05610864129895
28.644630099157222 49.45926846041662
33.94164608506243 46.1039195280092
31.576205391827376 47.96972213475939
35.939678570741954 45.6385615428243
32.73012905290153 44.98954627105668
35.05479304368122 47.545179536244
37.330567400506816 44.976767676767686
35.33793833077627 42.50420232107521
35.80308365054995 44.96262626262628
36.65482258025854 46.23787804006247
36.40000000000002 43.674265017752134
36.61592193652679 43.44157400232544
35.352347313336494 46.24889407409547
35.182502973244425 46.05151515151517
36.3296973090403 44.29635115129982
32.529653514148485 44.983097900091686
35.527630356714354 42.31851531019332
34.0997480301396 42.523672466582504
34.15454545454547 45.80798895404724
35.59837039698368 44.47123933477818
36.787684377437266 47.92831276933633
29.054220655516037 49.67132074416134
33.01212121212122 48.516639244919006
34.463502994714005 44.67319111129031
37.42598731322647 45.449322359101444
36.08094768374047 43.1462753663875
34.207233375550956 44.12121212121213
33.43321764140086 43.51250088359801
36.872727272727296 44.168133086252254
35.21420152255061 48.56093252410638
32.506821262821965 47.53592695688144
14.904207666500195 68.39995950713617
35.43229985098734 44.427383620113666
34.61167264609829 46.21255637306095
36.17963432183837 45.53934296977229
30.710538628028896 46.69035203930222
33.85488967315825 42.99636339030592
32.35555555555557 46.53734871489024
28.024096954215686 52.459866446335504
31.628617912645865 46.147244791548005
36.84646464646467 42.97244406277098
34.463502994714005 45.23766249529291
35.43508301080286 42.77886273931262
34.64245119981263 46.674132485311105
29.02264712647291 51.7510219006164
36.29734536540878 43.15229194409531
33.768978157880014 46.4754544715388
34.04504385825831 44.36868686868688
36.88094343901 44.422014682395236
36.940315610853176 43.72828306904203
32.53091777702336 44.424049331128295
35.49210660475388 43.78622618554644
34.852882723451316 46.469362837292564
36.872727272727296 44.40573803006994
29.284160615794825 48.64150730508214
35.73139106475365 45.55454681687908
22.894972431819422 61.03960944814244
32.378331688568444 48.34949494949496
37.397979797979815 46.2487268237234
24.39302915321517 53.517344196708464
27.948753761770185 51.163403865074
35.07694912596994 43.76497911169602
37.79448876973293 46.62368001326567
34.858300033940665 44.22220599436028
35.545610265264635 42.520296525302605
34.89776084461468 46.49061347029101
35.58585858585861 44.45530431958352
23.664219793604158 63.407392842887354
26.790585914629435 52.77999990871166
35.369016717432395 45.01679374804277
36.15050505050507 46.05898651575212
34.37847968377109 48.10624214466718
34.803414104680286 44.46321669117416
36.42693307386677 41.699717385748045
37.45329872602296 44.04770191219294
34.797979797979814 44.24903620005445
37.22922086603936 46.0135232594225
35.11665745503746 48.14528813038795
28.996384379370408 53.48023266351018
0.0 111.51508492860968
31.527109073492642 46.92283460319653
36.128406521028694 44.071249015560085
34.211752083680764 48.2057385414991
35.85229478456585 43.108478124282584
35.079181458064994 43.341391404535806
34.581069636837924 43.639325721108214
27.40240197058974 51.29799146549201
33.2487598799025 47.5145566188497
32.5910711013152 48.783942172739785
33.93643241937922 45.06677840426667
33.74631378337845 44.23270345400023
31.204305908917636 48.95775321888968
32.914006182412216 45.55454681687908
31.51444648036362 47.866028581168365
36.65593381504821 44.762159115027046
33.31087747649614 47.755662752663284
24.896969696969705 54.46985133674654
36.147371861690864 44.26455418556027
30.835874547867174 45.82512674580344
7.175435123775794 84.30027120649612
36.268216278864955 44.99270620848928
33.272456625888886 44.99218176511971
35.19398049215339 42.878907045036186
8.666357880505082 79.78134692067752
22.262379169979432 57.772994791633074
34.425082144106746 44.23617421418708
34.71172197676775 44.80951893696143
36.69848290813543 43.77313441789664
34.75806284936968 42.42518064186431
29.733758159187033 51.212177060837334
37.450173390713175 43.033055914060284
35.48828599556177 43.75353535353536
35.40082228305362 46.80175518240191
33.63854507130265 45.467689983019426
32.21776473112898 49.02121212121213
35.59051461252702 46.08568949372318
35.06542965422778 45.8115796033868
35.70122767613044 45.76564721130122
31.160606060606078 48.282878898574076
33.10760416170034 44.38382653286345
34.52845527726244 44.30884331178804
34.12552259403237 43.26434589630487
34.02254384462856 46.63558754820502
28.591771964707323 51.42876896519096
34.581069636837924 44.24825002178901
36.625655291631425 43.52870470305058
37.62301633618816 45.16756862635692
33.63777604387914 45.43277644568732
34.86625883943052 45.248039306772945
36.89801065514367 43.33254219330798
25.894777062852295 52.73028548032512
36.01007950819688 43.407460598750035
35.339072091431106 44.895785772341696
36.290548928319346 43.69085409004346
32.506821262821965 43.38585858585859
37.246967766898884 44.3239916342878
32.623204927133706 49.49113688546771
34.22415264086979 46.50498429021764
32.33976892808768 47.45798200903232
36.6514298555242 44.13356004160046
33.47309455238764 44.31871643079416
35.205136645947114 45.33275784377858
35.710886681855946 44.26455418556027
31.751515151515168 47.83697654478722
35.03513253206443 46.21028304583672
32.524038870953554 45.96532675903309
28.361273130293235 52.79430230273583
37.694811549689966 44.40730740803646
37.20978587022202 42.89476024766452
34.944032595393786 43.04661777782492
30.930138396554707 48.57022715716368
33.29815864735684 49.31220661023267
28.40693005294674 49.264357975992326
36.59068651384663 41.7263666570768
36.36260167231013 41.85821309171527
32.77043310482443 51.8535339345948
33.32820813680805 45.98667247837022
8.251934998823874 85.39766850495583
38.305975529567846 45.700018580771214
34.54034469592853 45.51293795005716
34.02254384462856 46.30516704125585
32.88834352717923 47.441951977553565
30.567038755661155 50.12449534386356
31.3305875987067 46.405562573876715
34.272727272727295 42.41465305821189
36.10323932086712 44.24573684635397
35.632534766198916 43.526269959043255
33.44249665087387 44.84277867998811
31.834476898487022 49.309896532151335
35.83935061307418 49.78027186361024
35.49516537111711 44.28141774511789
36.64288435480789 44.43967870918194
25.837931275826072 52.99701310963126
36.509669754113936 46.642957650006935
33.108124301934836 47.15510828977978
34.19709996905258 44.63247637495454
34.64101387188785 44.42385261277553
33.440597252354586 48.25638599023442
36.59988072773865 43.06243258452015
35.05704693108393 48.187523520481754
33.58686756708175 45.74076486593147
32.83554530602075 46.231609041623955
31.209596291521116 44.56444429748483
30.796255688530202 49.502021411947645
31.937694200069558 46.19494347212059
37.19269569727245 45.99265245213011
35.561836847366045 44.44515686151648
35.29797069444769 45.510678177338505
29.956069507422004 54.69698959611768
36.829453904907545 42.70457909415986
36.83333333333336 42.226180404545865
37.16637613128913 44.84768380367149
38.38798958339831 45.44118106437493
33.42809791128375 45.27058653676623
35.427138070617445 44.171382188030066
33.537259709632295 45.396528021962844
36.14199875963909 42.6210001776442
33.14141839510454 46.332761189238525
34.52887179587666 42.92554676240094
36.37556978988228 42.15214590867964
31.06864477038638 53.186882784262195
25.98276073520061 57.359010210070146
30.594407340722373 49.646248732345036
4.875232507887315 94.73654485170798
37.345066790258656 45.476618920308454
36.230862122648055 45.35407756427124
34.48222462434829 49.291305804229594
35.40074704839276 48.265453153273114
36.805975989416694 43.7643178309859
32.628986282322145 46.154402254311
36.07171717171719 44.55449421653266
36.80717488175699 42.918860777148744
32.282641275699056 45.67976649801601
35.49516537111711 44.85379271942094
35.58585858585861 44.89775831047468
34.846852367817284 45.736053569569826
30.774174224025643 48.32121212121214
31.168714919205456 44.92027883604729
33.41235371443813 44.90654855317084
34.28695541609198 50.136405318249864
36.3296973090403 44.54220411605972
33.19838098470539 48.00687675939279
23.654034810459034 51.70196601102215
36.085342011593184 44.226026407695485
29.965704599717533 50.230447988084435
33.36226392763307 51.123033388177454
35.69956935417366 41.52045696411558
35.83953109290183 43.526269959043255
34.16418443987153 47.67592121932731
37.231357543111606 46.68889724472353
32.524038870953554 46.889904386972745
33.29828184478829 45.53094142203296
34.85452385137507 47.317534174169154
35.81089798144329 46.34037381543872
36.987830271577096 43.80173900912011
32.84720565591635 51.04141181664351
35.56286228110215 42.99097875336131
37.70000000000002 42.975764791589576
31.576235585083957 50.53064618740414
38.04955824059382 43.98132009229211
36.34612467446984 41.90989219656079
37.15370481717545 42.506055064183556
36.2906489181417 43.41303382563914
25.50818164660728 56.5048014789529
26.50572651343693 52.5331814021644
36.88585858585861 45.379394890147296
31.88313553536106 51.002722989601494
33.20408073220169 44.71342901466638
35.76981191536092 47.1775920005902
35.084957853159715 44.98489924627998
32.03125040321184 48.92637704039742
35.54646464646467 42.28377786030802
36.69122665177228 44.99270620848928
31.57482044853627 47.02774464526003
36.52509851000109 42.29227375521296
32.89689090701817 47.32059907919486
36.16998266263292 46.22393956434433
31.970523428764437 49.927854927915256
35.57990826252155 45.29158046827823
30.300846678014214 48.35747029771506
28.45000113577805 49.917340887310786
37.21580142285299 44.05889599054206
34.64892306686033 45.03881303113558
34.87676767676769 45.858307273757376
36.803517669763245 42.261429874563284
35.02171892408048 44.407882477580436
31.328417167444005 50.53559255230767
3.3775796168937777 95.57118694965214
34.514578119771215 45.22699134855033
35.65983964866659 42.77564763619147
36.33999038505963 45.38895902537751
30.669031510279797 49.01714660258576
36.342216942592295 42.67878787878788
35.205136645947114 45.06677840426667
36.77542590213655 45.449322359101444
33.04123332848061 54.227951713247926
35.62525252525255 45.77116916240093
35.22349064475347 46.29573242301559
34.400513401832626 46.25143889257771
37.03038643405248 42.97244406277098
28.98374277375646 51.98146865791475
36.13679012032216 46.20865971389189
32.428699719940994 46.36865211903217
33.902497704341485 45.58666434725633
33.83282705739086 44.54357748779469
34.58647006926325 45.238674543078794
34.02952743477702 47.12245750551691
32.37571085622449 51.40106373704399
37.50005283920758 43.49147573460412
34.745454545454564 42.93991191961389
26.66809495493572 57.50131948817453
36.12305129572234 41.41202166315394
32.47270107158657 43.7249159671412
34.74056936993005 44.00343905527998
36.40000000000002 42.79530422392735
38.536391348844255 43.348715825782726
35.911534602224386 45.206417426465535
32.58142515033318 49.01342057063264
23.919350867645853 64.06241132469543
36.78406358732106 43.80027212144026
32.89393939393941 45.682027277084636
34.43176282464528 47.29032642080711
35.88549241928253 46.300847720506034
31.67272727272729 46.36908350775996
36.859595959595985 43.38050961964223
35.98771606197741 43.81215817693461
32.691831017072374 46.67460689636167
33.91197769521477 44.610526909350824
34.15129715792514 44.27189062754957
11.847802142665302 78.83505599089193
37.38708296051002 45.26776633165615
38.07506295179663 43.59088085477
35.93545481736019 42.07191132203469
12.823225276083102 71.27183492827454
31.395812642176466 48.435147592057774
31.813556975952864 47.0227640927397
36.09797979797982 44.605852721449175
36.25364281795324 44.72679002551757
31.517807287174517 45.10859857190123
26.29052440372026 49.46997089630379
34.109534390092726 45.918089978890826
32.57145275982923 43.65799688799815
36.88094343901 44.4950525423065
34.41567317526013 49.788935351190695
30.86197346834781 47.15432114103463
27.488572391643146 48.53852132267047
34.10693487346939 44.82742260287881
36.30347324297175 44.43394812091826
35.142775672331545 43.57796990287115
32.992137834403835 50.58212023629073
36.93470277891348 45.093844276042624
35.351484831891746 42.48983290133015
30.71098124635469 50.66056526619126
35.68662882432892 48.39829388224071
30.69617617506079 51.46523429452744
31.688158652340995 45.70799931309749
36.1651106222093 46.29019069818512
33.02525252525254 44.312078597119566
12.835118987887412 76.55410575323207
35.500870589660835 43.34608080339516
34.1463230597113 45.0811874496791
33.41650847017194 43.75360344278974
33.902497704341485 45.007115401830674
31.550156735575985 48.92786851487888
35.06599180129711 44.723939624399534
35.272558434201976 47.06980892808875
30.17428691594731 49.888613854069526
33.22573333823019 43.48162885801814
36.59068651384663 41.93316576859338
32.091665253400215 42.41220935636702
32.44623016552066 46.29696984756127
29.677362056319893 49.51226643513417
33.45233554141441 47.266002264216525
36.86583916808936 42.82541687572874
32.75467575182261 47.685330406930355
31.865239264213642 46.164456791063266
35.2604727353262 45.57391059873458
32.57145275982923 44.08141247909006
34.28398915227704 45.25909807666475
31.891624667083452 50.036658099256044
35.92516404159049 46.86066379837212
27.96445149111321 55.737274643065156
36.99938646807664 42.316132949285176
37.30214898995938 44.16871312028357
36.46324358757333 42.03585065782608
34.061086184300436 47.0902201097469
35.32403981504635 42.6584884694702
27.72394650833673 52.6633523274019
32.36316316151702 51.35505263838868
35.30502865899385 45.922099179008924
33.47309455238764 44.285473994013195
36.537928783786775 45.76495353058823
33.13521181677301 45.929303775679614
34.581069636837924 44.1326184803692
38.36902769122913 46.42898633658608
25.023835284659537 52.773925046973645
35.07694912596994 44.25845646679674
34.524017071666165 43.69833411984829
34.85050505050506 45.284100438473395
32.00867609310334 45.67250266052714
31.14585054221659 50.46730159749458
34.53582387113636 43.416084910457094
36.40000000000002 44.175200852072415
35.24740268576847 47.62955582693878
32.68889790199208 45.59391413484336
31.501291987967466 48.954574407775596
34.55497071635729 43.611779471449495
35.67940378650452 44.30414592809511
35.341184291953226 42.71718178383658
35.92205038323447 44.03317918363823
36.907262610340446 45.316006021630955
34.90303030303032 46.58562562451475
36.37173857487468 42.90976795735016
33.041306538893636 45.6407396935171
34.08578721776212 46.51392101188327
37.0104626317066 42.642293674756004
21.671214175214644 59.22548869640757
37.875906737262326 44.08490037777649
34.061086184300436 45.585598001176876
36.803517669763245 42.44764541482814
36.984743777839284 42.34600929585309
33.1571940740671 43.563973610474434
31.517746751870842 46.98512550299446
34.23583039047743 41.260719753557304
36.78403458687749 44.357235310614
38.13333333333335 43.29564716559971
25.977096768138367 56.8931066955779
36.829453904907545 43.17984890966038
34.1463230597113 45.14200104927466
38.198989898989915 47.205513968280016
38.08736130940614 43.147865487744966
36.83333333333336 42.85236877604689
35.3640372512569 43.79178566731691
35.43229985098734 44.060875798107425
34.032992306744646 41.79825532130239
36.06415335626121 42.77369043391527
34.36551156619894 43.729147469627875
35.02171892408048 45.420023533556886
33.11917521337398 44.62244259818108
37.30076336153727 44.81631211552989
33.68562213684725 46.28737935118534
36.69122665177228 45.77746529054902
33.951410049024396 43.64971431086888
33.263074152565984 42.847030190561526
30.300846678014214 47.9818181818182
32.90023913414207 45.85364530099634
33.72489263840904 42.61463026817926
35.95551663041931 45.67563515608267
34.313225173628446 44.895785772341696
34.01994284650432 47.867610835286314
36.03994110157423 44.41147263026673
32.07015475592829 50.106734456764215
28.944838421040007 48.43605846871739
36.64240983979791 43.84671532636868
36.40000000000002 42.15214590867964
35.41042247971267 43.64346492013957
35.57990826252155 44.71224811262992
10.990811755970173 78.12209159868031
37.637949910915104 43.94614053034391
34.52502833437037 41.85009105144399
36.803517669763245 42.506055064183556
34.85928859105251 45.04094736522192
37.04262659086919 44.075009837297365
35.81089798144329 43.38997870838567
32.172715402642666 47.585459198639256
33.77209945346207 44.52189966005148
36.80717488175699 43.081381873742274
32.89393939393941 46.87447372191963
37.4650003499478 42.934576361038964
35.30617198268216 42.13505903307297
27.07959880601473 55.89742055314869
37.15296253722234 41.22244425444778
34.55497071635729 43.18801274661169
26.89214203285997 51.175445784323145
37.086566002978635 43.80504225625085
29.791917728641877 49.65932854032644
34.332190498854374 45.54298629527811
35.14854704763697 45.92015457625979
30.121507327363734 62.10064823666392
37.99292952681047 53.334008599105374
29.34848484848486 50.802985152099694
32.405008398354255 51.06586315992596
35.75194273752881 42.75049375188363
23.0910105580464 58.905750813187524
33.54192798362637 48.00687675939279
36.085342011593184 43.846473486760225
34.27245290539823 45.80401048064348
36.01919191919193 43.04868447232
35.29843424186996 46.67423522296006
33.54629343239839 45.99885102361605
33.817705148401046 45.33030303030305
34.81971682613462 44.846881582762904
11.759297293148151 72.81881613579579
36.85840268256668 47.37066212163071
37.1387638439399 45.37244482684536
28.895776436183144 48.957575757575775
35.28942112958856 42.319814652680975
28.82430387431542 47.99552846060819
35.72355021296777 42.943805312979066
37.61401274450948 43.20263316556792
38.88190081454913 44.01514577652142
33.58425675228412 49.01342057063264
37.04474967108403 44.601401984713036
37.38708296051002 44.99562782263695
35.130630502955825 43.08181818181819
35.57154650040894 42.96899809416883
35.859205648484235 43.92477228474265
36.38767979219196 43.473529792964264
31.671040003247413 50.692161987369374
29.151515151515163 47.429397746737905
23.26503479134347 62.762922259596294
35.78593074801401 43.4449834343376
35.903203261363245 43.6528023069425
33.01340926570135 55.068597347166985
35.05479304368122 49.17939883809611
34.65936639827982 46.31114739922644
37.23146554964421 42.78105447978002
37.4650003499478 43.26060042035248
37.48057025544972 44.17296705406248
34.07575757575759 44.10765775598952
29.054220655516037 49.55703065392814
36.64288435480789 44.27466256996121
35.38873234630214 45.62390901904013
30.265089456051683 49.902652857495944
34.31363909591034 43.12396879881875
35.283147807668925 47.0248271583272
29.844115569603144 52.01722593695358
30.881530130705723 50.98281339304027
34.363221838242026 49.927854927915256
30.85194303763138 45.96666666666668
31.927505462634635 45.56620622662392
34.67237612181262 48.04150277594024
36.50576281692778 44.39686832650537
34.10693487346939 44.9315922991702
31.632901106097627 48.18580728636357
31.083814292433182 51.90702222855192
31.26769796689487 47.90656990548023
36.99715577651056 45.38924449356616
35.3755889428319 43.2559236751842
35.427138070617445 44.72679002551757
36.88585858585861 45.02872919184276
0.0 113.3986320661987
38.49868450799411 42.473015153923214
34.87813802742614 44.72953924020053
37.4650003499478 41.64880595332339
36.437742267735906 45.12162253373945
32.43449082364225 49.18620070056854
36.09800898249013 42.77508834982
35.135548996423104 42.77564763619147
37.947830378839505 45.689834432927995
37.16318806209879 44.81275574489196
29.799281798306975 49.45145375533517
33.81740735417716 46.63110079946567
33.37750676802036 45.007115401830674
34.147449007210035 49.205261430212154
34.8549752134663 44.43967870918194
33.775066793390955 45.597892328827655
33.91777266626482 43.44228126473454
29.641460615283584 49.109402595310314
33.14448168480006 44.07200914764497
35.07149783533756 45.74040404040405
35.83115126782611 43.679734399766474
37.86953361739761 41.79657325685026
36.101209760597385 42.399351680482894
37.19096168490117 46.406739260313486
31.040834419127727 45.569073942144875
36.6510493063372 44.03788661757828
30.001592371188583 49.577637546448905
38.679076862455375 45.639230753127435
36.8358109687756 44.384373788469404
34.64892306686033 44.704489814436215
38.169176916456145 44.253774566145964
33.272456625888886 45.330099981463206
34.75699940940533 46.12800055415143
34.75659077582119 50.14568474805937
31.862664874773884 46.48540923407743
38.4949199164997 41.9243968329598
28.3687486953487 47.93232323232324
36.23522920582617 44.90654855317086
35.59898989898992 44.643257654743735
36.09557997993817 42.56466323554299
30.73443864599679 48.52246130145877
36.38767979219196 43.473529792964264
34.335517505778355 45.633915312181124
36.374106671739156 44.20214521981017
32.35555555555557 46.710514084630034
35.21911305665682 48.793933032258046
36.855390140051846 43.784258718938204
33.88646236236382 45.25572534630401
35.07314925725529 47.025897365226825
36.67720441941697 45.05285979167117
37.37809199299632 43.02023954144704
33.48413442448144 45.14200104927466
34.62963756378922 45.785700420311386
31.978954655444397 46.36213883815077
29.892278934292186 49.63245352240308
33.98795623852819 48.00570433870035
28.90324728792891 47.17064027538248
34.846852367817284 46.40972994691934
34.834323101083655 47.464329814812864
34.948669321412076 47.919911559493514
34.63326747779919 45.122107140218915
33.481340300834326 47.0149852340131
32.52523310417783 47.15510828977978
36.59154877262586 45.596182900564116
28.672573728365794 51.43918411449433
35.533333333333346 48.12322604899677
36.75164519947464 41.11792112381703
34.03032396255463 46.09532009706728
25.702314524672456 50.778030319946666
32.61507529483804 47.288888888888906
34.02254384462856 46.87146152276194
30.74740676356894 47.597602154165536
35.859205648484235 43.407460598750035
34.29985088195994 45.21351104991167
31.66364170173957 51.9195771242963
37.52598051561819 42.313368892439065
33.28744771924397 43.27532221032157
37.04068666178866 44.051862626196055
36.03552225516778 43.30155085134487
35.57322743129712 43.194394373658334
27.49885978935607 47.89696969696971
35.62881264324113 43.568805582418804
34.744585475820635 43.86174056221755
33.906438800943796 44.2382038560684
34.63326747779919 45.17873770185753
35.57272727272729 43.41379994375572
36.52543921264503 50.97317129505705
32.30303030303032 44.998341240620356
31.99722607326585 46.00909090909092
37.0104626317066 43.094421442760925
36.55837156696169 47.13515512176303
35.78489888223285 44.46930309060379
37.3623487865148 43.688019975745135
35.5472603240234 43.178309203669265
32.22347423581144 47.122991820238155
32.80227963260177 51.43268493804808
36.90864567811181 42.06058754021431
37.06258556231597 48.473991003669965
30.837809820022382 48.41865365451536
35.820768359667966 43.526269959043255
33.74762256087633 46.47342517744222
33.250253454993995 49.84214179904588
31.23340691961211 48.667676767676774
33.250253454993995 49.760393866942714
36.21995237901647 46.56514633082701
13.313459676288764 76.55410575323207
31.688650980758702 54.458488470000574
37.74454769099128 42.79326324521388
36.98381998224866 43.55599859863033
35.454833442259584 46.20518771034224
35.760586424088366 44.9082721024267
33.02525252525254 44.27030876176194
31.41544884653789 46.46352344818568
36.84646464646467 42.617581720238626
36.085342011593184 43.33636363636365
36.50137786373265 42.120769219741
34.25439541349624 46.354094518726924
33.69508598256876 44.28183993310992
36.83333333333336 42.5316063332656
36.925252525252546 46.599587773406654
37.63981058796082 44.110834366999676
36.12424242424244 45.57536003494228
30.538456376586765 49.58203428772189
37.44923796973925 43.81705139161889
34.08578721776212 46.553303938327126
35.76981191536092 46.34037381543872
35.59973964110447 47.51809885855902
32.849827269209 49.91007909570398
37.90868199811855 43.86357217453823
32.03415902476118 49.1773608987627
34.617056265911266 45.74040404040405
30.735992866427594 46.72320650744511
32.114721651418165 47.43370197578387
34.28899348117844 44.633337845452715
36.07171717171719 44.32052091728808
32.428699719940994 45.4701303948963
32.07985816537469 46.44920979686962
36.025950919409325 42.931038916868296
32.93542916772207 43.40918499709771
35.746434378793836 42.50900938087946
30.608027353479248 47.75478481579894
35.74247159822607 41.72786962766458
33.19838098470539 49.06777095686009
37.882583077637925 42.456239990390145
32.99710600136949 44.035863133899134
34.79566125524448 49.23105804823067
35.40136350672467 44.06815254089235
31.68972639600408 46.96710714456135
36.768754031149726 41.991149969325285
34.79594389101989 45.34017156929723
32.72804628271302 46.4090070956891
31.870248253414672 49.72475897079166
37.16318806209879 44.52274304783329
34.386661293499486 43.30633044193849
33.2726372967501 46.94501073780419
37.25435875993945 41.677955908014255
36.625655291631425 43.674265017752134
35.0862461194327 47.16355913413299
35.267633440148956 42.67413044340248
33.684777826126094 45.11266629458534
32.0022799421554 51.32651943272394
36.253819987763414 42.67878787878788
27.604555138532216 52.96662215250259
38.197409037019156 44.75652364029273
37.12341005965141 44.81285856076877
32.772985567994475 46.31975900512046
35.08609405003989 42.658783854544296
33.52928019781052 47.33059897707587
37.71566756791516 44.88854382803153
36.58034613749472 43.605050505050514
32.27676767676769 44.14713590813842
34.287904064409965 47.627480709158675
34.86625883943052 45.09587308203672
34.911746251798725 43.972432428405874
36.33708864892857 47.47351399463501
33.476309585475086 43.61921287514329
36.50022194293663 42.24109729057127
36.02765890879311 44.92328300715431
34.745454545454564 42.672824481814324
34.597059396924756 44.21243907710603
33.40268457957187 42.75110088049606
35.110628359297806 44.043787139375645
34.720373221133656 45.37272727272728
27.268836611051135 53.90820048917956
33.85790878056705 45.217394669307545
36.07171717171719 43.79345756939216
22.265336946718477 59.20061096289591
33.58124716600178 46.85206109700769
37.22922086603936 45.44113556346723
26.866666666666678 51.86151626721749
32.56536816583755 46.993601982428515
34.81674410011302 45.22699134855033
33.73007380516356 46.406539099005194
33.481158496713036 45.737643256260625
33.86241240145989 46.89604519370518
33.42587243826923 44.566287480433175
30.79593593319976 46.00909090909092
35.01230491740883 45.39111993948992
33.73007380516356 47.54407949372417
34.52845527726244 44.65482740513924
29.817815145571277 50.70395867518898
36.977841927038426 42.920199642072504
34.13680848656426 46.47716105636966
37.44752239187802 45.74879224578071
34.386661293499486 43.8501034583984
37.12236392612615 45.09655608177538
24.59141652505669 54.265312085500554
30.99246807075097 49.44912135856252
35.47048120858539 44.44988566301902
30.45138263765084 59.29749894457598
23.63855467183281 61.05608136353402
26.238880056097617 53.507978605821506
36.33999038505963 45.39092008240647
37.07351654273832 47.81673181195786
37.715697302855894 46.095945893915484
36.52255703606033 41.300000000000004
30.198788577307923 45.71988239624814
36.08413293261163 43.612162376136666
23.16217369954705 60.751236988052554
36.51076818006283 46.60381417050117
36.55049773073682 43.412700955841174
37.060467082498 42.679917235146974
23.461867519478414 58.769651575566726
36.04545454545456 43.89760751454367
37.76836240149424 41.425751636699076
35.55959595959598 43.04395838305836
33.906438800943796 44.72433432640259
37.69831778224163 44.87643945181487
31.31668367786819 49.716677190872254
36.947900652336095 44.06302160635173
34.98897048444029 52.110283843693935
31.945586633655953 47.61330186505926
37.959800399974846 42.112567801223186
32.32929292929294 46.00545543176078
28.546248275952983 51.70431485053689
35.29360303573211 44.65482740513924
31.466297067712635 44.80959572040761
32.55050234759841 48.86774293272324
30.86308755716877 46.339679045638334
38.300165805328035 42.707879123506
36.43944330390945 42.52725398552887
31.633333333333347 46.031028841812585
28.741437319937926 51.82979769895564
32.36842146008776 44.14511969778529
31.686315261068614 50.21586351716659
34.50192384532127 46.16126073046372
29.93923163501207 51.46137898089379
33.058782835016906 44.88765885881712
25.075946677933224 55.48876048719816
36.06443433469524 50.79619577919412
32.39862681321653 48.32547504290799
35.83953109290183 43.33636363636365
36.616785434327255 43.44976025279134
25.144426492431865 57.25549495586497
36.147371861690864 44.29123706450269
31.552089604128916 50.871381355311776
34.803414104680286 44.407882477580436
33.47868905454714 46.935124838444246
33.89606598647009 45.313661858260176
33.662170093650204 46.39310689899324
35.83225522919096 45.77614896834847
33.98079446578338 46.954402926482516
34.07028290683459 45.25739803674852
35.13073058585054 44.18849903966518
34.811598400298195 44.675703954978715
37.64644531195302 42.722547249087114
32.98869296471235 43.69696969696971
33.58686756708175 45.498770033511676
34.27473474319388 46.29768346646088
29.41019325731965 48.78517261046611
32.499227408591025 47.630627471360285
35.22656843461915 43.774329056944644
34.26294938582826 43.727800211716904
35.941849581688125 43.73108963572307
33.04147292832891 47.4977277976668
28.024096954215683 51.45201825618312
34.7735506831988 43.723124526662474
36.829453904907545 42.97244406277098
36.941479607076374 41.87534594679276
37.998221250582105 42.21821510289386
35.135548996423104 43.194394373658334
38.24365335921996 44.78918295975206
35.68442160037316 42.54900334828997
36.571516721822086 43.249532331558164
34.911746251798725 44.06945901031273
37.4650003499478 43.34767240553417
30.454927581356337 49.62294706752007
29.805492195759257 45.92556557373696
33.39027183911123 46.62338397220188
31.197730693096734 55.717965746150995
37.16318806209879 45.379424753836986
25.335423912760042 62.38700604156922
35.109133429360575 43.848118945437214
37.51093442017929 44.11634892007936
34.477864133999056 43.89339131321398
36.98381998224866 43.73273736695229
32.99144178275033 48.61101294591406
34.41567317526013 49.27890038945036
32.26931936432993 50.16521771294375
4.9365842261105435 96.38334091423262
35.820768359667966 43.656286937064955
37.214096538896186 45.51251620958147
33.81046729562656 47.317534174169154
34.602352026048685 43.370659817954234
33.37750676802036 46.48785059972876
36.437742267735906 44.68109804030831
32.69515837331561 45.929303775679614
34.19393939393941 45.99990223971714
29.894783014103293 45.98618576867572
26.555651589043464 51.116613378579906
34.524017071666165 43.723124526662474
36.16086037528537 42.38424632049871
28.464514485215517 50.881543667157786
32.85103346488755 42.682594224123555
35.21143571131819 48.13473880139647
35.846243064078365 43.48345279325625
33.63777604387914 46.03987210963315
34.4446735916141 43.972432428405874
32.47960819673839 47.129495259683765
35.01391744480647 46.873879129150815
31.68972639600408 47.27115103761417
29.19053107687548 53.4941302799092
24.892770060098552 58.92838858957724
33.012654529816814 45.871534194360805
37.998221250582105 42.783677928621174
38.408593522204576 44.411541239814795
37.676417889477584 42.44498943976419
32.23189586478228 48.718527809081316
30.31599793284908 50.86256641242747
34.592309983830305 43.141815898069
31.11874033481482 46.8553771749869
36.30347324297175 43.66725331851019
35.67529144098614 44.82680311179759
28.013617842657982 47.435360181949456
35.796360913734 42.88531951345437
33.24872595122603 46.80004069100548
22.847447839329913 56.753450576371826
36.91007978546882 45.23475963516234
36.17460042350789 43.69446978704101
36.10763522974824 42.07032344432561
28.560606060606073 49.1559760884385
34.336658078874926 42.452525252525255
35.03513253206443 45.6171080941371
38.756896913739105 42.838531803951525
35.63687448147905 43.38997870838567
34.39144780134324 44.846881582762904
37.6182110625717 42.09741644103416
33.68305492693724 44.82297759519976
35.86830340633998 44.0569591663926
35.846867280148594 44.39825362895651
34.84846404019053 42.73737213380676
34.365295856704634 47.629588589963596
34.19393939393941 46.91582968994852
34.771717171717185 43.565762611374396
34.79594389101989 46.06969654831448
36.21995237901647 46.47333209740483
35.351484831891746 42.99097875336131
32.35555555555557 46.76599945796363
24.689578774678242 50.35556064615177
34.57904642052583 45.15148214703222
34.52502833437037 41.76848643020076
35.33793833077627 42.96100994735334
