38.38094626378718 41.07037546584426
39.018048428073136 41.461689808277086
39.15899493957294 41.77387079835606
39.26719454445416 41.39486811593374
41.00482529431019 41.88523975412791
38.80848085899495 41.20549750736653
38.958179901058884 40.861592495327294
39.58219830875239 41.69352841302021
38.66428123904443 40.64797804751933
39.08008170184693 41.65293110568342
39.748807729135216 41.63718465404962
38.921212121212136 41.0575477577523
38.958179901058884 40.882604061339094
38.96298012310366 40.7317584428085
38.88488102729473 40.890536789905326
39.14287262291047 41.089719318197275
39.11489744682107 40.35707695113599
38.219538955644744 40.98225421946556
38.74205062522075 40.16326042614682
38.64314996028639 40.882604061339094
39.102960148791226 41.36150295813639
39.20039373546415 41.680083364830054
38.572691763096216 40.88736855691824
38.898878952660496 40.816890114374104
38.900890810395616 41.680083364830054
39.178775649229294 40.63546455092106
38.53056336086683 40.89678211133212
39.59652720164338 41.211899441052125
38.966918881303954 40.44034464773393
38.46161616161617 40.00315153696003
38.99420993156545 40.89678211133212
39.02268973365937 40.22854915172967
39.01567184348373 40.90136075399923
38.572691763096216 40.88206031047127
38.74538689730899 40.32622635168766
40.0113492828901 41.589194092793036
38.898878952660496 40.90136075399923
38.2740668848474 40.54641976572552
39.46597513978232 41.03789473601318
38.71533749672414 40.87296300279004
38.53313331204656 40.88206031047127
38.958179901058884 40.7317584428085
39.14287262291047 40.83357766766638
39.81802695783595 41.57423103324638
39.282188164362886 40.92925011325951
38.898878952660496 41.136836828899185
38.812908181745286 41.136836828899185
38.972819752198504 41.407507832735185
38.839512128590876 40.84847122229571
38.51015821163158 41.43711333039218
39.21511448414679 40.777797173661085
39.668031827241975 41.237421775153265
38.335438807832396 40.55906813075729
38.75114293718931 40.45203214424247
38.75114293718931 40.75584324104706
39.87986091701804 41.30611162071398
39.317687386602515 41.680083364830054
38.75114293718931 40.83357766766638
38.921212121212136 41.15791501461766
38.70070130350954 41.459495507046896
38.99569194050088 41.15998354293961
38.47915465549307 41.221826216503594
38.512262697229765 40.07110185962052
38.66428123904443 40.588901723173635
39.811515682578154 41.3549204243355
38.71533749672414 41.15998354293961
39.022425924388415 40.54641976572552
38.53056336086683 40.87296300279004
39.349705715286106 40.938900321539464
39.50382063281073 41.38522832513913
38.65640619559687 40.87296300279004
38.42327082629383 40.7317584428085
39.51349847853363 41.38919176700712
38.51414141414143 40.23666723904627
39.01544613568297 41.161879985959416
38.88488102729473 41.161879985959416
38.8989272517348 40.7317584428085
38.877894620694555 40.34457188932058
39.40777513685434 41.23373384433745
39.48060962558474 41.068720174617916
39.34027408685888 41.104786313255325
39.05636259933568 41.11619846383713
39.48060962558474 41.211899441052125
38.958179901058884 40.90136075399923
38.19790368909062 40.49167503308644
39.20737586869008 41.36150295813639
39.55553646792507 41.4203710623799
39.23880156648835 41.16218080496099
39.56982477213667 41.49053436058332
38.50959107964649 40.64797804751933
39.01544613568297 41.18504410542359
39.761942039399464 41.49053436058332
39.12944956626128 41.161879985959416
39.48060962558474 41.198201046582064
39.08008170184693 41.39329120559097
38.26430759485912 40.98225421946556
39.45372011472344 41.13525628936078
38.28754285742223 41.59729358433161
39.12944956626128 41.15148321491871
40.12952372343446 41.63841280776363
38.812908181745286 40.87296300279004
38.67860015229721 40.477860591878205
38.956718034921096 41.39329120559097
39.446963696828185 41.51347703127539
38.9419359711499 41.65293110568342
39.150846768799966 40.67513860096578
38.512262697229765 39.9981325875121
38.67860015229721 40.816890114374104
39.28137519117647 41.36150295813639
39.20737586869008 41.18504410542359
39.01567184348373 40.90429325343435
39.05636259933568 40.89678211133212
38.8989272517348 40.90530101003919
38.77483283851564 41.15330765236119
39.710801851419525 41.60144368911319
39.102960148791226 41.265790945385326
38.88488102729473 41.14491858114723
38.88488102729473 40.816890114374104
38.77483283851564 41.435895201986135
38.65640619559687 40.7317584428085
38.71774853301816 41.15330765236119
39.50382063281073 41.41692502937349
38.88488102729473 40.90136075399923
38.540404040404056 40.7312471768875
38.98259833728355 40.21175560843574
39.102960148791226 41.265790945385326
39.142921224941276 40.882604061339094
39.57568035956346 41.25539050051895
38.66428123904443 40.84847122229571
39.257577024735504 41.403000561066676
39.06749337981952 41.568686868686875
38.88488102729473 40.861592495327294
38.71533749672414 40.335894357100685
38.856405197874345 40.798386642641944
39.10013245100386 40.90429325343435
39.02565600824004 40.30110818497484
39.30897049371844 41.161879985959416
39.11489744682107 40.683339104588555
40.44738204543495 41.71978112585412
39.40777513685434 41.41466607584004
39.083133419747014 41.15651137995536
39.50382063281073 41.298477977732624
39.50950902015094 41.51347703127539
38.67313713833534 41.19494837719136
38.898878952660496 40.77804512829271
40.48531487048736 41.62046138784905
39.666799363903415 41.633582509998874
38.786520008858815 41.741202648079295
38.856405197874345 40.798386642641944
39.28137519117647 41.455249243178116
38.43207152311173 40.54098989646744
39.23880156648835 41.21004237342043
38.75383131252492 40.335894357100685
39.39785281636355 40.98921063968075
39.36024609558587 40.760243270083784
38.57097131595698 40.798386642641944
39.31760312502676 41.06536362854623
38.856405197874345 41.147023157083204
38.86394620204799 41.773823862222976
38.51414141414143 40.46852072836969
39.10502552244118 41.347455060098426
38.958179901058884 41.29679286686703
39.51832362146082 40.9926095085018
38.08736130940615 40.98225421946556
40.03625076134939 41.524631098614044
39.3827891455602 41.00444199111285
38.130449121249306 40.02138473543159
38.66428123904443 40.882604061339094
39.50986812826896 41.15998354293962
39.62937714011593 41.09574320349553
37.84994707653817 40.19042070123902
38.75383131252492 40.54641976572552
38.898878952660496 41.23373384433745
38.87935121333551 40.30238703712054
39.03106702770399 40.66936285509385
38.75383131252492 41.15998354293961
39.187725156745884 41.45645953657482
37.84729025286247 39.35933086637437
38.81571091580386 41.628280324736934
39.23880156648835 41.147023157083204
38.98744887700398 40.41470719882712
38.71533749672414 41.136836828899185
39.24029287134205 41.10367964989245
38.51414141414143 40.38223988392349
39.12944956626128 41.298477977732624
39.14287262291047 40.90530101003919
38.921212121212136 40.70576798593481
39.21184711514958 41.431571595186945
38.99569194050088 41.161879985959416
38.921212121212136 40.60688533519522
39.000000000000014 40.22163321973724
38.856405197874345 40.90429325343435
40.1232440633417 41.69352841302021
39.01567184348373 41.136836828899185
38.996915169766595 40.84847122229571
38.8989272517348 41.11619846383713
39.635736874190094 42.01339653782615
39.61254805789566 41.53603797598175
39.27044488904429 40.6848820609641
38.66428123904443 40.7317584428085
38.996915169766595 40.90429325343435
38.413572701081335 41.11940173462495
39.05333387825139 41.45334416958784
39.263229954011095 41.431571595186945
39.68856376899359 41.65293110568342
39.328988820171524 40.93932539164054
38.797747657955675 41.53333333333334
38.35681585624989 39.94927053515461
39.02268973365937 40.35650169481255
38.53313331204656 40.85145159103759
40.86352646519914 41.81596497803056
39.07383250016886 41.44138104686195
39.34823392071539 41.32995149179142
39.275889849190705 40.61021718527618
39.680176974921494 41.191609582783535
38.57097131595698 40.75584324104706
39.100858470740896 40.85437953378404
39.51359155338516 41.104786313255325
38.856405197874345 40.84847122229571
38.839512128590876 40.87296300279004
38.02252072154539 39.88435249431539
38.958179901058884 40.90136075399923
38.856405197874345 40.335894357100685
39.30897049371844 41.18504410542359
39.10013245100386 40.87296300279004
38.67860015229721 40.28737860948603
39.57568035956346 41.13525628936078
38.839512128590876 41.10367964989245
38.87296356886862 41.62001606808124
39.440365990268475 41.25610114083299
38.996915169766595 40.882604061339094
39.08165817096738 40.54684080288629
38.856405197874345 40.582287187212025
40.22687967708105 41.54128287369255
39.14011863265248 40.17065998483276
38.87107815738258 40.44034464773393
38.96782809862476 40.3004785004297
37.75721810926446 39.521287868775175
38.33054254244441 40.07110185962052
38.587010892517945 41.20106137082678
38.8989272517348 40.882604061339094
38.958179901058884 41.11619846383713
37.84343469691697 40.03448825607062
39.20039373546415 41.431571595186945
38.398677736911644 41.07037546584426
38.512262697229765 40.38223988392349
38.99569194050088 41.16218080496099
39.150846768799966 41.10367964989245
38.231526762357326 39.71794371116446
38.70261735991701 39.85263637486258
38.77918304809081 40.42644036061681
39.680176974921494 41.25539050051895
39.21511448414679 40.90341638833096
38.6545222822288 41.50774855099863
39.022425924388415 41.10367964989245
38.958179901058884 40.861592495327294
38.51414141414143 40.477860591878205
39.15899493957294 41.62001606808124
39.21184711514958 41.581485685079876
38.856405197874345 40.335894357100685
40.10894448049937 41.21984068166699
38.724523474949784 41.15330765236119
39.21511448414679 40.89035097451587
38.65640619559687 40.39460243434962
39.43199561013201 41.680083364830054
38.80989833992881 41.17760817620184
38.75383131252492 41.15998354293961
39.03106702770399 40.155467864258284
38.54586030164306 40.095094019412635
38.43750048385421 40.75584324104706
38.75114293718931 41.15791501461766
38.97549320424195 40.069090459756175
39.57568035956346 41.157019427396655
39.20254553719674 40.87296300279004
38.221234529413344 40.49167503308644
39.424524974761 41.068720174617916
38.45927145786925 41.1788187115111
39.69473523657592 41.53603797598175
38.75383131252492 40.77804512829271
39.01544613568297 40.67784891149617
39.05636259933568 40.83357766766638
38.26430759485912 40.6584804502821
38.75114293718931 40.42644036061681
38.891384598879476 41.2068839557968
38.996915169766595 40.582287187212025
38.61419719724338 40.18373461046514
38.95604151239404 41.20942168689859
38.67860015229721 40.582287187212025
38.512262697229765 40.70576798593481
38.512262697229765 40.21626374669068
39.345388486160786 41.32995149179142
38.88488102729473 40.798386642641944
39.482700911457854 41.60174507889915
39.59632908487757 41.25539050051895
38.37349897898344 40.50179525963513
39.34027408685888 41.170147083767404
39.142921224941276 41.1272571268967
39.12878689539518 40.905599953911874
38.67860015229721 40.29367720721579
38.67860015229721 40.424287100910504
39.486428064364304 41.41692502937349
38.43750048385421 40.18373461046514
39.01544613568297 41.15148321491871
38.47400882926034 40.128554853216116
38.857126692030945 40.219903287777605
37.875571310134504 40.383144102360475
38.9419359711499 41.70967707907728
39.20107450148662 41.46743410990402
39.148380720948595 40.92213414952784
38.57097131595698 40.67784891149617
39.01544613568297 41.33197517572182
39.82825243984874 41.92552161580523
38.77247106815824 40.798386642641944
39.01544613568297 40.798386642641944
39.14287262291047 41.38919176700712
38.26954491446424 40.17444568322682
38.57097131595698 40.70576798593481
39.61254805789566 41.46853284308367
38.65840551259289 41.20549750736653
38.94345190215231 41.449683457926746
39.59504617522412 41.37410029648698
39.08008170184693 41.42027421350689
38.27522738076894 40.87606927523573
38.772246767287314 40.39460243434962
38.906803392409586 40.933001191485204
38.996915169766595 40.84847122229571
38.665393416777476 39.963623205204236
38.839512128590876 40.89678211133212
39.14011863265248 40.10894448049937
39.667518137426065 41.2897645226913
38.51414141414143 40.87296300279004
39.24029287134205 41.31508170316673
38.817866063537025 41.39329120559097
38.915714840431754 41.16633865665913
38.996915169766595 40.70576798593481
38.35681585624989 40.50179525963513
38.88488102729473 40.816890114374104
39.38844565317995 41.298477977732624
38.898878952660496 41.15651137995536
38.713884743000925 41.208277454371476
38.57097131595698 40.54641976572552
38.77247106815824 40.87296300279004
37.96877829300508 40.31668070945246
38.856405197874345 40.77804512829271
39.10013245100386 40.62133550757826
38.88488102729473 40.67784891149617
39.148380720948595 40.58772761479559
39.022425924388415 41.15148321491871
38.97549320424195 40.27879489279365
39.28137519117647 41.37410029648698
38.27010851128174 40.79492244571051
38.8818181818182 40.25220014388567
38.772246767287314 40.70576798593481
38.839512128590876 40.59384585247057
38.93247876003466 40.44034464773393
38.587010892517945 41.16633865665913
39.12906340582536 40.6800209813497
39.251637912880405 40.42263091638558
39.14287262291047 41.38522832513913
38.4303200677327 41.2708616435463
39.159814113983366 41.45645953657482
39.8446975191865 41.261642829988894
39.018048428073136 41.568686868686875
39.120244518598646 41.25610114083299
39.42076462305992 41.104786313255325
38.37349897898344 40.32932105227001
38.812908181745286 40.64797804751933
38.921212121212136 40.816890114374104
39.05636259933568 41.15330765236119
38.48313754749483 40.72754073573048
39.37422266588753 41.160865908189564
38.53063151184161 40.059787948318416
40.47147259425468 41.67495449095159
39.01544613568297 40.798386642641944
38.50959107964649 40.816890114374104
38.63065235308141 41.19494837719136
39.10013245100386 40.90136075399923
38.898878952660496 40.70576798593481
39.114412666738744 42.08827650276085
39.84015016126438 41.443426966001866
38.858255104903556 40.35767114383094
39.87986091701804 41.32378924608159
39.35031224944556 41.347455060098426
39.14011863265248 40.42263091638558
39.90516227020563 42.05600406942964
38.65645419360312 40.582287187212025
39.257577024735504 41.31508170316673
38.996915169766595 41.15651137995536
39.36534124755896 40.50711360383096
38.8989272517348 40.77804512829271
38.65640619559687 41.1272571268967
38.41549257005521 40.17444568322682
39.08008170184693 41.69145160946794
38.5740981896944 41.48101251505388
38.431731170616466 41.249013633652716
38.64895855721416 41.03690353672412
38.906803392409586 40.903416388330946
39.18074756356348 41.85556041617812
39.022425924388415 40.798386642641944
39.82825243984874 41.77387079835606
39.01567184348373 40.882604061339094
39.072604023824915 41.45334416958784
39.05636259933568 41.12933913818402
39.05636259933568 40.70576798593481
39.45372011472344 41.09713814773983
38.75114293718931 40.39460243434962
39.022425924388415 40.83357766766638
38.99420993156545 40.861592495327294
39.21511448414679 40.840962734401174
38.77918304809081 41.15148321491871
38.96298012310366 41.29679286686703
39.022425924388415 41.36150295813639
38.988417786858136 40.55526297614951
39.696808517069385 41.32294659910102
38.906803392409586 40.50850570078055
39.318923568578604 41.461689808277086
39.37422266588753 41.14491858114723
38.898878952660496 40.861592495327294
38.74205062522075 40.095619924185705
39.80726820132486 41.581485685079876
39.13533126070828 40.66936285509385
38.812908181745286 40.7317584428085
38.43750048385421 40.489052201868176
38.988417786858136 40.25220014388567
39.349705715286106 41.120729916490475
38.35681585624989 40.362954903553465
39.282188164362886 40.9803719161024
39.10013245100386 40.568205113891054
38.29038646680534 40.21626374669068
39.01544613568297 41.11789730908106
38.724022003300746 40.25736616401602
39.12944956626128 41.37410029648698
38.839512128590876 40.83357766766638
38.59740942942861 40.87296300279004
38.724523474949784 41.121874369249696
39.811515682578154 41.36261656305807
39.12878689539518 41.136836828899185
39.35031224944556 41.277126718981435
38.544747631436366 41.513430387714585
38.67313713833534 41.01092436337635
38.99478420054793 40.524219576130484
39.446278660692926 41.51347703127539
38.90825143342485 42.098352298215104
39.61254805789566 41.46853284308367
38.53313331204656 41.198044324810894
38.958179901058884 41.10367964989245
38.906803392409586 40.54641976572552
39.446963696828185 41.46790826329841
40.26792550537715 41.38566953532664
38.85921526945507 40.84847122229571
40.28828118457245 41.70967707907728
38.99420993156545 41.31508170316673
38.99569194050088 41.347455060098426
38.43750048385421 39.9981325875121
38.6545222822288 41.48039060045951
39.263229954011095 41.461689808277086
38.512262697229765 40.32932105227001
38.57097131595698 40.77804512829271
39.440365990268475 41.33197517572182
38.67860015229721 40.890536789905326
39.05636259933568 41.14491858114723
38.26430759485912 41.09584526758435
39.01544613568297 40.89678211133212
38.70935093595571 40.16873481802393
38.77918304809081 40.54641976572552
38.42470087109952 41.594657444015226
40.0910476544735 41.454590323799394
38.71533749672414 40.90136075399923
38.93247876003466 40.29279923545774
38.50959107964649 40.362954903553465
39.12878689539518 40.89678211133212
38.15932294034285 40.79492244571051
38.99478420054793 40.38715702634998
39.07400506758544 40.47218309852037
38.66428123904443 40.861592495327294
38.915714840431754 41.45645953657482
39.17591806872035 40.83957648541972
39.24029287134205 40.90429325343435
38.42327082629383 40.23666723904627
39.08008170184693 41.70132259104259
39.345388486160786 41.31508170316673
38.99420993156545 41.16218080496099
39.36562670693328 41.33197517572182
39.27044488904429 40.66036784318896
39.3013440875894 41.161879985959416
38.53056336086683 40.89678211133212
38.88488102729473 40.90429325343435
39.12944956626128 41.15998354293961
39.0519075061519 41.46790826329841
38.77918304809081 41.15148321491871
39.39785281636355 40.66036784318896
39.87986091701804 41.54128287369255
38.9419359711499 41.461689808277086
38.91490077227327 41.20106137082678
38.61698975248887 40.84847122229571
39.10013245100386 41.14491858114723
39.48060962558474 41.12769558683915
38.752615708151765 40.890536789905326
38.4303200677327 41.16086590818957
38.906803392409586 40.75584324104706
39.02268973365937 40.155467864258284
39.405100668005915 41.70967707907728
39.44844395962694 41.298477977732624
38.27923565812949 40.91351124137309
37.98298580954661 40.151703785632776
39.74074400630309 41.470401559193675
39.218606855762175 40.68490111586721
39.48060962558474 41.18597931020798
38.642495525073606 40.52385875336
39.05636259933568 40.816890114374104
39.136864449498276 40.6685944399065
39.20107450148662 41.56016005196423
38.839512128590876 40.798386642641944
39.022425924388415 40.83357766766638
38.35681585624989 39.9981325875121
39.349705715286106 40.938900321539464
39.01567184348373 40.83357766766638
39.22385259291249 40.6841336903034
38.621691195227584 41.38903733436488
39.102960148791226 41.37410029648698
39.07709617449614 40.25461605684087
39.374889493364336 41.347455060098426
38.77247106815824 40.83357766766638
39.31760312502676 40.94162820733064
39.73035661172859 41.63718465404962
38.51414141414143 40.23666723904627
38.83026918548083 41.465354614248795
38.512262697229765 40.64797804751933
38.856405197874345 40.42644036061681
39.424524974761 40.94139566650969
38.65640619559687 40.84847122229571
38.401620911664146 40.75584324104706
38.13333333333335 41.042969253391526
38.642495525073606 40.17444568322682
38.996915169766595 40.870893969537875
38.75114293718931 40.45203214424247
38.83026918548083 40.3004785004297
38.66464571242897 41.49999458929164
39.328988820171524 40.90280313349291
39.56885671916783 41.0949494949495
38.67860015229721 40.335894357100685
39.30897049371844 41.277126718981435
39.22646619975887 40.6841336903034
37.95980039997485 40.35905183704842
38.96298012310366 40.816890114374104
39.13533126070828 40.66936285509385
39.29686104978185 41.65293110568342
38.839512128590876 40.87296300279004
39.187725156745884 41.60174507889915
38.35221142418111 41.09584526758435
39.282188164362886 40.9803719161024
38.4303200677327 41.1788187115111
38.755344796666236 40.11624718339596
38.67860015229721 40.335894357100685
39.36534124755896 40.96800346909652
38.65640619559687 40.50850570078055
38.99420993156545 40.83357766766638
39.322207714341026 40.89678211133212
38.856405197874345 40.89678211133212
38.27522738076894 40.98225421946556
39.527768073527284 41.38919176700712
38.71533749672414 41.15791501461766
38.41544487124033 40.861592495327294
38.43750048385421 40.582287187212025
39.486428064364304 41.347455060098426
39.75769423522282 41.12769558683915
38.81571091580386 41.71612622156692
39.748807729135216 41.60174507889915
38.51015821163158 41.249013633652716
40.26082325300603 41.66422770367725
38.67860015229721 40.67784891149617
38.75383131252492 40.50850570078055
39.870875814889715 41.63718465404962
40.18373461046514 41.478392611332566
38.772246767287314 40.816890114374104
39.26039809849853 41.15330765236119
38.84270542634084 40.059787948318416
38.87296356886862 41.121874369249696
39.405100668005915 41.63718465404962
38.99569194050088 41.12933913818402
39.072604023824915 41.6672369067866
38.88488102729473 41.089719318197275
39.51676921094792 40.962900412823466
39.05810469721421 41.42027421350689
39.142921224941276 40.890536789905326
40.138465585459436 41.4096385084989
38.642495525073606 40.882604061339094
38.156713018192704 39.825960898975204
39.62981814811831 41.40336170758501
39.75998683304336 41.21984068166699
39.453304589430694 41.4923729190273
39.87937984991273 41.30611162071398
38.35681585624989 40.18373461046514
38.99420993156545 40.90530101003919
39.275889849190705 40.78208861129585
38.958179901058884 40.616132007218475
38.915714840431754 41.461689808277086
38.65840551259289 41.20106137082678
38.812908181745286 40.52385875336
38.839512128590876 40.70576798593481
39.12944956626128 40.798386642641944
39.24029287134205 41.23373384433745
39.01544613568297 40.64797804751933
38.4303200677327 40.948898167784115
38.958179901058884 40.90136075399923
38.37349897898344 40.84847122229571
38.95604151239404 41.46743410990402
39.34823392071539 41.38919176700712
39.15899493957294 41.568686868686875
38.958179901058884 40.54641976572552
39.02268973365937 40.22854915172967
38.77247106815824 40.816890114374104
39.29686104978185 41.4615352102352
39.56982477213667 41.4923729190273
39.93751074643042 41.82084663883461
38.67313713833534 41.13849350883339
38.8989272517348 41.15791501461766
38.81463942040923 41.191310484255965
37.799544022066236 40.13141930840653
38.812908181745286 40.882604061339094
38.906803392409586 41.14491858114723
38.817866063537025 41.191310484255965
38.59740942942861 40.84847122229571
38.921212121212136 40.7317584428085
38.772246767287314 41.136836828899185
40.641115700870536 41.737681682293605
38.99569194050088 40.798386642641944
38.65645419360312 41.089719318197275
38.35681585624989 40.77804512829271
38.63799299792653 40.21175560843574
38.921212121212136 40.70576798593481
38.50959107964649 40.13052072633602
39.526428656400746 41.524631098614044
39.01567184348373 41.347455060098426
38.156713018192704 39.76635178778797
39.083133419747014 40.67784891149617
40.41160297769688 41.58214526183185
38.83026918548083 41.46395946930464
38.772246767287314 40.84847122229571
39.251637912880405 40.68490111586721
39.14287262291047 41.31508170316673
38.958179901058884 40.861592495327294
39.611559135748934 41.56016005196423
39.24029287134205 41.15791501461766
39.328988820171524 41.148347025386826
39.26719454445416 41.15998354293961
38.65645419360312 40.90136075399923
38.956718034921096 41.46395946930464
38.88488102729473 41.15148321491871
39.55553646792507 41.36150295813639
38.958179901058884 41.15791501461766
39.59632908487757 41.3549204243355
39.12878689539518 41.15791501461766
39.76144101556637 41.18313106020424
38.47256513115033 41.10342817274627
38.77483283851564 41.20942168689859
39.328988820171524 40.938900321539464
38.95604151239404 41.461689808277086
39.12944956626128 40.89678211133212
38.856405197874345 40.89678211133212
38.61419719724338 40.28737860948603
38.772246767287314 40.83357766766638
39.50643085360105 41.381178275847006
39.01544613568297 41.15148321491871
38.75171362651632 40.1803865368872
39.56885671916783 40.9926095085018
38.812908181745286 40.45203214424247
39.24029287134205 41.347455060098426
39.293396243616144 40.93932539164054
39.263229954011095 41.721758739399704
38.898878952660496 40.70576798593481
39.526428656400746 41.39486811593374
40.568205113891054 41.32294659910102
39.50382063281073 41.37410029648698
38.59740942942861 40.816890114374104
39.03106702770399 40.6685944399065
39.611559135748934 41.51347703127539
38.83026918548083 41.461689808277086
38.66428123904443 41.139040670384844
38.43750048385421 40.13052072633602
39.26719454445416 41.160865908189564
39.15226974939656 40.30110818497484
38.398677736911644 40.787131497114295
38.80989833992881 41.208277454371476
37.848471644421416 41.18668127938338
38.26430759485912 40.863087543166245
38.642495525073606 40.54641976572552
38.885539567459986 41.15791501461766
38.71533749672414 40.54641976572552
39.12878689539518 41.136836828899185
39.870875814889715 41.86238922807735
39.19451792115324 41.29679286686703
39.150846768799966 41.03937292331283
38.87296356886862 41.46790826329841
39.728252208240555 41.32378924608159
38.996915169766595 40.816890114374104
39.10013245100386 40.89678211133212
39.40462019037343 41.86238922807735
39.24029287134205 41.38919176700712
39.654960864333226 41.524631098614044
39.461091745442786 41.1788187115111
39.102960148791226 40.87296300279004
39.56422324751358 41.36261656305807
38.71321243751781 41.15330765236119
39.00696626371587 40.17065998483276
39.486428064364304 41.39486811593374
38.787639658302275 40.32622635168766
39.142921224941276 41.15148321491871
38.578455993615634 40.882604061339094
38.740167953939505 41.16633865665913
38.64314996028639 40.90429325343435
38.839512128590876 40.84847122229571
38.59740942942861 40.362954903553465
40.24049976827459 41.478392611332566
38.921212121212136 41.158756252499714
38.43535353535355 39.800159277730124
39.20107450148662 41.680083364830054
38.898878952660496 41.10469373271193
39.48060962558474 41.06536362854623
39.22385259291249 40.89035097451587
38.996915169766595 40.89678211133212
39.74270795619231 41.74838972181489
39.42076462305992 41.027201677545776
39.915609823856386 41.82942694011426
39.453304589430694 41.277126718981435
39.46988466409726 40.942311599087766
39.20254553719674 41.11619846383713
39.01567184348373 41.08970675808812
37.895632537878235 40.79492244571051
38.75383131252492 40.67784891149617
39.241523773327536 41.00856424959503
39.10013245100386 41.10367964989245
38.958179901058884 40.84847122229571
39.59181007251306 41.157019427396655
39.142921224941276 41.15651137995536
39.05636259933568 40.582287187212025
38.65640619559687 40.84847122229571
39.05333387825139 41.62001606808124
39.27198961027532 40.66036784318896
39.50986812826896 41.18313106020424
38.19076803146448 41.07037546584426
39.56422324751358 41.025009076920654
38.856405197874345 40.50850570078055
39.50986812826896 41.120729916490475
39.59504617522412 41.409606371579756
38.57097131595698 40.77804512829271
38.812908181745286 40.77804512829271
39.11489744682107 40.6800209813497
38.67860015229721 40.798386642641944
39.3827891455602 41.104786313255325
38.898878952660496 40.882604061339094
39.01567184348373 41.16218080496099
39.14287262291047 41.0575477577523
39.317687386602515 41.66418254662826
39.10013245100386 40.90136075399923
39.93751074643042 41.88107810250827
39.57568035956346 41.13525628936078
39.5440052414777 41.03738263627781
39.01567184348373 41.161879985959416
39.597137540295435 41.39486811593374
39.12878689539518 40.861592495327294
39.30897049371844 41.41692502937349
39.526428656400746 41.53603797598175
39.94580720978431 41.41517731001482
38.8818181818182 40.41470719882712
38.70070130350954 41.18305982554383
37.6417127901963 39.599202504411785
39.36024609558587 40.17065998483276
38.65640619559687 40.616132007218475
39.56430803762105 41.65293110568342
39.282188164362886 41.027201677545776
38.996915169766595 40.84847122229571
38.856405197874345 40.882604061339094
39.022425924388415 41.1272571268967
38.61419719724338 40.45203214424247
38.197903689090616 40.07110185962052
39.187725156745884 41.461689808277086
39.43353061816744 41.46395946930464
39.275889849190705 40.6685944399065
39.29686104978185 41.60144368911319
39.94580720978431 41.454590323799394
38.958179901058884 40.52385875336
38.857126692030945 40.29279923545774
38.37349897898344 40.28737860948603
38.77483283851564 41.208277454371476
39.611559135748934 41.70967707907728
40.0910476544735 41.49847682320228
38.66428123904443 40.616132007218475
39.45372011472344 40.942311599087766
38.84242424242426 40.09297138448657
38.839512128590876 40.46852072836969
39.67181576579276 41.12769558683915
39.14287262291047 40.882604061339094
38.51934260861399 41.30041175496792
38.921212121212136 40.816890114374104
37.895632537878235 40.49957778355624
38.47400882926034 40.75584324104706
38.221234529413344 40.53165718135602
38.67860015229721 40.54641976572552
38.79516261605089 41.71612622156692
39.62937714011593 40.91495030005556
38.35221142418111 41.11940173462495
39.05333387825139 41.20895048909788
38.898878952660496 40.77804512829271
38.11772200204995 39.82132215367309
39.15899493957294 41.680083364830054
39.012868354637035 40.882604061339094
38.87107815738258 40.38715702634998
38.62877869414286 40.25736616401602
39.05636259933568 40.882604061339094
39.22646619975887 40.93932539164054
38.921212121212136 40.50850570078055
38.83044067721349 40.219903287777605
39.022425924388415 41.16218080496099
38.94345190215231 41.459495507046896
38.958179901058884 41.160865908189564
38.856405197874345 40.7317584428085
39.48060962558474 41.148347025386826
38.63799299792653 40.059787948318416
39.162130219971125 41.15148321491871
39.12944956626128 41.07433592632497
38.642495525073606 40.75584324104706
38.99420993156545 41.15998354293961
39.24029287134205 41.161879985959416
38.11772200204995 39.87841701906209
39.62147792524147 40.98921063968075
38.921212121212136 40.50850570078055
38.877894620694555 40.11261282577319
38.47915465549307 41.07037546584426
39.14287262291047 40.83357766766638
38.75383131252492 40.424287100910504
39.22646619975887 40.92213414952784
38.77247106815824 40.83357766766638
38.99420993156545 40.90429325343435
38.8989272517348 40.83357766766638
38.783311507787054 39.973641720813795
38.956718034921096 41.449683457926746
38.502987247303096 39.963623205204236
39.21511448414679 40.64783909045507
39.022425924388415 40.77804512829271
39.69473523657592 41.49053436058332
38.99420993156545 41.15998354293961
39.24029287134205 41.11619846383713
38.99569194050088 41.25610114083299
39.10013245100386 41.1272571268967
39.083133419747014 41.298477977732624
38.956718034921096 41.411442252827314
39.34823392071539 41.33197517572182
38.99234312414459 40.00190734400946
38.858255104903556 40.32622635168766
39.05636259933568 40.90136075399923
38.43750048385421 40.582287187212025
38.996915169766595 40.861592495327294
39.440365990268475 41.29679286686703
38.958179901058884 41.10469373271193
39.251637912880405 40.30110818497484
38.71533749672414 40.582287187212025
39.20039373546415 41.63718465404962
39.51832362146082 40.916722654338336
39.24029287134205 41.139040670384844
38.8989272517348 41.1272571268967
40.00938181247938 41.32378924608159
39.59632908487757 41.068720174617916
39.20254553719674 41.102379822831296
38.57097131595698 40.890536789905326
39.24029287134205 41.136836828899185
39.000000000000014 40.01497075642744
39.05810469721421 41.407507832735185
39.87937984991273 41.36261656305807
38.812908181745286 40.42644036061681
39.10013245100386 40.89996586877075
38.99420993156545 40.89678211133212
39.22385259291249 40.92213414952784
38.67860015229721 40.616132007218475
38.856405197874345 40.77804512829271
39.159814113983366 41.407507832735185
38.906803392409586 40.89678211133212
39.150846768799966 41.23373384433745
38.898878952660496 40.54641976572552
39.297511146161746 40.68490111586721
38.88488102729473 41.14491858114723
38.839512128590876 40.38223988392349
38.88488102729473 40.84847122229571
39.84015016126438 41.3549204243355
39.20254553719674 41.15148321491871
39.12878689539518 41.14491858114723
39.10013245100386 41.161879985959416
38.812908181745286 40.882604061339094
39.68775614425408 41.443377773160336
38.51015821163158 41.4190479179032
38.898878952660496 40.87296300279004
38.71774853301816 41.121874369249696
39.345388486160786 41.00444199111285
38.70070130350954 41.15330765236119
38.37349897898344 40.32932105227001
38.67313713833534 41.20942168689859
39.150846768799966 40.28230650151012
39.02268973365937 40.32157825131299
39.018486046872844 41.716495660757374
38.51105467022007 40.87296300279004
38.812908181745286 40.54641976572552
39.4195398421737 41.60174507889915
39.592182892648204 40.9803719161024
39.22646619975887 40.94139566650969
38.898878952660496 40.582287187212025
38.87107815738258 40.50600735785304
38.50959107964649 40.64797804751933
39.26039809849853 41.38522832513913
38.572691763096216 40.86554476483948
39.102960148791226 41.15148321491871
39.022425924388415 41.16218080496099
39.14287262291047 41.10367964989245
38.988417786858136 40.55526297614951
38.772246767287314 40.616132007218475
38.53313331204656 41.16633865665913
38.572691763096216 40.95312125013464
39.12878689539518 40.89678211133212
38.772246767287314 40.83357766766638
40.498497193019574 41.478392611332566
38.775267729456864 41.360581340994564
40.12096634675296 41.82084663883461
38.65640619559687 40.75584324104706
39.142921224941276 41.36150295813639
39.150846768799966 40.27879489279365
39.18074756356348 42.07674059547942
39.022425924388415 41.36150295813639
38.66428123904443 40.28737860948603
37.919457860504075 40.19745759415394
39.811515682578154 41.36413533540788
39.82391927450287 41.54128287369255
38.67313713833534 41.13849350883339
38.915714840431754 41.45334416958784
38.75114293718931 40.54641976572552
38.856405197874345 41.139040670384844
39.52858614609742 40.942311599087766
39.652269619847836 41.63718465404962
39.10013245100386 40.90136075399923
39.03106702770399 40.25461605684087
38.83044067721349 40.29279923545774
38.66428123904443 40.89996586877075
39.02268973365937 40.20057144289042
38.75114293718931 40.335894357100685
38.9674234984397 41.70967707907728
38.48313754749483 40.90973188800537
39.01544613568297 41.15148321491871
38.59740942942861 40.38223988392349
38.88488102729473 40.861592495327294
39.219967438275205 40.66936285509385
38.915714840431754 41.46790826329841
38.47915465549307 41.194948377191366
39.05636259933568 40.90136075399923
38.898878952660496 40.77804512829271
39.696808517069385 41.38566953532664
37.788759946922745 40.30156515340403
39.35031224944556 41.298477977732624
39.01567184348373 40.90429325343435
39.51359155338516 41.30611162071398
38.812908181745286 40.87296300279004
39.27198961027532 40.82177284264566
39.275889849190705 40.85599736706396
39.92602893370338 41.41692502937349
39.14011863265248 40.6387837525527
38.76986653179883 40.07348976277724
38.43750048385421 40.87296300279004
38.83044067721349 40.29279923545774
38.996915169766595 40.798386642641944
39.75769423522282 41.514165416836356
38.75114293718931 40.39460243434962
39.3013440875894 41.16061147279486
39.87986091701804 41.25539050051895
38.79516261605089 41.76756550093148
38.47046190632719 39.71195379999488
39.34027408685888 40.92925011325951
38.88488102729473 40.89678211133212
38.61419719724338 40.816890114374104
39.26719454445416 41.29679286686703
39.20737586869008 41.347455060098426
40.13052072633602 41.49053436058332
40.33881682421224 41.794949494949506
38.67860015229721 40.46852072836969
39.10442276905932 40.89035097451587
38.512262697229765 40.861592495327294
38.99420993156545 40.83357766766638
39.08008170184693 41.46675685355946
39.52858614609742 41.211899441052125
38.35221142418111 41.01360334000287
38.83026918548083 41.19494837719136
38.93247876003466 40.35767114383094
38.996915169766595 40.903416388330946
39.48060962558474 41.30611162071398
38.898878952660496 40.90429325343435
39.05636259933568 41.136836828899185
38.85921526945507 40.87296300279004
39.150846768799966 40.890536789905326
39.282188164362886 40.942311599087766
39.76144101556637 41.18313106020424
38.812908181745286 41.147023157083204
38.885539567459986 40.45203214424247
38.67860015229721 40.54641976572552
39.56422324751358 41.104786313255325
39.68775614425408 41.455249243178116
38.83026918548083 41.20942168689859
38.130449121249306 40.151703785632776
38.812908181745286 40.7317584428085
39.01544613568297 40.90136075399923
38.59439563818557 41.16633865665913
39.27044488904429 40.57449581944601
38.15932294034285 40.62127187536328
39.263229954011095 41.46675685355946
39.18619971704868 41.48815478879446
39.38839674629234 41.160865908189564
39.189267619407225 40.62133550757826
39.048464297552144 40.54684080288629
38.88488102729473 40.38223988392349
38.13333333333335 40.55435718914788
38.65645419360312 40.46852072836969
39.21005761422003 40.67555053973582
38.59740942942861 40.582287187212025
38.71533749672414 40.890536789905326
38.67860015229721 40.562461602620836
38.98744887700398 40.540630867496986
38.27522738076894 41.16086590818957
39.54052186936439 42.03989917344732
38.958179901058884 40.83357766766638
39.84015016126438 41.25539050051895
39.20254553719674 41.14491858114723
38.96298012310366 41.16218080496099
39.03106702770399 40.35650169481255
39.01567184348373 41.31508170316673
38.88488102729473 40.903416388330946
39.01567184348373 40.890536789905326
39.01567184348373 40.64797804751933
39.420254135284516 41.10629561847063
38.67137469693209 41.512885223486784
38.75383131252492 40.38223988392349
39.31760312502676 40.90341638833096
38.906803392409586 41.31508170316673
39.589788561890316 41.01636449147393
39.142921224941276 41.21004237342043
38.99420993156545 40.89996586877075
39.21511448414679 40.93932539164054
38.51414141414143 40.424287100910504
39.563354084343295 41.28233892308145
39.116794684572575 41.20549750736653
39.42164947004506 40.916722654338336
38.856405197874345 41.136836828899185
38.99420993156545 40.890536789905326
38.812908181745286 40.890536789905326
39.01544613568297 40.816890114374104
39.63267227510736 41.11316343344158
38.75383131252492 40.255999476276
38.47640483657066 40.8270445414103
39.018048428073136 41.431571595186945
38.53313331204656 40.80501540184646
39.000000000000014 40.25461605684087
38.95604151239404 41.30109843211472
38.512262697229765 40.67784891149617
38.64314996028639 40.89678211133212
39.60713369660106 40.92446190619549
39.59181007251306 41.211899441052125
38.95604151239404 41.461689808277086
39.1192678867462 41.459495507046896
39.10013245100386 40.798386642641944
39.40462019037343 41.4615352102352
39.20141027752849 41.38919176700712
39.74074400630309 41.25539050051895
38.740167953939505 41.18713766478615
38.57097131595698 40.816890114374104
38.88488102729473 41.16218080496099
39.10013245100386 40.905599953911874
38.77247106815824 40.77804512829271
38.856405197874345 40.75584324104706
38.812908181745286 40.59384585247057
39.11489744682107 40.6685944399065
38.772246767287314 40.50850570078055
38.77918304809081 41.136836828899185
39.260170974942966 41.15998354293961
38.604412239865916 40.01809002234883
38.87296356886862 41.2068839557968
39.102960148791226 41.16218080496099
39.0519075061519 41.465354614248795
38.82043980713152 40.90136075399923
39.01567184348373 41.15330765236119
38.87296356886862 41.20942168689859
38.67313713833534 41.20106137082678
39.23880156648835 41.07433592632497
38.95604151239404 41.34212473132514
38.906803392409586 41.15148321491871
38.67860015229721 40.67784891149617
39.01544613568297 40.816890114374104
38.958179901058884 40.89678211133212
38.8818181818182 40.29279923545774
38.398677736911644 41.01360334000287
38.93368716407574 40.58869864117363
39.424524974761 41.21984068166699
39.87986091701804 41.211899441052125
39.94580720978431 41.12769558683915
38.839512128590876 40.87296300279004
39.022425924388415 41.31508170316673
39.374889493364336 41.347455060098426
39.260170974942966 41.277126718981435
39.50665940179175 41.37410029648698
38.839512128590876 40.50850570078055
38.47400882926034 40.07110185962052
39.26719454445416 41.15998354293961
37.95270922184589 40.383144102360475
39.26719454445416 41.41692502937349
39.21511448414679 40.92925011325951
39.364643949146185 41.842306037231815
39.000000000000014 40.20057144289042
38.41544487124033 39.94927053515461
39.275889849190705 40.68490111586721
38.51414141414143 40.21626374669068
40.09335531740852 41.45743943074956
39.05636259933568 40.67784891149617
39.267460008471836 40.89678211133212
38.65640619559687 40.890536789905326
38.772246767287314 40.42644036061681
37.84343469691697 40.206887083569775
38.47915465549307 41.194948377191366
38.83026918548083 41.46743410990402
39.446963696828185 41.46675685355946
38.96782809862476 40.41470719882712
38.83026918548083 41.20942168689859
38.958179901058884 40.616132007218475
38.832025131097495 41.81413830331757
38.2740668848474 40.13052072633602
38.51105467022007 40.861592495327294
39.257577024735504 41.41692502937349
39.38562548159849 40.57449581944601
39.75769423522282 41.261642829988894
39.18619971704868 41.433635453166026
38.27007025836302 39.772785520515825
39.446278660692926 41.581485685079876
39.142921224941276 41.277126718981435
38.958179901058884 40.64797804751933
38.99420993156545 40.75584324104706
40.04145564051455 41.4096385084989
39.50382063281073 41.37410029648698
39.20254553719674 41.16061147279486
40.06366791223393 41.89835437863166
38.588394524149344 40.25736616401602
39.50986812826896 41.198201046582064
38.67860015229721 40.882604061339094
38.77247106815824 40.90530101003919
39.178775649229294 40.84231460790384
38.57097131595698 40.64797804751933
38.77247106815824 40.424287100910504
39.36024609558587 40.68326204391081
39.668031827241975 41.09713814773983
38.09436310893813 41.01360334000287
38.55590529396539 41.39912555594893
38.772246767287314 40.89678211133212
38.113146271305474 40.751168128680675
39.162130219971125 41.18504410542359
38.75383131252492 40.87296300279004
38.99478420054793 40.50600735785304
39.11996083861035 40.6685944399065
39.20039373546415 41.465354614248795
38.592776116006206 41.50036211441429
39.26719454445416 41.14491858114723
39.87937984991273 41.32294659910102
39.10013245100386 40.905599953911874
39.42076462305992 41.120729916490475
40.180520797919115 41.862692508334206
39.07383250016886 41.44138104686195
38.93247876003466 40.3004785004297
38.77247106815824 40.890536789905326
40.30689658976991 41.49608398243201
40.0910476544735 41.443426966001866
38.83044067721349 40.219903287777605
39.345388486160786 41.16218080496099
38.61419719724338 40.45203214424247
38.61419719724338 40.75584324104706
39.142921224941276 41.160865908189564
38.996915169766595 40.70576798593481
39.12878689539518 41.23373384433745
40.86986449112606 41.97683926993445
38.71533749672414 40.32932105227001
39.34027408685888 41.120729916490475
38.79253968613061 40.00476070906747
39.217277216972754 41.62001606808124
39.31760312502676 40.938900321539464
39.196691244413394 41.867523315108976
39.02565600824004 40.25461605684087
39.35031224944556 41.38522832513913
39.15899493957294 41.62001606808124
38.812908181745286 40.70576798593481
39.05636259933568 40.75584324104706
39.24029287134205 41.160865908189564
38.958179901058884 41.136836828899185
39.56430803762105 41.70132259104259
38.1841276529654 41.488606166036945
38.921212121212136 40.84847122229571
39.22385259291249 40.864407445926346
39.680176974921494 41.15151515151516
38.77247106815824 40.89678211133212
38.33364992508809 41.14106773053472
38.724523474949784 41.191310484255965
38.856405197874345 40.46852072836969
38.8989272517348 40.616132007218475
39.022425924388415 40.905599953911874
39.3267983259881 41.087443712446664
39.19451792115324 41.455249243178116
38.906803392409586 40.77804512829271
38.915714840431754 41.44138104686195
39.06394146692963 40.890536789905326
39.424524974761 41.13525628936078
39.48060962558474 41.170147083767404
40.18373461046514 41.32378924608159
38.88488102729473 40.90429325343435
39.01544613568297 41.277126718981435
38.67860015229721 40.50850570078055
40.61422037485005 41.76816634140566
38.89351862250854 40.01497075642744
38.27522738076894 40.83654788112835
38.75383131252492 40.75584324104706
39.74270795619231 41.894729640090496
39.74074400630309 41.4064505102626
38.99420993156545 40.798386642641944
38.70070130350954 41.15330765236119
38.956718034921096 41.2068839557968
38.812908181745286 41.160865908189564
39.424524974761 41.261642829988894
38.8989272517348 41.15330765236119
39.5010370154392 41.60174507889915
39.23880156648835 41.139040670384844
39.4646060229997 40.962900412823466
38.50432090889333 41.11940173462495
39.27044488904429 40.629767795357616
38.42327082629383 40.582287187212025
38.839512128590876 40.90136075399923
38.898878952660496 40.89678211133212
38.53056336086683 40.816890114374104
38.906803392409586 40.7317584428085
38.000936894838794 40.79492244571051
38.95604151239404 41.411442252827314
38.66428123904443 40.38223988392349
38.70070130350954 41.20549750736653
38.59740942942861 40.42644036061681
38.219538955644744 40.87606927523573
39.652269619847836 41.56016005196423
38.51105467022007 40.861592495327294
38.906803392409586 40.89678211133212
38.80989833992881 41.17760817620184
38.68979656151282 40.41470719882712
38.67860015229721 40.798386642641944
39.63127329474664 41.237421775153265
39.01567184348373 40.90136075399923
38.51414141414143 40.67784891149617
39.59632908487757 41.326324199146924
38.19378709579542 39.637113137331816
38.88488102729473 40.90530101003919
38.75114293718931 41.1272571268967
39.11489744682107 40.67555053973582
38.26430759485912 41.07037546584426
39.811515682578154 41.36363636363637
39.01544613568297 41.160865908189564
38.713884743000925 41.20895048909788
38.66428123904443 40.882604061339094
39.08008170184693 41.431571595186945
39.189267619407225 40.63546455092106
39.22646619975887 40.94162820733064
39.260170974942966 41.158756252499714
39.072604023824915 41.65293110568342
39.349705715286106 41.068720174617916
39.589788561890316 40.96800346909652
39.08008170184693 41.45645953657482
38.512262697229765 40.64797804751933
38.983166107605676 41.208277454371476
39.34823392071539 41.39486811593374
38.75383131252492 40.861592495327294
40.06025756693874 41.0949494949495
38.71533749672414 40.64797804751933
38.71774853301816 41.69145160946794
38.71533749672414 40.38223988392349
38.47400882926034 40.42644036061681
38.75114293718931 40.616132007218475
40.186144310296676 41.575757575757585
38.32626472580868 41.01360334000287
39.5010370154392 41.56016005196423
38.87162517855833 40.35767114383094
39.68775614425408 41.4203710623799
39.26719454445416 41.14491858114723
39.4560031562406 40.85599736706396
38.75114293718931 40.77804512829271
38.71533749672414 40.63564920804658
39.12878689539518 41.10367964989245
38.752615708151765 41.15998354293961
39.84015016126438 41.30611162071398
39.260170974942966 41.161879985959416
39.260170974942966 41.11619846383713
38.72492555309496 40.29279923545774
39.656714679189314 41.0949494949495
38.67860015229721 40.905599953911874
39.14287262291047 41.37410029648698
38.50959107964649 40.64797804751933
38.99420993156545 41.160865908189564
38.915714840431754 41.30109843211472
38.99569194050088 40.89496904636072
39.447301579029215 41.33197517572182
39.12878689539518 40.905599953911874
38.50959107964649 40.335894357100685
39.05636259933568 40.7317584428085
39.38844565317995 41.21004237342043
38.78354536381254 40.21175560843574
38.885539567459986 41.31508170316673
38.59740942942861 40.882604061339094
38.63065235308141 41.20106137082678
39.23880156648835 41.277126718981435
39.74270795619231 41.794949494949506
39.217277216972754 41.6672369067866
38.512262697229765 40.582287187212025
38.19076803146448 41.09584526758435
39.30897049371844 41.37410029648698
39.42076462305992 41.120729916490475
39.01567184348373 41.15651137995536
38.66464571242897 41.51976392220043
39.08008170184693 41.34242424242425
39.14287262291047 40.90136075399923
38.96782809862476 40.44034464773393
38.42327082629383 40.128554853216116
38.75383131252492 41.136836828899185
38.88488102729473 40.582287187212025
39.260170974942966 41.139040670384844
39.34027408685888 40.92213414952784
39.322207714341026 40.962900412823466
39.75769423522282 41.25539050051895
39.13533126070828 40.67513860096578
38.219538955644744 40.6584804502821
38.856405197874345 41.15330765236119
38.75383131252492 40.52385875336
38.906803392409586 40.54641976572552
39.37450091073259 40.88461848598695
39.018048428073136 41.42027421350689
38.79253968613061 40.13566051418375
38.906803392409586 41.08970675808812
39.50382063281073 41.33197517572182
39.148380720948595 40.913516575616626
38.921212121212136 40.77804512829271
38.921212121212136 40.890536789905326
38.58822410139539 41.18713766478615
39.61254805789566 41.49053436058332
38.71533749672414 40.424287100910504
39.31760312502676 40.90341638833096
38.53745640497108 40.62776592744947
39.43508275594375 40.93932539164054
40.00938181247938 41.2897645226913
39.10013245100386 40.68619106029539
39.493023557117525 41.21984068166699
38.724523474949784 41.46790826329841
39.3267983259881 40.92925011325951
38.79516261605089 41.741202648079295
39.018048428073136 41.45334416958784
39.83047810760383 41.798028970165426
38.40227126751231 40.38223988392349
38.50959107964649 40.32932105227001
38.99569194050088 40.90429325343435
38.51934260861399 41.49999458929164
39.38839674629234 41.16218080496099
39.05636259933568 41.15651137995536
38.39957172251708 40.00476070906747
39.14011863265248 40.68490111586721
39.32521196844681 41.45645953657482
39.23880156648835 41.29679286686703
38.71533749672414 40.7317584428085
38.858255104903556 40.38715702634998
39.26719454445416 41.21004237342043
40.775568181355 41.62046138784905
38.996915169766595 40.582287187212025
39.142921224941276 41.15148321491871
39.56430803762105 41.48815478879446
38.906803392409586 40.816890114374104
38.898878952660496 40.90136075399923
38.61419719724338 40.616132007218475
39.102960148791226 40.882604061339094
38.50959107964649 40.29367720721579
38.8989272517348 40.90429325343435
40.05149109305603 41.82084663883461
38.75383131252492 40.77804512829271
38.71533749672414 40.50179525963513
38.75383131252492 40.562461602620836
38.921212121212136 40.7317584428085
39.668031827241975 41.38566953532664
39.30897049371844 41.37410029648698
38.65645419360312 41.15651137995536
39.49784426780751 41.04983017358732
39.142921224941276 41.15330765236119
39.116794684572575 41.44138104686195
37.85690523096565 40.3214366194204
39.50950902015094 41.70967707907728
39.022425924388415 41.16218080496099
39.405100668005915 41.461689808277086
39.13533126070828 40.67555053973582
39.144897100046606 41.208277454371476
38.63065235308141 40.80501540184646
38.13333333333335 40.606880040929816
37.895632537878235 40.15088503903242
39.31760312502676 41.048633589523355
39.189267619407225 40.58772761479559
39.10013245100386 41.139040670384844
39.217277216972754 41.63718465404962
40.0910476544735 41.443426966001866
39.072604023824915 41.360581340994564
38.85921526945507 41.160865908189564
39.362155233783184 41.60174507889915
38.33225226532699 40.80501540184646
39.05810469721421 41.72801619975239
39.072604023824915 41.581485685079876
38.898878952660496 40.477860591878205
40.35660639510201 41.64464853277659
39.752418246491885 41.894729640090496
38.70070130350954 41.08313265272166
38.51414141414143 40.7317584428085
39.58219830875239 41.86238922807735
38.856405197874345 40.64797804751933
38.88488102729473 41.15148321491871
38.401620911664146 40.21626374669068
39.17591806872035 40.6848820609641
38.81463942040923 41.13849350883339
38.42327082629383 40.38223988392349
38.33364992508809 41.194948377191366
38.56516329604053 41.488606166036945
38.59740942942861 40.84847122229571
38.906803392409586 40.75584324104706
38.99420993156545 40.75584324104706
38.772246767287314 40.798386642641944
38.03155513972702 41.01360334000287
38.74205062522075 40.21175560843574
39.39785281636355 40.6685944399065
38.83026918548083 41.44548446439831
39.52858614609742 41.09713814773983
39.42982946364124 41.31508170316673
38.983166107605676 41.20942168689859
39.144897100046606 41.680083364830054
39.364643949146185 41.465354614248795
38.37349897898344 40.582287187212025
39.10013245100386 41.23190674638657
38.94345190215231 41.459495507046896
39.102960148791226 41.07433592632497
38.76986653179883 40.11261282577319
38.8989272517348 41.1272571268967
39.32521196844681 41.66418254662826
38.839512128590876 40.89678211133212
38.77918304809081 40.816890114374104
38.67860015229721 40.21626374669068
38.45927145786925 41.07037546584426
39.251637912880405 40.68326204391081
39.150846768799966 41.161879985959416
38.885539567459986 40.905599953911874
39.46988466409726 41.068720174617916
38.772246767287314 40.7317584428085
38.898878952660496 40.83357766766638
38.2740668848474 40.07110185962052
39.22646619975887 40.92213414952784
40.050703561706975 42.15214590867964
40.12952372343446 41.478392611332566
39.12944956626128 41.16218080496099
39.12878689539518 40.90429325343435
38.96564515220755 40.104942973974026
39.75998683304336 41.2897645226913
38.70070130350954 41.42027421350689
39.446963696828185 41.461689808277086
39.461091745442786 40.94139566650969
38.95005345431172 39.9900565621357
39.447301579029215 41.31508170316673
38.665720253822734 41.81413830331757
38.8989272517348 40.903416388330946
39.07383250016886 41.360581340994564
39.60303652844639 41.41692502937349
38.877894620694555 40.25812300774811
38.512262697229765 40.29367720721579
38.72010779700493 40.882604061339094
38.77918304809081 40.616132007218475
38.512262697229765 40.424287100910504
39.03106702770399 40.25461605684087
38.88488102729473 40.890536789905326
38.51934260861399 41.453344169587844
39.219967438275205 40.650437962094884
38.35221142418111 41.46776260485488
39.312544686023166 41.88107810250827
38.960606060606075 41.03690353672412
38.921212121212136 40.46852072836969
39.74270795619231 41.65293110568342
39.06394146692963 41.39486811593374
38.48393745309274 41.84419889853171
39.207788803842284 40.913516575616626
39.322207714341026 40.90748974877345
38.88488102729473 40.50850570078055
38.572691763096216 41.15330765236119
40.970701533509356 41.880052481377525
39.56422324751358 41.21984068166699
39.51349847853363 41.38919176700712
38.65840551259289 41.06096533512394
39.26719454445416 41.25610114083299
38.75383131252492 40.816890114374104
39.07803396827701 40.09501320439431
38.38094626378718 41.09584526758435
38.99420993156545 41.15148321491871
38.29038646680534 40.77804512829271
