36.997735512507255 41.300411754967925
39.88412433415679 42.16200870501433
38.267167204832944 40.35030339617776
38.86429611019916 42.78743838455818
38.127606684488256 41.99743990051387
39.54927155536837 41.64359428194116
37.62121212121214 40.76825589899475
38.064471489842525 40.297105161540465
37.15337578583156 47.96665978986209
35.13758278456363 46.781397785095905
39.791010826111744 43.2423184356713
38.87296356886863 41.04725519709291
38.370214233668705 41.113165890331715
39.76488902364974 41.36249458558539
39.520974370632345 40.87606927523572
38.62099802518198 40.650618477138764
38.39246169920986 40.6841336903034
38.257296954052165 40.78589247201895
39.10507554056716 41.1870094990409
38.514135705179875 40.54226643410249
38.4101503305514 40.30824881005355
39.36497968358615 42.963355280043515
37.22120352255017 40.47506140137795
39.286067491197805 41.41922748662462
39.18946009957042 42.918804049478936
38.72775023718478 41.23505219354711
39.17354109123679 40.76928327383139
40.101668355763444 44.14630229464217
38.94517603036261 41.32374505811338
38.5406463454391 41.11619846383714
38.74538689730899 40.893050433778164
39.70612872458072 42.535938743782346
38.51934260861399 40.24151872060339
38.13333333333335 41.67945757675968
38.33798056501999 43.47428682839131
37.114541686615084 42.02758594002593
38.56172705948862 43.16696476701749
38.370214233668705 41.16559393606219
36.972174577471726 41.644896886444585
38.53745640497108 42.18649121623573
38.560292670261774 41.94706852517333
36.7273035055631 41.39601455995627
38.4506453399678 40.94987214594375
39.10837317248518 41.524206745851984
39.58088738402621 41.37242190081458
37.21175591928305 41.58031454496891
38.17366842617897 41.46657971849684
39.246499683560344 41.75513769217945
38.35975113887861 40.894507541969965
39.21133933279695 42.60862210235686
37.680042336404284 41.66379349249876
38.62633788159688 41.40204683631027
39.24684099649676 41.000699290628575
38.88515581412138 42.06523419487473
38.082287733231695 40.67620484268737
37.12971371586689 40.56252914677871
38.63377915825336 40.89996586877075
39.094903259993245 41.31607928891084
37.13866241777778 41.40593209574651
38.27520394170604 40.48781388711095
40.890424836861236 43.3665997067208
39.15315102173104 41.63054908485376
38.616823021380824 41.38175836331334
38.678600152297214 41.352948139903475
38.715395244485855 41.32374505811338
38.901528603633686 41.47312544297952
36.27820733982254 39.659334200407706
38.315570433182145 39.98427846888134
38.60638592708257 42.91091578088606
37.062449312149845 43.507711819736485
38.0165062256624 40.64428112855535
34.743260549320574 42.07748313177359
37.8839883423891 42.7702343961165
38.901528603633686 41.57515525962284
38.19930625799857 41.963788473334006
38.816054668834596 40.38402246795756
38.405369543725705 41.058822444125305
39.460101924362306 42.74960770224035
38.51181620843769 41.3919191919192
37.367587946591485 41.189671398332266
36.73865047623441 40.80758958391226
38.651078444839946 42.193553938540674
39.08008170184693 40.417717411756385
37.7640613809941 40.95911053857105
38.42984446612951 42.93037498048177
38.661510710153465 41.045715459110255
35.78529691400974 46.51003076054282
38.8348497526562 40.3214366194204
39.500052717808344 41.40408588266889
38.06588690200924 40.968329826048354
38.93651780318625 40.67041000678688
39.26039809849853 40.382350445618556
39.85556990296254 41.365153897933695
39.318923568578604 40.815470927259526
36.63603918656724 44.37661776245835
37.45329872602296 42.487746616170156
26.792659166538254 52.35451730425152
37.028117714838615 42.01387245307492
37.05064222412431 40.47506140137795
37.53717104329497 40.37746720140825
40.29324145070413 42.37237655606041
40.000768289800114 41.284136827611086
38.141701994804045 40.73760004109233
36.1365334070695 44.221814364724935
39.63551013624784 41.581485685079876
40.51723700181268 44.17334496018055
36.894294492768296 39.731767087966446
39.22796021267337 41.11663319965546
38.65452618993198 40.91091365861748
38.082287733231695 40.755053157505436
37.556346571630016 40.45007196182699
36.802427613574196 40.05522818110753
39.01567184348373 40.789130733497636
39.24402876799194 40.867395957352024
38.55044405482782 42.48901205675256
38.62318399332138 40.914540011623515
38.28926192391925 41.69281621739924
38.295476839424865 42.04096056080253
38.67358164190841 42.101701197718135
39.253832596701436 41.11928843107224
38.887888518742336 40.366666666666674
37.47797000689566 40.664091723152204
39.143136170860714 43.28069829835263
39.40510066800592 42.21919191919193
39.14804137455488 41.49304024048032
37.70366139592644 40.42470585622304
38.955180312808906 41.13737373737375
40.061014029898864 41.817021644112224
37.995855020777576 42.89003261208539
35.63986050363351 41.89803111283719
39.996105482159734 41.993989713737356
38.25870632797158 41.51976392220043
39.32518876468468 43.05505155663244
39.320701611660425 40.873141550568725
39.31869984797655 41.938752583954944
38.37835020659879 42.189987159827375
38.62277040766343 41.05952813559025
37.0810632899369 40.252499227081024
38.96750357678849 40.7110073298908
38.43583977324388 40.43940111261014
38.15190465301115 39.94295512116526
37.93828302744167 40.88065431330689
37.70366139592644 40.44344730610122
38.63945177157627 40.77321911633063
37.645769229445904 41.90255117498143
36.7273035055631 41.44548446439833
39.13533126070828 40.440099064400506
39.03106702770399 43.13645353363857
36.57328700783632 39.94335915782093
38.901528603633686 41.47429730266183
36.623232323232344 41.44548446439833
37.51719819090906 40.92240620256927
38.834986162807475 40.90319607445249
39.39679228508967 42.21038572322223
38.73896087402139 40.75301103106628
38.90574666479228 41.027963479522064
39.85143148514429 41.98400263689907
40.51958308078294 44.53528540382058
35.686842234974314 42.92806336498237
38.55397187073587 40.754659337591946
37.486099914959865 40.74078187179451
37.637949910915104 42.18522005559003
39.47930683228486 40.41160297769688
39.39043392198484 40.682978814980665
39.56532684967087 41.9937020376552
39.296489356973446 42.01704727856382
39.355757972038695 41.7799598201413
36.910269130444384 41.664832423897465
38.14640725934175 42.16540198892635
39.15315102173105 40.760222556121256
35.935595931941116 43.041920042417935
38.089084941588744 40.50600735785304
39.77808391371636 41.49754844848727
39.23857735161941 41.07019293894687
37.09053975834431 40.23140976196004
38.34451074062771 40.666366637452626
38.34576409966724 40.77585241318974
39.22667748239049 41.13215124014298
38.1962533303745 40.41287640061715
38.0964991328209 42.34926490041286
38.90825143342485 40.56977867808515
37.96593261405565 41.973321640364134
36.90963048337635 39.78798409150829
38.33547820733568 40.19937613263445
39.40246146618796 41.18975391711541
38.37063642580791 41.38903733436488
39.13118773536546 41.8966894587738
38.89254795610755 41.37147403138448
39.13286985041046 41.23871494310437
38.89254795610755 41.47429730266183
37.91532135597258 40.678380710799715
37.023975668489804 40.06423602874556
39.066106432275575 41.34674446498404
38.473272697616025 42.44262719162053
39.14379459954249 41.36019497789489
38.25870632797158 41.371323938696136
38.23425652130563 40.32690310735289
36.139062376114964 41.62676476610888
38.17231558655 40.379609060434724
39.21184711514958 40.495268515903525
39.278875323351755 40.925857492199114
36.50823220520185 40.74194839603842
39.5529139883984 41.393301156792674
38.888321863445576 41.72683771639129
38.63232323232325 40.6595710109205
38.044583273449305 41.818193207691195
37.848142653201165 42.268439211054925
39.50349693551262 41.83365992028913
38.610112738252674 40.93232323232324
37.063822877808576 42.873017304613285
39.038911062608626 41.58204573832783
37.378121006094005 40.28321274055575
38.36999845248388 43.88469028179486
37.38675186238101 44.75506436675282
38.58628835057438 40.74421801226186
39.81680817932584 41.03501638262721
38.53568566290777 40.0910476544735
39.70025025410415 41.37369611764675
40.30402397937448 41.8710980938902
35.80294154663891 40.20550117832993
39.09431831847796 41.71387538935463
40.11228233449707 42.79370756923309
40.0665595713167 41.31541965072233
37.91630962404468 41.058822444125305
38.05894076762632 40.86585355047541
37.63576720843596 42.112272298440814
38.474081339631724 40.379609060434724
40.67567788613757 44.88350688909135
38.5406463454391 41.01029341187123
39.7613473569017 42.22032830309404
39.970076352116806 42.31260655984114
37.68960883178423 40.50875011099096
39.28500052786972 41.88980832780468
39.78490886721561 41.575757575757585
37.54674215536487 41.001388643153305
38.11767565245689 40.56338364615771
37.746905057006536 41.91695722612417
37.97679340005848 41.19900588340408
39.461567766716186 41.66979165431609
38.60135253162522 40.91091365861748
37.22996498098449 40.07764501527807
37.12236392612615 41.58631176988346
39.313696533024135 41.737295355759386
39.348064032417945 41.90730165870813
38.42553225718822 41.05221965560634
40.00023872714854 41.293246383894626
38.497266293760454 40.04288884649933
38.40909090909093 40.60965531734519
37.716468346128856 40.0795472220573
37.57769759948274 41.399125555948935
38.90574666479228 40.93200024139798
38.593311375122326 41.195456618061215
39.1497834128464 41.281064149296576
37.98697875956045 40.08715727092132
38.245477349178024 40.4393151604637
39.75667406575916 41.30041175496792
38.51631437237161 42.68617961674061
37.92092210724343 40.44336160673629
39.88084293033795 41.99303798610893
38.43891185039198 41.23505219354711
38.437500483854215 40.06284154922668
38.181589656916785 42.02662640227465
38.2394962841362 43.780304477940284
36.79956076155114 41.21109271222641
38.119735428286944 40.41287640061715
39.417853096437334 41.45524924317812
37.62126069788569 45.01434756448063
37.03285388345151 40.39216094611105
39.79058050569239 42.97283444209403
38.35938469325439 42.31927367907738
40.16598095031068 44.75481016632494
38.56172705948862 42.6304870452498
38.47406621705648 40.921155623079734
37.949606559967094 42.79838632822404
38.192947548595896 41.188089158740326
38.791948619559115 41.10730783187612
39.32893851006931 41.23309028943759
40.05723392979994 40.92819005464648
39.388661947350165 42.52762505318174
39.187725156745884 40.57382626911744
39.6701438964797 41.87057852085001
37.303186373291624 40.252499227081024
37.235081441853715 40.21239085034204
40.566357286806166 42.38027267039697
38.56718165957571 41.21577090074438
39.409419310993705 41.52758834293578
39.254810758799174 40.45715568944687
34.00797454060748 41.54297221292064
38.70836791067056 44.78843625422583
38.8348497526562 40.45296849235021
37.69539945121048 40.280371757805405
37.97575757575759 42.83421978087
38.859047492524205 41.46425063731609
39.707545502208745 41.667638484441945
37.01209619603272 42.06316375687763
38.21905505527503 40.87075897005684
39.13286985041046 41.378863406210456
38.102684710478414 42.021658157989904
37.0706602262477 40.0813956716093
38.986033743534726 44.03433345168487
38.46860400817168 41.6264228225509
39.670928255853255 41.28283599030214
36.95272835131381 41.55349353226942
39.55552067690038 42.136970648474176
37.995911695359894 40.25587802754057
38.39121291828642 41.46657971849684
38.6770380787782 40.38507013303089
39.65178612841382 42.45668264496477
37.567857660947276 40.07061173017651
36.5565391739332 47.1941807949954
39.22656233224473 41.655671542320626
37.226922176334774 39.92230884457476
39.52978063263408 40.734429365239855
39.74325415475766 42.385466484201324
38.434660308764236 40.819675265569
38.888321863445576 41.49304024048032
39.40462019037343 40.47735251288857
39.24025237804689 40.933001191485204
30.051139098452584 56.70000000000002
38.51530918928711 45.842449940046755
37.982985809546605 40.7733263889841
37.46470421457552 41.078397568055756
39.602617421246784 41.929634768396305
39.161345776396566 42.10018018214018
38.775620163940765 40.25982230923604
37.708186975127916 41.064361035343104
38.593117894720024 40.343437302968866
39.812390297584564 42.08203990432382
37.84456713740546 39.910224160860764
38.35884191172631 40.36445892270519
39.386477159489516 40.938163272348916
38.35884191172631 40.459505338184016
37.80206272281883 40.91744716398185
40.18720145848994 41.91604279834987
39.67460583005638 41.655671542320626
39.4058974236753 42.79682903953127
38.62318399332138 40.93200024139798
39.19384030460482 41.15875625249972
38.592391355501 41.40204683631027
36.936015525167555 40.47937085333107
37.90138524056135 39.125563015929266
37.589525401541145 41.89632144303694
38.369622806452305 40.0083334593076
38.9843564161685 40.7885847606364
39.844697519186504 41.632323232323245
39.06863804688299 41.517428588507144
40.30176842742828 42.87239104099759
37.633773784819304 40.0909090909091
38.92796922018415 40.9798636912481
38.41634971393855 41.549042891088085
37.74454769099129 39.65287982660289
38.54088905594938 41.01029341187123
38.76095563273557 45.0788585328675
38.29090909090911 40.78589247201895
39.417853096437334 41.559206440446424
38.88514563203656 40.80394587469652
37.399587007896706 41.347442421205834
37.78831832012958 41.685595145222855
35.56656492032724 43.39446439422584
38.05614358768037 40.36641242705588
37.677753945408355 41.27197836443803
38.126640438137294 41.50576897794094
38.87575291649553 40.718684997366545
38.67089611211232 42.92682346003875
36.92628162542267 41.50526838357523
37.252433592364696 40.17737199487688
40.00891243236216 42.41008668815669
36.058837360979936 39.95456589205957
38.23124061875933 41.7808945129061
38.15910352421617 40.683724603169416
38.46749278718834 41.11619846383714
38.17366842617897 41.46657971849684
37.26054056258085 41.825692715790815
38.96782809862476 41.3334094351375
38.7286237236187 40.83964875559128
36.86123522924154 40.05441790718522
38.16432520831176 41.327989873206754
38.06142507426185 42.02662640227465
38.40919255611944 41.62687385815234
39.76749933453965 42.36577908413011
37.009975559644516 41.55349353226942
38.85917463135722 40.6320788396001
39.10989938855761 40.0416375983236
39.4050955304274 40.92213414952784
38.0338755366221 42.42157192255859
40.10139704756776 41.980159815944596
36.880440059213875 41.08970675808813
38.53568566290777 40.08098962139753
38.43390449947168 39.857470771548336
38.86438127101573 40.980096450561504
37.6726672980307 40.69788522348491
37.712883819802414 43.24480843049845
37.93636363636366 40.28181818181819
36.98959207138547 39.98355349046091
40.36806273278008 41.63533461716235
37.94015805016288 40.29734915730914
36.715862841138474 40.03679314334366
38.98700466031182 41.065018776413986
39.65528661316028 42.02864856867749
39.15110794858921 42.417940746304886
39.364643949146185 40.55436125741312
38.90717522461741 40.876164933345244
40.54374430376475 42.77564763619148
37.82162018355834 40.05576001937897
39.260170974942966 41.41922748662462
38.42085290601504 41.36706411823988
39.93849805382861 41.59176907197466
40.57102117327261 42.36483585609767
38.226355463085085 40.58738357903249
37.52158404532195 43.5671442571275
38.09077341985118 41.61818181818183
38.594333971050936 40.110646331675724
39.05703228146348 40.76802434289625
38.57961222393738 42.26768397677028
39.546247414173095 41.80909090909092
33.0186236377736 41.197333152798
38.95302433223767 40.67041000678688
36.71587105221688 41.54391458518798
38.24644293822202 41.479687608630044
39.499527893076475 41.03247049020819
38.90825143342485 40.925515626159665
39.28599277819475 40.709522617325575
39.33546614029471 40.815470927259526
38.886997804538126 42.18545112856645
37.86747073264606 42.305224128753146
38.75086289980115 40.50991969674767
38.84493850715246 42.887525131964225
34.901656041235704 43.74422465066308
37.86796633044145 40.096027217918056
38.25772031324279 43.596485496366405
39.01092894202175 41.92354802677328
38.593311375122326 42.195652323072
38.48263920172541 41.91414871614158
37.19232728043071 42.01587150743741
39.31114903883467 41.39601455995627
38.76250675526297 39.9299256144699
39.77431394993127 43.001655512442944
38.39859613113776 41.65288053893918
38.380193504286964 40.134527558806916
39.13737067238577 41.656749482651776
37.949680367959644 40.38627184929763
39.749316692043344 41.69772085266681
38.44848484848487 42.03659493682454
38.58309420461655 41.568835880304164
39.283723099851144 41.18393706603458
38.56718165957571 42.10893668452078
39.07844179900506 40.466359722969855
37.90696832667879 42.18048685106544
37.24209591365816 40.729595234658255
39.04237994651785 41.39486811593375
38.724022003300746 42.03173576157735
38.80706373095642 44.94173410883608
39.767571324596304 41.9061618513163
38.49868450799412 44.14543812446089
37.5963433271943 40.455763371467086
40.01151829471541 41.817021644112224
38.49726629376045 40.82904206403346
40.165668460184385 42.773048335234925
38.32279102201656 40.82272495443285
40.19322609014684 41.72970825387727
40.103074167303156 41.99207336564327
38.65452618993198 41.29530540762036
37.19232728043071 41.09468243000446
38.8818181818182 40.097876422356585
39.021347465203725 42.29318390073861
38.49410994252771 40.4393151604637
38.40189228344846 41.51952809767632
38.47406621705648 44.063382262057075
37.8489144428665 40.41643564384241
39.15230389266929 40.788819036696616
39.57355384759001 41.78673659113643
39.38915122531819 40.45203214424247
36.999279134793305 42.73313607637237
38.24644293822202 43.8982267281973
38.297495450384865 42.4889921242342
38.0964991328209 42.395498430289045
38.888321863445576 41.517428588507144
38.621645562338564 41.46657971849684
40.2341357554927 42.29956854634408
38.73874084394055 40.167584118587676
40.4838383838384 42.763737940173876
38.60741850434471 42.647000912455006
35.72354555538434 45.01434756448063
37.76136266446818 40.998228634991364
39.96586865949394 42.582844894333626
37.22727272727275 40.55847742784632
38.89336091579596 40.14541383032686
38.72492555309496 41.078049156450845
38.71624038081825 40.98850633804398
38.81571091580386 40.280230270653014
39.76488902364974 41.42299674647849
36.303012207293314 40.86340282381568
39.551068293461235 40.91005785339128
38.80867861101348 41.91695722612417
39.11489744682107 42.195652323072
39.129053159873294 40.84145540113256
38.6939630134916 40.57133995535788
37.25620898610275 40.18886327177982
39.36562670693328 41.19569004953149
38.27718732746641 40.96346963856777
39.54927155536837 41.409018933703315
38.5740981896944 40.32903250935347
38.43357472124341 41.701764030874074
39.008283506482314 40.572418241268664
37.01074897298688 40.53744040397805
39.388661947350165 42.1780758344364
38.12603671007041 41.34484868026059
37.61122886341199 39.953700593108024
38.30532470423207 44.07780970570777
37.7156973028559 41.84716239370838
37.208874025256364 40.899663357838726
38.31341532356309 42.00149647856292
38.91723695536137 42.24439549143514
39.75525734471925 42.23167493466758
38.15190465301115 40.116606714605616
38.57627956945812 42.644725387840715
38.782392997497446 41.09107303210835
38.03935321319201 40.1450120226415
38.75689691373911 40.69712929929659
39.767571324596304 41.74434490888946
38.12352293017241 40.0156858161978
38.9868686868687 41.1597618471398
38.437500483854215 41.14442225376734
38.54155913027523 41.401480361697324
38.12063898785138 40.63348446580276
36.39082278532159 40.727540735730486
37.10273293186988 41.11091590102389
39.769744729363104 43.91445457016563
38.174125058057164 41.36845317087016
38.313649061777056 41.127121280629886
39.643909122503196 40.951459066598844
38.899149775998765 43.286849122907284
38.982756127248145 41.065750324541966
39.532414624413796 40.74884439115267
38.81605466883459 45.257646709304325
38.304249407059004 40.80446581413373
39.260170974942966 41.381338642846934
39.15315102173104 41.63628860007367
38.942764005750554 42.639797044604514
37.938274329543134 42.57812491760983
37.55890013220535 39.62426237585119
39.41886654556159 41.182221398494406
38.537716935628474 42.395498430289045
37.83403292401897 42.43300674689746
38.13384112142061 42.02955304089067
39.400504040837184 42.28620528784544
37.45422214187217 41.7312780595475
39.95096698366277 41.99331438896005
37.54674215536487 40.82093899765086
38.622770407663424 43.15003741105677
39.029571582006646 42.07609199713779
38.9843564161685 40.498980703987385
38.198845463270054 39.901421654634774
37.843666960143835 42.528915418066646
39.944310537018616 41.95233402011125
39.6352681226802 41.455283455084846
38.672794650975135 40.7909090909091
38.80564445256997 42.62627534168949
39.20685675458705 40.96346963856777
37.3161555723526 41.447103580789644
35.14277567233155 41.24455096403927
38.834462578736265 41.74409853456991
40.07061173017651 42.63570195885472
37.99283962272181 41.574231033246384
39.36594184754736 41.116424101916614
38.74135084281806 40.513900431652175
38.46139927547434 42.39897644463363
38.06522174301616 41.63732036971401
39.16678396843455 42.14499200231098
39.707545502208745 41.622064056098786
39.66128045342821 42.11766532899827
39.76887014162048 41.21750981598139
40.58176348790385 43.136883992639646
27.50415818275393 59.35815980490686
39.707545502208745 41.714544877562155
39.33748450032422 41.87431353026058
38.958179901058884 40.36681728459338
37.84644566447961 41.207072034497266
39.10830710175863 42.46141665838146
39.083387824570565 41.54853266127959
37.789776747739644 44.71262299950058
38.413576584426195 40.63308062867781
38.85555555555557 41.977247507501886
40.0327620801047 41.69926906641619
39.37700159745457 43.18943600090401
34.918555737930916 44.240675860539135
39.1318132513678 42.23829701992087
38.57794983672923 41.364327133008274
37.8053034132976 40.38677720076297
37.76797025527617 43.06619401329045
37.368911583234905 44.04245959121854
39.38844565317996 41.622064056098786
37.90696832667879 41.801069883371476
37.34136773088967 43.003879916578555
39.812390297584564 42.58790297739123
39.26298699763032 42.064480483943896
40.340779563187 41.93553328688377
38.21014689683906 41.77995982014131
38.657316713931465 41.11373757572057
37.610603595727525 40.71371158483651
39.522515001266484 42.077942680826794
38.56718165957571 41.208257849692735
40.7469010114873 49.11170354108746
37.77818739571539 42.666110139734535
39.15802949336955 42.042263895838346
39.94268513349819 41.44614039806409
38.62318399332138 40.772727272727295
38.03155513972702 39.97881322028346
39.59166294777561 41.6709267492348
36.9122081777234 42.20686617332372
38.828321292640304 41.612334987647586
39.51385424234271 42.37732777437539
37.41666195291585 39.715650102221666
38.54155913027523 41.79136011352052
37.74202878223991 40.466359722969855
38.43891185039198 42.1770557010215
37.4850223260977 40.654972315052234
36.64137617492548 41.91248665701432
38.31460269291321 41.51636438094348
37.98340217814147 41.90255117498143
39.349508833463815 41.656785386426016
37.83403292401897 41.02667742109235
39.49018739446931 41.991527864304715
39.76670099968319 41.56757497701575
37.96081064374219 40.2126344219169
39.08308589625305 41.39601455995627
39.90369706716009 41.86162498311594
39.187021634228316 40.89613470285702
38.99565169961714 40.867395957352024
39.348064032417945 41.90430709558186
39.356159109898066 41.73622851333522
39.19384030460482 41.21549329946737
37.27564609228942 40.84584395235455
37.91408809486037 39.93052428297646
37.264028191448155 39.95470870500615
38.41311320497433 41.51976392220043
38.8394649013305 41.192762468905485
40.10653388541101 42.46716196464049
37.09211926670372 42.13585702400138
39.27615486348183 42.193553938540674
38.00526489353996 40.92978014235997
39.93669805585537 41.685861195268906
38.63945177157627 40.58176348790385
38.01982417769445 40.916722654338336
37.28210773287719 40.37451630476104
39.54927155536837 41.227177189680404
40.01119945355209 42.25201506835673
38.27923565812949 41.88786913182271
34.6637782703584 43.02126224475825
38.60036312365177 41.11663319965546
38.96199110226127 41.66117162836662
39.234326655757854 41.57511294065509
36.9576759435866 41.408981247355605
37.298591072660514 40.062487867772454
37.685080038491336 41.29121103994057
37.57931415566405 42.96911526021915
37.17791222466085 41.04840766807856
38.981951456264746 40.62451862844036
38.48313754749483 41.34757278341988
38.17231558655 40.42938502759068
39.05775441451517 41.71758763128073
38.00113373121985 42.7374978255528
38.896987154638225 40.71326378042578
38.40189228344846 41.788644934801106
37.75252525252527 40.73968124720313
39.4031610411842 41.32077572161604
39.25725534517617 41.107373162368845
37.00104377565968 40.5344863544533
38.502475355284275 40.848154392735026
39.35036258131081 41.61690096072585
39.5971881878679 41.375236298135746
37.16186396846101 41.842306037231815
39.14292122494128 41.505037297191805
37.38997314111869 44.277787361997845
38.6769896113104 42.38678870975264
40.01151829471541 41.921917184231305
35.33237820562897 42.63616988756167
36.383531585723446 42.258604876434426
38.21905505527503 40.71371158483651
40.36101579257013 42.202049964342585
38.321159325568665 40.95158755803607
38.05490640156507 40.14428172649681
38.7880320085468 41.75807948145939
38.550142403367076 40.98673439811672
38.3685266804727 44.11495746708886
37.01554876788857 42.864902134404424
38.84226778640996 41.22530415094941
39.38682596724216 41.802562176522585
39.14096500168396 42.216112164082205
38.28420465591623 40.940877348085394
38.35375956847281 39.90896664472532
39.737890053791745 41.31904507642511
38.34206819859825 40.93134681023568
39.984130443998005 41.81456992112863
39.695719625458004 42.545805248780866
39.187032945505955 43.61004127805698
35.35798368089155 54.45711546068502
37.66913400929101 41.622573313983274
38.955180312808906 41.11069014947502
39.262789590242434 42.18453050955467
38.62318399332138 40.49883897919884
38.0165062256624 40.550114748168504
37.95487515314808 40.624047728992274
36.34504816546584 42.304836674452176
38.529426740862355 42.035338068006176
39.10923234022764 42.36767168282227
38.309725674836734 41.136456041418356
37.80206272281883 40.664091723152204
38.116283194105314 42.06221774720844
37.91408809486037 41.257575757575765
38.21014689683906 42.08228806231532
39.52857980314645 41.476538929634316
38.76095563273557 42.14499200231098
36.46734836524159 42.90560612053971
39.17812169366874 41.095815926982574
36.30341674759242 40.71286533240069
36.00976060474126 44.87203657761292
39.52808108060807 41.44974710979597
38.266490599617654 41.26571749596813
38.17034363831209 40.42329859060047
33.596795197475764 43.83590490147116
35.935595931941116 43.4658574255668
38.184127652965394 40.951145629411954
38.62633788159688 41.19892127290679
39.24402876799194 41.08345384955775
37.51688863748019 39.82917224625515
37.55890013220535 42.62117704589508
39.29404948734363 40.73584462556189
38.7067404524974 40.75120237674315
39.276154863481835 41.75513769217945
38.040170051396416 41.11063910415273
38.56482807510345 42.34970356030641
39.083387824570565 41.52552858580153
39.28378308589547 41.6460761620389
39.16213021997113 41.4960664118113
38.20237470384188 41.8658347619796
37.15365684421131 40.466359722969855
38.39107484900243 40.81883124098108
37.818102945784 40.530055910146025
38.81224426323378 41.71131214666742
37.64681859167404 42.49301841244065
38.082287733231695 40.93932539164054
38.94275276498074 40.85599736706396
39.876820153216734 41.55578244886661
38.126640438137294 41.327989873206754
38.99646306219541 41.517428588507144
39.17315249135306 40.8793363936092
36.78864418456135 42.883812249038854
38.91537020481557 40.86972555730511
38.72492555309496 41.30243615047691
38.954840978027896 40.964873571002485
36.62798772269305 40.116525827630824
39.673968945828314 41.35556222497374
39.107720756213816 42.76481312677959
38.657316713931465 41.766114396167474
38.15924184325145 41.76973461581983
39.10507554056716 41.04296925339153
37.56642687371766 40.63122626728179
39.03515154737715 41.40211125345498
38.876109986962355 40.98378652309147
37.94358805989254 41.925130121329175
38.89254795610755 41.77689697888985
37.60628927454077 41.278937227447166
37.66830647822253 42.98532680330589
39.64095180036768 41.307315710365394
39.295426088083126 40.8105850644726
38.089084941588744 40.40589381921769
37.81733577643634 42.10543026518174
39.27615486348183 42.558468388218465
36.33999038505963 41.751982656687325
38.678600152297214 40.122879873136974
38.0808080808081 39.79757599381035
39.66221306513461 43.05944594500113
38.301313695047575 41.53021946920931
37.85690523096565 44.98103764659097
40.30556472288658 41.835403220856996
38.808292706825895 41.43818574185373
38.81224426323378 41.68579633664035
37.99292952681047 41.86646077214988
37.86796633044145 42.542108565779586
37.21175591928305 41.42187639382705
37.283427872508724 39.77365491696731
39.11996083861036 41.15651137995536
38.786284163877745 40.799858634393004
37.60863723407599 40.886051744771976
38.482858248692466 42.46807235246763
40.27830923996877 42.619173177427896
38.9868686868687 41.10437491583416
39.21558753818324 41.287795345651816
35.57311768497596 42.60430134877171
39.85170394381069 41.95061901079509
38.06522174301616 41.78327710397054
38.35007789242343 41.14254455640579
38.28157557932261 40.94537716204599
39.10013245100386 42.26381977432091
38.81295479239805 40.57201374421737
39.7271595279089 42.585252286225135
38.36518271837298 41.56016005196423
37.72944090358866 41.36183568356226
36.18599826918546 40.45222758991829
38.473272697616025 42.66280526407045
37.464511763339715 41.42105307433192
40.15538803909398 41.807376141440876
38.79782144242783 41.08994014129321
38.86862203481154 41.568835880304164
39.038505724374254 43.5593383502752
39.04175864951514 40.6595710109205
38.86394620204799 40.36806273278009
39.69063469438 41.40703931260483
40.23735464367692 41.87231647511381
38.040170051396416 41.07433592632498
38.772246767287314 41.04076986661349
38.086495271749826 41.29324638389463
38.63342431355407 40.42942438185725
38.066813525252556 41.477129578498634
37.4963904308924 40.03121026991458
38.544747631436366 40.22294268398697
39.20187927440277 43.555722158604226
38.501516505031276 43.52727272727274
38.013077680041086 42.311006581269396
37.40485486489032 45.91242294207956
39.9665882035279 41.84230183976469
39.461567766716186 41.571400576138714
39.608862568372864 42.42114812927658
39.4728182936066 42.37732777437539
39.311306578080156 41.097633904729015
37.99170717794843 41.60156930573522
38.971549465966085 41.21549329946737
38.832025131097495 40.55531176185621
37.26394902778737 41.07873032165149
38.84248434989537 41.294899721264954
38.90574666479228 41.3989898989899
39.10700560462436 41.52259712203846
37.815486792413246 41.91260974887877
35.97183756424037 40.25627132942198
37.4598442413886 40.78266318127546
40.12326399077322 42.880808213151155
38.93319870202006 41.08035675809322
38.536391348844255 42.17605324855406
34.71671481358399 41.90648201590133
38.98577387786037 41.144650765230004
37.69085444572401 42.39333020711119
39.86999366597626 42.93037498048177
37.788759946922745 39.65641693416384
38.65069327570743 40.790628448320305
38.918336204314656 42.02864856867749
39.94498512764658 42.00037195318466
37.92436673801379 41.54769100502375
37.77818739571539 41.17909247100839
39.56553133385636 41.95085709235545
39.75593901048529 41.76245688406251
39.55809979539822 41.12226714978563
39.703491394531476 43.131313131313135
38.240012982656225 40.434346859109624
39.362155233783184 40.755529820751505
38.86129259566164 42.80703244974852
39.88960013117802 41.309086473829595
38.398677736911644 40.00050644932904
39.125787989230474 40.4729280137611
38.66465075346869 40.684697180113915
38.19789121344029 43.63824203439865
36.93377855113936 42.77375706219822
39.64165321566582 41.76848643020077
39.27007906929509 42.862313771777124
37.31666069980326 40.77669817705231
39.981658891345376 42.352042609839785
38.7918293470225 41.24741114398521
38.48501164372217 42.0382616733565
38.22165350968505 40.180988960548916
39.63768531164157 41.47647777258088
37.752525252525274 41.6622212597908
38.70050768499971 40.40734350305824
38.30889690292233 41.85265392679038
39.474006337227806 41.94985304371268
38.60741850434471 42.55561090724173
38.624383814074875 41.33979019991051
37.29028186476646 41.92332938056373
36.48102756077979 42.065234194874726
39.55809979539822 41.257908584330735
38.80909475470037 41.22530415094941
38.765328450221915 41.61657036539862
38.887888518742336 40.41355511421921
38.43891185039198 40.916722654338336
38.84443547616275 42.71628879228942
37.875571310134504 46.70067147790428
38.833031418523504 41.35210185903707
38.34451074062771 40.41347340759955
39.59632908487757 41.39712146101192
37.982985809546605 42.31452860595374
38.85825841237303 40.416894565962586
38.89254795610755 41.378473590112364
39.76835514597688 41.62309025338807
40.31553941479716 43.78788493183944
39.20852167644318 41.53653370233837
39.26610932062175 41.80914631520681
38.94400152522374 41.677739083783116
39.114412666738744 40.767480254422395
37.52898878344367 42.81765250669649
39.2276884700145 41.74920928503463
37.37927571494511 41.35398566339435
38.1827206631652 41.33381964518466
37.71305100927183 40.814044265501686
38.437500483854215 41.390689134509394
39.14816588306729 41.99513203991714
39.17214535947515 43.0390691772152
39.36916169888191 40.90930937092466
37.78225453184143 40.26119053532047
38.81428791367973 43.84209142172019
37.95926101946877 39.66059725109503
36.342216942592295 39.88293137885911
38.39246169920986 40.95911053857105
38.621691195227584 40.40734350305824
39.894974865015094 40.97446953315231
39.19696969696972 41.47712957849864
38.6769896113104 42.48901205675255
39.812390297584564 45.088981920525505
39.086670516040115 40.96562424716038
37.66036920041783 41.120121425589275
38.91723695536137 42.0969544251051
39.37636608143398 41.70802798819428
37.23385903023362 41.447103580789644
39.21121618144146 40.827363736094
38.88687636249082 40.93200024139798
37.78831832012958 41.70221087105019
38.081918151573134 41.04634731683208
37.610603595727525 40.6841336903034
37.85690523096565 44.49919620920154
39.93058723238183 41.6529371130045
39.88123509301589 41.13722394513584
38.361316915815515 40.12097493168181
34.8812072223652 43.37457201635558
37.89376732640296 42.28583080333513
37.33626372838049 41.42412716006014
39.04351245321967 41.2853118572075
39.094903259993245 41.254517681136036
36.70846222425894 40.7574208296454
35.33740205044398 41.29269328728117
38.57742177134124 41.52531470461495
36.977777777777796 40.38657023224304
39.61475446827751 41.45843166991776
39.62981814811831 42.76108106599328
36.73723051594815 41.3297429038473
35.57572753148768 41.39216887817592
38.19592976260107 41.14412364017729
39.14096895856312 41.317964213405574
38.289256931822166 40.71843836059745
39.44797003789014 42.71183102200851
39.77379162419355 41.528214749063316
38.10549358928896 40.27380925453805
38.013077680041086 42.55192675898108
40.24649278828754 42.64610342319653
39.15149693245562 42.67642423186653
36.81172462042169 40.830349677102966
39.47374460178292 41.88313893655445
37.123410059651405 40.469554926114036
37.32977244163973 44.37661776245835
38.267167204832944 40.602087812050634
38.17561847940742 41.26571749596813
37.26593425858143 40.450909574472675
38.283174551641494 41.18491260236499
38.365790233331175 42.3543518139852
38.609032994459184 41.0794863854391
39.176147658576646 42.06708287878358
37.821535344792025 42.31271790287459
37.252433592364696 40.25368103609687
38.537716935628474 40.134527558806916
35.90482962582163 39.379146061203826
37.42190849147318 41.12604896210749
37.11866321055649 42.01339653782615
38.56381227792981 41.97500829264016
38.943257069168084 40.606880040929816
38.37303608298407 42.01764404969926
37.21175591928305 41.25857032986882
39.17503873735143 41.58203521782352
36.765711807168415 40.113281102584324
38.47640483657066 41.22530415094942
39.02385011380812 42.795496126249056
39.63165064720249 42.16768582722631
39.396420910104595 44.02297926108991
38.896983222423934 40.40503937130407
39.53013070948636 41.19569004953149
38.6545222822288 40.23906603256724
38.62877869414286 41.81381436066848
37.980082528492545 40.21929274510495
37.12971371586689 42.91598400730063
39.41498213169684 42.94276127324259
39.14553889385014 41.72683771639129
37.50605967195744 40.72340067965931
39.59632908487757 41.737295355759386
37.97575757575759 41.37496911433993
38.04295072880303 40.81550263211546
40.391323575658916 42.12397865905867
35.21420152255061 42.39151653498907
38.34206819859825 40.966645671556684
37.805813325401864 40.45751344840966
38.82510711136484 41.45410407988364
37.2195835940807 41.011195251372456
38.59291167585675 42.72423028107729
37.7315869755921 40.30220847068116
39.1205576948113 41.14638459278125
39.297511146161746 42.03047974669949
37.796115954470125 41.378047865062314
37.99197488944281 42.42243488044355
37.93478091859919 40.61620610796479
38.74398257936335 41.11413553411334
38.153289294293764 40.39300194560096
38.74384745349879 41.056462807795256
39.51770511397834 41.641253400823324
39.0700839595067 41.765378125942355
38.74135084281806 40.55619585469599
38.086495271749826 41.44684514859285
38.674649765294774 41.60469081230277
38.9843564161685 40.55531176185621
36.3296973090403 43.6245909743766
39.74631060321303 41.20167450260329
38.51888153651663 41.29324638389463
38.74583970922882 40.37369310655945
38.98887343904595 40.44344730610123
36.87322974853244 40.217092115115825
37.26629954228044 41.495569361889316
36.768754031149726 38.984843402061834
39.461567766716186 41.23911134305727
39.69977951191959 40.906242026824636
37.995911695359894 44.03548348199537
39.05640950235426 40.73620538335089
38.563098952517656 41.239368957614886
40.408603457932756 42.31558496730717
39.7331822144963 40.996964351845676
38.75689691373911 40.487987026926604
38.30984346505794 40.728317677183185
38.26234009882255 40.79257391351878
36.695082195769146 39.28529598589635
38.42466736234241 40.36823859639282
37.81503084039098 40.502738296744965
38.72775023718478 41.466807283000705
37.51555612692098 40.80827214678556
39.81175764923222 41.61671347614322
38.566666666666684 41.677739083783116
39.78045780774566 41.836016020240265
37.69085444572401 40.50041605332386
36.87908377185651 39.786806365699206
37.52503782602538 41.94314451482029
37.896594303854876 41.3524493030821
36.85982888829205 39.74175030403513
39.44176288509534 41.54441573166535
37.99640373806384 40.970191189356385
39.15802949336955 42.148415555914774
38.91975315373541 41.12339169059862
39.08942501464633 42.714461096168655
36.42296637568436 41.478301029413
39.18926761940723 40.930723092059196
38.66464571242897 40.21411096867211
38.26126563564992 40.56813744517968
38.822591277355485 41.26108515965525
37.33368170859885 44.240675860539135
39.608862568372864 41.15053214376488
37.46907843622523 39.7551541728864
38.672794650975135 40.383144102360475
38.753382023126676 41.311157309764226
39.37449060051267 41.16146654899166
38.61694936770501 40.74248564564764
38.14640725934175 41.85302373993492
37.78626727725004 41.018959836927365
38.96823347034378 40.67481446041214
37.58839884410464 41.35664445054105
39.274623836233864 40.76397966015354
37.82162018355834 40.0156858161978
38.313356819263106 43.41357557079211
38.54586030164306 39.838730689682244
37.90320562980207 40.486312444135386
36.51821908317593 42.84140855581418
39.23857735161941 41.000622137412776
37.68309023908794 42.4169213758408
38.42085290601504 41.386773674647785
38.90840060446047 41.71738364469054
40.41477273816332 44.4605599288725
40.75989785436109 43.40116199926684
37.36238773604515 42.38506693639375
38.972947296616084 42.65374881682672
38.34681014763824 40.39593594423834
36.505869694730904 44.207958372167276
38.85593647662157 42.10893668452078
38.74538689730899 40.886944026281284
38.40063593355507 41.51014035170149
38.53186580016655 40.662198409178245
39.06863804688299 41.87223613354879
38.10624566410837 41.46675685355947
38.116283194105314 41.250487361877084
38.33058857382137 41.094791184267024
34.77284305623632 43.418510975411024
40.02293294312791 42.06257708461206
39.77379162419355 41.73151908116207
36.98279095669551 41.99418812237255
37.91408809486037 40.12097493168181
35.61594915810944 41.0650295948873
38.41175187964306 40.53854594500339
39.44400121625906 40.85466397178706
40.08676832912244 41.209276936404216
39.60679494837378 42.68324568427031
39.36781936384911 41.32228698846188
39.68476606043994 41.476538929634316
37.88447681081726 40.30258798035202
38.267167204832944 40.38422396931863
38.78331150778706 40.927909452036545
38.931314187315735 40.78416487791327
38.9902678277627 42.60700164898623
36.10323932086712 40.94407402728406
38.253528209877835 44.54041561387843
38.47406621705648 40.68850376686562
38.786695488692814 40.89996586877075
40.27708567179626 44.24566066937754
39.44646464646466 42.55668425283033
39.217241576880745 41.64310026525977
39.20778880384229 40.720185434566275
39.274623836233864 40.906242026824636
39.612548057895665 41.21748457511752
38.039176600521714 40.8441071941547
36.98279095669551 42.06326757995884
39.30274463294578 41.18651266392213
39.15245399938196 41.59934117659201
37.90136097566102 42.622222222222234
37.56964736363595 40.26119053532047
39.62301708562684 41.91541633236053
38.91065629323039 43.192005387973495
38.71539524448585 43.03811359209806
39.85309516477439 42.98417020702058
36.58226195719576 41.013072225415684
37.61373765622812 41.120121425589275
39.49492591221593 42.319800843661504
39.36562670693328 41.07094191007158
38.098988909399004 41.06888021882928
38.37642367886809 41.99743990051387
38.62203892225692 43.06805701492151
37.14848484848486 41.52205150255592
39.71857018009228 41.628648985961654
38.12210763184479 40.45948121435457
38.610112738252674 41.0546886007867
39.51881874985145 41.52095920554203
36.2359531503625 52.11440470577186
39.76900983258431 40.66740418806266
38.43251325591065 41.11219204449724
38.898878952660496 40.13988444853558
39.34487178231905 41.4594439156397
38.746723640512876 42.47494585703051
38.548549734224075 40.41347340759955
38.028632167654514 40.32690310735289
40.270906027950744 41.794273485954115
39.67597029737539 41.50812622610773
37.522925745145656 42.354072184506265
38.48634419598984 41.83775239407816
37.90216659583651 41.04365165019642
39.53274747895203 42.683274208715616
38.43604441760349 41.04648813926458
37.94277856029528 41.23968110183081
37.53717104329497 40.451885426423765
37.04536465461601 41.89652246545711
37.72014756422802 40.691919191919204
39.038911062608626 41.43818574185373
38.85917463135722 40.93200024139798
39.20254553719674 40.28737860948603
38.361316915815515 40.27343260026341
40.103074167303156 41.99797123183779
36.68489078852516 41.08538978699064
39.32356177929531 41.227177189680404
37.97064825125679 42.41821918204161
40.34691420367582 41.78019712387745
39.4031610411842 41.23911134305727
38.359537266837584 41.00650900684111
40.023687225928995 41.3154741053796
37.47313629228286 41.106486220517475
38.86323550829337 41.831905108797486
40.19743434181445 43.071226634964404
37.29028186476646 41.10497310308952
39.60241602300204 40.38172374834024
35.81415871570579 41.46675685355947
39.180441349859315 41.29819857251078
39.086966222588195 41.217937778895056
38.47761432457076 40.33240865560193
37.49409316128186 42.056004069429655
39.2418639954635 40.88886987888432
38.18601006531791 41.294893720077205
39.03527156805214 41.161998018249434
37.76406138099411 41.68282297492132
39.71937801490186 42.69964142078026
39.53505527487259 41.097633904729015
38.40063593355507 41.30212053116877
39.419792723050804 42.04339331639826
39.52857980314645 41.43139955691264
39.359909458916015 40.8169580822035
38.17412891719554 41.271717171717185
38.744758989424675 41.38168629268194
37.19954533093798 41.31398994784847
37.575258389873525 42.16157491851358
39.3827891455602 42.26381977432091
35.856040254583135 41.14340785780758
39.324107173978945 41.619263135102926
39.26719454445416 42.21530478087132
39.540246495993024 41.991527864304715
38.48819177481741 41.27316418196857
38.7795322004161 42.0030248267376
38.24330272786503 41.991149969325285
39.60052731839833 41.67706920359594
37.0758481387784 42.67924789901245
39.71674491548827 42.350853538129975
38.347857144593554 39.71861989061519
38.38798958339831 41.54113061245857
36.49997394062691 42.100353533953204
38.07954064445191 41.76810638612018
38.674649765294774 41.671246042737906
37.466344102431414 41.764761123133475
38.65452618993198 40.69596839559609
38.65405990392712 41.30381100735068
38.896983222423934 43.00848579786205
39.405100668005915 40.53356239909512
36.868466829563516 40.12107344198996
39.31151784291416 41.134154416603664
38.75261570815177 40.693646795384815
38.23425652130563 40.50087093538308
34.91459129497364 41.134154416603664
38.60135253162522 40.75905147589485
37.92092210724343 40.666171418734535
37.62121212121214 40.626456171209476
38.51181620843769 41.35210185903707
38.38242975665473 40.661671845185715
40.78221981375559 43.506833038823785
37.604743285494976 41.16910724580401
37.46740884367201 41.1109253262964
39.114412666738744 40.74565953525972
39.80326930141246 41.8710980938902
38.8558949156122 41.17792947049172
39.548540334728905 41.11732738431901
38.345043933785405 40.63753448344583
37.60101172175986 41.60198406730508
39.600460416213465 42.94188765451484
38.852480246163026 40.31413618838925
40.271256826946086 42.42066519705123
37.982985809546605 41.923525415897615
38.724022003300746 40.80446581413373
38.301313695047575 41.59534322522797
39.459725443488466 42.74837094431047
37.51981178406466 41.795687265961035
39.657653474146194 42.974340325567844
39.70193612794902 41.79524635023065
37.80350248467798 44.65497061304609
40.10188334237337 43.785045789421225
39.47952375638028 40.720185434566275
39.37449060051267 40.90489015019459
39.14778344912501 41.83926392853863
39.086966222588195 41.37162397242114
37.535300136643755 40.7081274361808
36.967665221259644 41.08795220407271
39.11456290854642 40.56720765434815
38.63945177157627 40.6768542007437
38.53277976699855 40.17767648625274
38.58452214748222 41.62309025338807
37.65941342952517 40.6584804502821
38.70050768499971 40.403739417483386
39.86869972554924 42.02735194556649
39.68362285381829 41.16021771259962
39.22646619975887 41.54949148595599
37.86533129788612 42.36886499942556
39.57869483020346 41.052313173153706
38.90413921774346 41.73729535575938
39.342390547730254 41.72550317548368
39.56532684967087 42.17550708056867
39.59986669188071 42.90313489483427
39.763953152759235 41.16591348933512
38.621691195227584 42.467293524474044
38.69686283529722 41.53098540759553
37.14412660455443 41.19584831163848
38.14640725934175 41.75585080290566
38.00526489353996 41.044981030008316
39.0299854868614 41.18874668855716
37.498888931581796 41.1597618471398
37.83783541123485 41.37682452896705
38.766953167746294 40.61764546034782
36.73723051594815 40.02950148031554
38.267167204832944 40.23543664321569
37.292993019806495 41.88927267787008
37.84994707653817 39.656615351573954
39.12613424451876 42.60863167189672
39.446278660692926 40.666171418734535
37.31666069980326 40.562561549443245
39.67728282372774 42.5470595172292
38.47104651980166 40.90541830658528
37.73527235640604 41.71531220228262
38.6545222822288 40.22958079077632
38.72960940497198 41.31600016845895
37.96609926008649 41.5574870279325
38.71487238230781 42.56040323841515
39.719044117894896 41.35729933547431
37.452950847715066 40.19126145223974
38.6545222822288 41.7412026480793
38.898878952660496 40.11519426242887
38.97075207316753 40.85599736706396
39.342390547730254 42.17377952506852
37.7466359654185 40.03811433335541
38.17603295969586 41.10920614499122
39.03731981875888 43.06722110494807
38.66655685479034 40.39460411238025
38.15932294034284 43.138683287589444
40.143499229261195 41.46011248469959
39.59181007251307 41.40300056106668
38.61193195281867 41.76100640039593
37.71058667497606 40.04654423213849
38.887888518742336 41.97500829264016
39.92907134609503 41.49778414817035
39.26039809849853 40.90453383168113
36.936015525167555 40.466354447025964
39.403648688397496 42.13055517103785
39.06863804688299 41.19892127290679
38.29151750826875 40.85990423968647
39.857592675768636 42.512344761196786
37.51690112727338 40.55983642967336
38.53754718073566 40.22258647162666
39.55153790148042 41.381338642846934
37.5172886070863 39.965579186826496
38.192947548595896 40.878862540438874
36.70555848287658 39.59711064764275
38.70001769504983 40.93932539164054
38.898927251734804 41.38133864284694
37.29630613750496 42.89098593634349
38.1807750797239 41.207072034497266
38.98700466031182 40.95858012965028
36.20954883098585 43.94071119882861
38.54586030164306 41.83454674451719
39.984130443998005 41.81888762474431
36.77673877583767 42.78007682263073
37.99292952681047 41.68282297492132
38.89254795610755 41.43379218916984
38.65452228222879 41.88980832780468
38.044539734067925 41.56690831264172
39.161345776396566 42.06708287878358
37.64257518890757 40.788819036696616
36.537928783786775 40.90930937092466
38.981951456264746 41.25520406369267
38.65452228222879 42.11056903779218
38.65405990392712 41.16618965619351
38.50519933026909 42.7864369005625
39.122694180965674 40.7175855055445
38.644866527477944 41.701764030874074
40.02615133748292 41.81456992112863
37.93954233325907 40.697043062381375
39.73934303339143 41.5930354450308
36.298550217016995 42.924986963999864
37.553539591771276 42.295106690215974
38.91975315373541 41.161044357585084
40.468690920782514 44.26409870960682
38.0445832734493 44.111103655069776
37.62121212121214 42.86231377177714
39.46460602299971 41.51976392220043
40.225630904847065 42.354520277459585
40.07061173017651 41.71902563549746
38.227710546971444 39.68916336775151
36.08413293261163 40.80572717172524
38.966918881303954 40.83950760469523
37.873464293844414 44.31624569414593
39.857592675768636 42.13500789063769
38.9843564161685 40.8105850644726
39.0787878787879 40.57201374421737
36.6255870552051 43.847934715945
38.74538689730899 40.82260155872136
38.98992253190899 40.10567373902929
38.632034284474294 40.68301841609735
37.715697302855894 40.7733263889841
39.82924866772979 41.43098368298781
38.71487238230781 42.519964688830676
39.24402876799194 41.0598890993525
40.525923237810744 43.284588630260544
38.044583273449305 41.544134662549425
39.40777513685434 40.582287187212025
37.55996832138213 41.1597618471398
37.774481085578046 42.68105006639068
38.678600152297214 41.09713814773983
36.85982888829206 40.69495179984328
38.62844831349969 42.38678870975264
37.07248340361678 41.28643291828167
39.735478596413785 40.83698663572438
38.636478530713234 40.356781884532495
36.946166963056896 41.02295393043548
37.97142253902502 42.70404535578022
36.566323677766135 40.315381373569444
39.29192478359207 42.90205037318517
38.6658684950138 41.765814521760745
38.678687096510295 43.074562118634425
37.40793349138877 40.855576848042745
36.90256458667699 43.309300054018834
40.603440982837554 43.22528121717408
38.87074570442298 42.37103031714073
38.6756115821761 40.58176348790385
38.981951456264746 40.86058857417135
37.97078873609214 43.78061444770149
38.9868686868687 41.065018776413986
38.972947296616084 42.74652177138942
38.631883312111285 41.13525628936079
38.642768599040586 41.701764030874074
38.236565534929774 41.394382956327696
38.57031153592341 41.755137692179446
39.38682596724216 41.79714434695957
38.656666468181236 42.05076469575418
38.58514014307412 41.30780462809997
38.313649061777056 40.78567805593224
38.58628835057438 41.249013633652716
39.32521196844681 40.693396840887736
37.45467395416953 40.616906892385835
38.06576740504762 41.30780462809997
38.82781847683882 41.69730530985913
37.43392590458025 41.923525415897615
38.350890806641424 41.975191091281246
38.33135887706652 40.704638374833095
37.57991126624822 40.36281842391203
38.90695038980085 40.83964875559128
38.57012171636396 42.01976885443665
37.28593532148428 42.763737940173876
38.30040659997586 40.7689363968463
39.018244604939355 40.62136693719637
38.67955377810912 40.14541383032686
39.43199561013201 40.47366917550809
37.99592662999223 40.41025307257466
40.10140939613133 41.54226866521237
38.03935321319201 40.08931884487975
38.88514563203656 40.72441929796877
38.313649061777056 40.69631942155804
39.4050955304274 41.00248642157596
38.163908725635544 42.542108565779586
35.6909090909091 40.73637215008344
38.66220423959965 41.667236906786606
39.785723726617846 43.72231880849881
39.95668235419957 41.84739945858011
39.27205844839413 44.57780534372142
38.49726629376045 40.821861402253376
39.770420435878215 41.23887711258756
37.84651654383086 40.591597186566744
39.37022154503397 40.975597928549924
39.259012832112525 42.304231909305315
39.51770511397834 42.63570195885472
39.202382432455565 42.45378997665819
39.79915282893001 45.64832450552252
38.70241468451759 40.836313070956855
39.90060801161969 41.7403837094274
38.62664768360513 41.90055277313479
38.39845694449472 40.666171418734535
38.18135988247071 41.591769017263275
39.26853058975357 41.27496788083035
37.66036920041783 41.228047037038564
38.57031153592341 41.54244874706086
36.00042183642718 40.82199273266852
35.76933312735519 42.30668064990023
38.04295072880303 40.61111982942908
38.53780338088596 40.330568346658225
37.797281246381736 42.50535746559663
36.4484807348221 39.47390946027539
39.38691340955361 42.3071109895352
38.63945177157627 40.71326378042578
38.040170051396416 41.4076636144711
38.108433994717934 40.754659337591946
38.05676533661724 41.7808945129061
39.40951801945908 42.011510269489186
37.589525401541145 41.794949494949506
39.288143033406286 43.25907886057577
38.21597554845137 44.05727827431395
37.93571620545317 41.43086778968239
39.54335106736072 40.80873895965693
40.10826157718894 41.436383543780586
39.298296368816956 40.58243285406437
38.7693673728783 42.40782660860207
38.47490413016661 42.83421978087
37.617382449349925 40.275250057665744
36.87077172415838 41.141609356295035
39.18946009957042 40.96863820059171
38.95762676603446 41.25520406369267
34.834323101083655 40.68488206096411
38.43583977324388 40.45823633876827
38.38798958339831 41.70532196868304
36.05565864399366 43.08001175368796
39.65684999494907 41.51800361975023
39.06647293744711 40.90049529953461
38.05676533661724 39.88351891938224
36.29776108444937 41.64058275376031
37.2313575431116 39.68168341206379
38.90840060446047 41.57833650123914
39.95585837072902 40.92675716333656
38.622123552230974 40.80758958391226
38.16967120292488 41.0898363077007
39.10502552244118 40.36681728459338
37.93571620545317 41.03675005927812
38.712356606144915 40.98673439811672
38.88687636249082 41.16178413179525
37.75955648125515 40.17143533590623
39.18752910166954 42.07139467130669
38.89914085780771 41.97914263103929
37.92092210724343 40.488435799904266
38.666556854790336 41.5892221720874
39.88024063642152 42.020270012950355
38.078324981242666 40.34753001457314
37.756103926193525 41.52282470350718
33.55568165162173 41.299648157755975
38.40501898520824 41.26264798934624
37.18342846577905 39.588955302797764
38.028632167654514 40.35030339617776
