34.72823537716684 43.40321699169132
38.497484952303004 43.85432020824957
37.089268496380804 41.42799179767188
35.96666666666668 45.93471489372342
35.70837828508367 44.291237064502695
38.35221142418111 43.08425251971845
35.692970214146385 42.377432193069076
36.92243743357878 41.43217026986852
22.77246167255165 62.73022698043524
20.47597653312672 62.01399261167531
37.26666666666669 46.39275683071633
37.23955563253285 42.28536919565718
36.64741898996691 42.614901156614856
38.926601191887656 42.59441392416244
38.67137469693209 41.77327527844622
37.3706806906635 41.68018082118874
37.07970206102452 41.97026415966983
36.871953610325285 42.08925375019926
37.96119422609228 42.49348592781509
37.32191136401538 41.631767608949914
37.34891151419634 41.254483634777706
36.953067273201555 45.54127559184175
35.414250788671055 42.11327617886526
37.896096626322155 42.80250882059806
36.920764255843444 45.92702176360696
37.19269569727244 42.658676397655405
38.18518386160165 41.62565991747866
37.321911364015385 48.353935275559884
37.699702007115214 42.855744868195224
37.08959744170134 42.56136958951331
37.46489166594292 42.10357650990474
37.93184428230273 45.063482255542205
37.61401274450949 41.132464894759714
35.974220260447396 43.63635104079343
34.17707172181792 47.34359701641781
34.18468722859195 45.032790353693414
35.60351707160944 46.305504989946215
36.764267122745196 42.6849302309609
34.37778225990199 44.4467462710726
35.826840546167155 44.7632338083664
36.51818181818183 44.04721849202985
34.0857827737078 43.87524145127556
36.99607845754937 42.27056054621854
37.78205102915712 43.137172049533845
38.54264525768895 42.74314499388304
34.6477364570727 43.920802537378584
36.08413293261163 43.06170759810925
37.626737521426854 43.535198373332044
36.89723098035523 42.20880992387457
37.24772922766955 45.20242560514363
35.29314599353443 43.96013516301753
36.95151515151517 43.15051972998056
38.2368396047463 42.07940787090142
37.017171717171735 44.0303769507586
36.42258819861742 41.89476718550677
35.22666509808855 41.90683802636144
37.295357366823694 42.20221931704793
37.85648415715729 42.67373180999888
34.34824044289222 43.34788558448218
37.11610034348894 41.662003976493246
40.24396445275289 46.39760255927477
37.691303441579294 43.21780907567878
36.87051364861277 43.13252016063901
36.96085828418603 42.98982833403612
37.22682365809553 42.933475115392746
37.34136773088967 42.9484146457369
34.468204572953844 41.258541157798305
37.35830474138234 40.87465564051308
35.50446176229576 45.923563146908585
32.69852488062419 47.73132230899252
36.654026849492155 41.98330241235438
30.80843775169814 45.35949226497824
34.73766315972172 45.89585486652276
37.38004822943992 43.280632962228246
35.87541432355974 44.14339952057183
38.000936894838794 41.23261784270838
36.56247760978066 42.51257762060816
37.62092752589041 45.215264944580866
36.535100281676954 42.98575401853354
35.100000000000016 43.20191199452799
34.43176282464529 42.81283785082195
36.5483315999531 44.450042503215315
38.35382085121072 41.18713766478615
35.58502528137952 42.591544159209505
35.508662566183425 45.96756687121745
37.24209591365816 42.614901156614856
22.679726413239738 59.72704043675392
38.07673367871662 41.16716326238213
38.48680845883108 42.691286837626585
36.34963355473797 42.51257762060816
37.91058057860206 41.59729358433161
38.51414141414143 41.072914531923885
38.998811748337346 42.65924286346151
38.53313331204656 41.70967707907728
30.051139098452584 51.09608359683048
34.092101438843805 45.421922412370805
8.558652649042775 78.02791072461866
33.81034853439055 44.724840950347584
35.29843424186996 41.90683802636144
35.939673954179355 41.69873252708972
39.106953742599075 44.3239916342878
39.2397269426308 42.339084630226466
36.41945878048923 42.02864856867749
29.590290086042582 50.4271415142841
38.44370986797152 43.06170759810925
37.699890634273494 47.911471071165636
35.41515151515153 41.250720283291564
38.02252072154539 42.385006354318946
37.45009380072312 42.08204915352857
36.564587593365985 42.05519012198676
35.96992938317511 42.013391060181924
35.010205458833994 41.439337587988284
37.79896690033975 41.88634740541804
38.27095988882344 41.936386299251524
36.00706575820486 44.88609871472599
37.45009380072312 42.32121309602204
36.2215330117266 43.65746544429851
36.13914789353092 44.28593371301327
36.30826729508312 44.38990809333829
38.02863216765452 42.32401408325503
38.065714683277264 41.16086590818957
35.632964603383385 42.149439136731615
36.34450406874264 46.222963264218066
37.69207300126264 44.17870831546089
37.71076414042285 43.09132478105733
36.25885673173291 41.711684613918095
37.756103926193525 42.5506046653086
38.894949494949515 43.2918328433745
34.62537440966136 45.91139235344408
32.0377829187177 45.179309248938225
38.96060606060608 43.718702195224246
36.38710142038621 43.46292774367667
36.74728003673041 46.04001964446993
38.42363803738232 41.825922915242266
37.45017339071318 43.75817435828697
35.94762191000131 44.5862172994058
37.04310628864021 42.40095648287957
35.49301678224067 41.682672075116585
37.8598024561996 41.650188424522426
37.32191136401538 41.56908453495048
37.20949596834063 40.82582415668186
36.25648278928914 42.44278269890447
36.299145291481025 41.66544064674162
37.35807758079482 41.898036575440955
34.82632832932332 44.17671815217734
34.06776082764225 43.70540269008965
38.40804365705957 41.20586529301854
35.75953766230793 46.38791535996981
34.85830003394066 41.43711333039218
37.437383568375004 43.05836031214673
33.94164608506243 43.86024530632041
35.632073334930936 42.690895056274314
37.73479892966304 42.184878443493275
37.7095715623832 44.38755204470473
37.67412358341157 41.85870119926104
37.61901222650196 42.185179848262884
38.571634865535835 43.679734399766474
37.45508269696779 49.42183495394791
31.00676911501195 47.33674551569338
37.14159868983195 42.01359767728525
35.727163911274744 42.37437312814624
34.765707263830144 44.76554959093146
38.9706705005783 40.9803719161024
38.65840551259289 41.49874990661859
37.829910033809526 43.933712777413064
37.66060606060608 43.86994495824966
37.934371798631645 43.428694471196316
34.05463364115588 44.21331672805684
35.7805860730313 44.73312903220431
38.18518386160165 41.62565991747866
31.0185669912316 47.58499295069404
36.68655095232239 41.577131624064194
38.67089611211232 42.79530422392736
38.1014730583968 42.17201439376432
35.49639243048906 41.70932075647161
37.11610034348894 41.9838640625101
36.998039433345504 42.16768582722631
38.01924416243623 42.385006354318946
36.92243743357878 41.45843166991776
34.96111207841342 45.37809904529198
37.87590673726233 41.589860443409265
35.311839410295626 44.455376563131175
35.454833442259584 41.17689997345402
37.32977244163974 41.003757562301466
38.39771862443563 42.42566705944603
36.538228927506154 43.039393939393946
37.34755520778496 43.74333046730017
37.411999748357346 42.824307706811894
37.89094715450136 42.56469836316183
37.47636456447112 43.16458154383328
36.195551183215 41.97926419612767
35.406723558282536 41.536605506250865
37.63962664491433 42.763737940173876
35.16150814003894 45.26795406760848
37.84171712183506 42.78671141837165
36.45621873288836 43.103543078409835
37.02053741639704 41.22570806755908
33.21343363322481 44.08490037777649
36.92243743357878 41.46180520820251
38.49868450799411 41.208277454371476
38.35255107244726 41.94162023972877
34.23297789107043 42.5710974039621
38.5521651984765 42.80943936320528
37.29579395284353 43.4605999386538
37.612546509369686 41.80769528781544
35.48579323466121 44.02364903867291
34.94242424242426 44.82680311179759
38.19408471724605 43.67234733154396
37.19113068939402 42.26973978549431
32.71339256659136 46.541694492688684
37.39889220841463 43.27532221032157
35.85229478456585 41.63553011232396
33.82085062816862 48.20706442190443
31.356630594255044 50.91920976800364
37.41364968828219 41.96868916997819
39.116604832227246 42.074314411482206
37.66060606060608 40.87017410434329
38.72677881085345 42.68766172539722
39.58756960360126 43.460499213079316
33.475645759819386 42.350062119712696
37.39096060217026 43.5044631883614
38.574098189694396 45.21692518031769
39.36224372943318 42.339084630226466
35.99799666123685 42.717071501613496
36.37173857487468 42.23352312932139
34.889428912955104 44.79285849360797
37.38708296051002 41.386773674647785
37.68499994927209 50.5241066252356
36.907417254615886 42.31898179072382
38.05885673566093 44.22470095443675
38.4303200677327 44.596706094606205
35.91017732193528 41.76666666666667
37.46363636363638 43.68466919040343
38.73792476189021 42.896140347830396
35.59598857669512 42.90380072272308
36.7559470809473 41.72977735095537
35.05479304368123 44.541041024760396
36.13798518649952 43.039393939393946
38.204535214721076 43.28633154305448
37.230110065622114 42.10582675506623
35.73107462934888 41.44854648837161
34.59625814025694 44.045421123579835
37.93478091859919 43.385437534011956
37.8496702627624 43.667177831368235
36.93072119878678 42.52472104400708
39.27198961027532 42.361819481635806
37.58577811480625 40.765923854366704
37.230110065622114 41.80965974543769
36.43939393939396 41.27445240340243
35.377024736826684 43.36434766614773
37.70819189146598 42.17926418135135
36.934099916510505 42.82833627484242
37.873464293844414 42.5506046653086
36.868358257623996 41.10276377757041
36.923853745068484 41.45843166991776
38.74873530558583 42.44559056197506
35.577707662324606 45.41564651204994
36.509669754113936 41.74545454545456
38.65250123181658 43.57676121958976
36.849538915794334 42.7655591131501
37.58379701753735 40.8562757996212
35.846867280148594 44.59573085935908
33.47171717171719 48.05694463417646
34.207233375550956 43.301789685378026
36.884740380835815 41.56908453495048
37.990450810056466 42.96038069578482
30.973831552608264 51.70385695972129
35.35098779101658 42.377398340628126
37.93478091859919 45.83649785937477
35.870455318765345 44.87826664663023
36.46638529594396 50.35028783831627
35.90447810201448 45.408308363836376
36.968698214968526 42.32255670092236
34.41160167599141 45.80063363362108
36.44873299845031 42.86020611143595
37.52075455722826 42.43498069617439
38.223475159353534 42.629800714538206
39.52433067452202 41.70889646719087
37.53567435810388 44.81328383285124
38.47640483657066 41.44159136278621
38.384003552324465 43.53261287327801
35.63295914211629 41.56016005196423
35.80719638216077 41.740977821718566
39.85026822098603 44.16660664143232
36.95151515151517 42.709506114120806
38.103584686415324 43.081381873742274
38.57589829322651 41.20324199407235
29.902291769672477 45.43489151127342
34.142200699174396 49.88745814021765
37.95270922184589 41.261642829988894
36.39101879453548 41.55322790104821
35.0645008620558 45.76836533630056
37.33450574754465 43.16098174907958
38.25870632797159 43.15992841934753
33.77209945346206 44.99375802716405
36.59988072773865 42.15344470918104
37.65915755103961 42.83850448276462
35.68662882432892 44.312078597119566
35.49639243048906 41.536605506250865
35.68295196991542 48.38374206422257
36.77990705409547 43.47428682839131
38.77005763076796 42.35854703173983
34.11896553832776 43.662142854041655
37.87253297413815 43.98739602426993
36.789773136885145 41.463525803945
36.226149551293425 43.1920053879735
37.700000000000024 41.241308005587335
37.50927035680662 44.72553243975151
36.18072760875582 41.36413533540788
23.40000000000001 61.12326658672901
37.85648415715729 43.164664204332446
35.742173334710294 41.19843504601801
38.756896913739105 41.55946906762704
37.94471201611249 44.77831793452092
37.08330801206355 42.204512123890474
37.456358000762734 43.24389737463774
38.63065235308141 41.20942168689859
38.190325503618425 42.067225932736655
6.954568611247264 86.63885399499775
30.553736270689555 54.38284199615239
36.30298428487117 42.19493368703976
35.507581313900374 42.779238257745334
38.14435143553487 43.649299912901824
37.301699017556714 44.045808016928724
37.919457860504075 41.123283370374786
35.51572078080495 42.67642423186653
37.55807559164323 41.294790095733454
38.076733678716614 44.048907140307804
36.77576681521263 40.84844276420601
37.34891151419634 41.45334416958784
38.51530918928711 41.95857319859689
37.32191136401538 41.67582219930507
35.957594016445626 42.48350508115966
39.16631150311108 43.42827716616781
38.37226438603693 43.0473357370278
37.26500501569358 45.24711462377282
37.27729638238563 42.16084249673112
38.079277093916865 42.386603366860875
36.7167383881448 42.93398971741647
35.01708620283108 42.52152955044096
37.29028186476646 39.77962879717649
35.01854736274537 44.21445617638193
37.549977993497386 40.893652854999814
37.947980914064864 41.835195988634354
38.65327379442096 43.07019607627119
37.29579395284353 43.00744575971769
38.73737373737376 45.94468027535218
36.197963004954254 41.3932409540501
37.7787878787879 42.202328158881215
36.51799792082159 43.33181265941136
36.6919597066928 40.466359722969855
36.9116513988317 42.296067017649165
31.72849723083876 51.95477659871966
36.89009122638351 42.256288198060695
37.990450810056466 43.081381873742274
37.7787878787879 41.87973123755677
35.05262270402535 43.40413376672912
35.61612851293186 43.88738373735183
29.687600612713194 47.81063724374595
36.858075787697956 41.48429680047086
35.59686012042973 43.03024409056413
36.13395540543556 43.45212633904344
37.72155145876182 41.71430790967589
35.36629723331912 45.935060950026646
34.05909122722528 43.85200125434656
35.68621594839698 41.51112030856871
38.50851831835991 44.382902490022886
34.018217835211146 41.72864469722162
35.84631924551989 43.71651618352983
36.53629232265738 41.82763722805565
36.907417254615886 42.64309844016394
36.2903661772672 43.3739105532483
34.36682044061634 44.21331672805684
37.301699017556714 42.73998110572036
37.52075455722826 42.14739894377342
35.217472012676595 41.53085732832466
36.36060606060608 43.103543078409835
35.651816176395556 44.34747474747476
36.700516780805586 43.559166123931455
38.18412267457553 44.64444444444446
34.23718002172237 43.71329417945797
37.46489166594292 41.70708101963082
38.614914194029296 40.522719848596985
38.57375657941814 41.87081927808257
34.64101387188784 45.36917071964536
38.90458916954552 43.50894235279941
34.544656701950395 43.308949372826
37.723181306870146 40.80616486120582
37.66060606060608 40.60160178064644
37.6849999492721 42.21018199993793
35.79542581576575 42.25377330332592
33.52424242424244 46.64265836576919
36.760329496970726 41.52617420532613
35.438374015116196 41.41313131313132
39.86666666666668 42.82392901868692
36.654026849492155 41.48113834956623
34.863103755225445 41.368784598737115
37.78551066680624 42.32659385493511
37.62092752589041 44.22947484956364
36.47576168593992 45.32131950924106
38.587010892517945 41.34242424242425
37.793659057230585 42.086538611011136
39.436258464336824 45.13595016142953
36.65363095038542 41.290050569087796
37.875721640430946 42.863657371683544
36.6514298555242 42.96528437532301
39.043714813519834 43.008223800980225
39.77652327929845 44.079450596614876
36.846323093386665 41.73622851333522
33.31426523248873 47.51884559223776
35.83953109290182 43.62197930599468
37.724077922206774 40.893652854999814
38.0858766226243 41.75529719661452
36.51818181818183 44.662224600547354
38.121616099492705 43.50894460735446
28.74841715942034 45.246700289449215
37.87590673726233 41.594657444015226
34.06171613996052 44.11977741044083
36.33040985456676 43.32931013108559
38.69099743307304 42.08950339283097
37.76875529549779 42.087931714223124
38.51934260861398 41.516997516001766
38.56657159053544 41.719550674389524
36.91499719228819 44.22159517942383
34.85957948701664 45.20067928593491
37.78205102915712 41.47676767676768
36.26597818468273 45.87927716665053
28.42172440340868 49.511116374344326
36.692284651722886 41.157876351897194
34.86310375522545 47.62119885853298
37.09955246610205 43.853075342804274
36.164178564250086 44.25305907311891
36.24938292137055 43.977211502935255
34.02242433846128 44.93151843576316
37.896096626322155 42.763737940173876
38.108650828993426 40.491796005475464
37.18482059570516 46.1909575940163
36.42258819861742 43.752849994600716
37.42585196922686 40.968237253296756
37.583182995677305 43.34023934634867
36.692284651722886 41.56526981664601
38.57234583369987 43.18969209311949
36.200531886285894 44.283279847599836
36.780302674988064 43.2900844938819
38.113146271305474 42.332098599277714
36.34450406874264 44.332819629746865
38.26430759485912 41.260954108089855
35.337913569476655 44.78631453989577
35.27034085746651 42.551939383906344
37.437383568375004 42.920472927927285
36.47675759697613 44.11634892007936
32.89376222068579 51.14872042793064
38.3607343794641 43.612091501278286
33.84876938499781 48.63533640437824
35.87544260764928 41.78664761557857
38.90458916954552 43.24198921751044
37.1032333678118 42.10691420847018
38.55622992650241 45.28964839467958
36.89009122638351 42.06369575645725
39.34412262455333 43.22397834005684
38.979354141107876 43.57288864359175
36.87349370454225 42.740890304829364
35.010920277377444 43.18221206331465
38.15924184325145 40.74194839603841
36.74365793546044 44.61089775603821
37.25535022942424 41.45428542264817
36.55829277255234 43.42214264190875
34.073667371806614 48.56057737605133
36.509669754113936 41.72977735095537
38.185858585858604 41.7851666817321
38.10673913562459 43.428694471196316
38.76695316774629 41.15651137995536
33.28744771924397 46.20860060978506
32.541003653671815 48.94173148884259
35.38205910843707 45.256895381075836
35.323415440908796 45.15527837698631
37.29579395284353 43.15118273982993
36.76741539304168 43.18150404487284
38.987448877003985 44.24974588131814
37.90320562980207 40.91974509746801
39.20311168090879 44.837418631438965
36.07171717171719 45.26505446101521
27.156286243493238 52.71881743105377
35.91887982813931 42.657676159314576
38.359537266837584 44.74037454090361
35.329013011820535 41.99038810598724
38.05851407195218 40.87480815387116
37.33852796476338 42.466666666666676
37.47314117797532 42.20221931704793
37.74454769099129 41.06666666666668
38.86874056460383 42.676104449729046
33.79169399746027 43.051855138620056
38.756896913739105 41.76067361802651
36.768754031149726 43.79931261569562
37.01476287126781 44.31275492448673
38.190325503618425 41.89849094557411
37.5277650278785 41.641253400823324
35.66066162793303 41.66263136999361
38.09296989592464 42.50400245552766
36.56247760978066 42.3512405516674
38.4949199164997 42.691286837626585
37.65941342952517 41.260719753557304
36.59275887795536 43.6047265334767
38.13333333333335 41.43711333039218
34.93594220221273 42.06855128336614
37.672381547097324 44.198240879767084
36.319678587821365 43.10049691804829
36.28208992345774 41.1533570676643
33.536977408147315 48.56027196228608
35.40136350672467 44.2960128922789
35.2167244422168 42.65287039495095
36.193989433697546 44.34588520405836
36.895081887886406 44.409312240141915
38.53155384898171 44.142424242424255
37.09961546321895 41.089940141293205
35.80148872910721 45.327441749334376
37.345066790258656 42.46586418511131
36.84559573236425 41.21838756644071
37.74454769099129 41.82015132029016
38.331201955845046 43.4731516013945
37.07671015975497 40.84745162059366
37.73479892966304 42.52472104400708
36.79136272532554 42.658676397655405
36.76741539304168 43.24261228137719
36.85840268256667 42.00421206846631
33.99260642551112 43.051855138620056
34.85377378514675 43.077680334008505
36.1651106222093 48.29809284505138
36.432485132926466 43.23332940887304
36.77809395680552 42.783864200090804
38.8348497526562 41.86051914014556
35.67940378650452 46.57988524667969
37.18678507721125 42.51768402646903
38.81605466883459 41.58346469786302
33.17186372999974 51.63092104648515
36.990909090909106 42.160188035854084
37.875721640430946 42.807771251467464
37.69539945121048 43.24697824090198
36.33434343434345 45.33545437824535
35.10323002267902 45.43659097323103
36.52509851000109 40.72018012552896
38.324770726311726 42.31271790287459
35.82222222222224 45.132517125146705
34.72823537716684 45.52026361477417
35.731391064753645 44.2382038560684
37.50927035680662 44.305156889727506
34.89873505724865 44.02512106705683
38.761298900851926 43.68466919040343
35.64715296683538 42.535938743782346
35.33692709699274 46.358475064455966
36.9343909951379 44.27053026437585
37.91438348627011 41.445025216312786
37.27711329386964 40.765923854366704
34.62744884737962 45.50502768920934
38.70983095286937 43.58095814187778
38.377517547591076 42.99093925430922
37.46363636363638 41.988410402562565
36.20177712344927 45.37675947610145
37.931118210399674 42.314585334827406
34.99865236452804 43.73626252779085
31.79701215095961 44.38889294912848
37.22287707178635 43.60174897416664
38.16967120292488 44.929746208241355
35.89281568048528 43.79595959595961
38.29090909090911 42.23015707299697
37.793659057230585 41.488606166036945
36.041185022936176 45.019152224236315
35.94762191000131 43.55306819749284
37.08011238882867 44.20029092932081
38.44370986797152 43.09178295803988
38.146354561305074 43.92375145696171
38.8348497526562 42.226180404545865
39.3323005963326 46.13039841628371
5.388217030007069 91.08305164839813
38.46853660996474 43.24933240628528
37.690854445724014 43.639325721108214
38.183762730855086 41.131195862996734
35.96266366820852 42.90168344535543
36.685380653485176 44.838671385765466
37.19886507360117 43.24389737463774
32.32248991061417 50.60305692501586
36.999279134793305 41.73657572984368
36.99938646807664 44.07404431304182
39.16582858577542 43.107072584791254
36.95272835131381 46.17616082975313
27.623424750696522 51.40393599785665
37.01613357503386 44.33242931774928
36.77673877583767 42.88154982390257
36.42480826123635 41.75636865141169
34.10250140640707 46.36254942256
31.29482539270071 49.21383720858229
38.00701635419253 43.081381873742274
35.454545454545475 43.95682933084299
33.65555555555557 46.81003653488783
38.21212121212123 44.675348198991415
37.42585196922686 44.01374979614677
39.58756960360126 43.345323986536805
35.8653056567946 43.938849233976136
37.31258829302521 42.464987852418226
36.06870810423397 42.183425306948365
37.92146014094735 44.03264801543553
36.972112907023075 42.834984692977365
26.025670482916173 73.72905133749323
34.680228707052606 45.63598305730446
37.23146554964421 44.16520106126114
39.09887448003388 42.83836842107236
37.46032934208044 41.953024645918966
36.768754031149726 40.73584462556189
38.37226438603693 43.10237356284081
33.23838112404604 44.97808051356776
37.19269569727244 43.246312922098404
37.84096707553528 44.597693113462256
36.09797979797982 40.73196494239184
36.538228927506154 43.58101749584921
35.91685478458014 41.73381813427059
36.326883726744065 44.44065328592511
35.856472787926386 42.105318836339166
33.3608907743955 44.87967239898507
36.45337849531518 43.37528699362717
35.454545454545475 44.22093087365842
37.989419959877694 43.20303615561982
35.67067144423353 42.63636363636365
37.837199589061576 44.052263618809704
38.72677881085345 42.893687500843214
36.70813165600946 41.218741316916976
37.64395034182918 42.80250882059806
38.654864607768396 43.505626984593206
38.00002821980077 41.95612363877285
37.952269452458424 41.92903228775019
37.74099287448759 43.60378075833032
37.65749965274072 43.42469709575402
37.99292952681047 42.448437000292856
35.236731282949876 42.6879852009232
36.835427779837254 41.01591236964452
35.74809582456895 41.10629561847063
36.68203273552883 43.24261228137719
37.405003326886415 42.535703128444254
38.86868686868689 44.51043726638331
33.945097990975256 44.99834124062035
37.03271686880016 44.47547485928536
36.535003594292164 42.506055064183556
38.904352716451626 43.13865369612317
37.51111865712012 41.66219878985807
36.36060606060608 42.27134209481812
35.502087408117575 41.77149929307881
38.46097766714398 42.40283219683181
38.43583977324388 44.490623181785125
35.927272727272744 44.04721849202985
28.944582087004655 48.28811829644285
37.23955563253285 42.52472104400708
37.230722144001035 43.41379994375573
37.89094715450136 43.12171336883925
34.334560116159174 43.55142718680022
35.768570518706696 41.35391166717347
35.50086596111008 43.36490922948254
33.98079446578338 46.47170092326123
34.9205366375537 43.147865487744966
38.02138493710268 41.594657444015226
36.812206127559456 42.97575073068409
36.93308490354039 41.462089880219885
37.33626372838049 43.596485496366405
34.747842688899794 45.90768998566753
37.78831832012958 41.774374718807614
36.436550935282376 43.659976762603996
36.176767676767696 42.28620528784543
38.29090909090911 42.549512961720765
38.20641513783806 42.23542830920389
35.01708620283108 42.22032830309404
37.17182554440595 42.06708287878358
37.66698926758112 43.40751812305253
38.48393745309274 42.54880274323792
33.9069426817699 44.36142342767894
37.729275296331274 43.08742863302623
32.19019260634393 49.21607040140342
36.102950299533546 44.68237463113822
38.895726903461814 43.53104094076534
30.62884222058088 46.46967299444464
33.083453568475875 45.57144421333416
36.85840268256667 42.05519012198676
39.42164947004507 43.859492699808435
36.829453904907545 42.34170043857272
36.8858585858586 41.254483634777706
37.109090909090924 43.61761849072662
37.295357366823694 42.43498069617439
33.885691216029365 49.4823514728793
33.14739387994094 46.32876627212643
37.437383568375004 42.71780608347821
38.121616099492705 43.4731516013945
37.24739936365017 44.44222779813388
36.81220132803869 42.40095648287957
37.475948917771845 40.67117488984958
38.77247106815825 42.42566705944603
36.85840268256667 42.31898179072382
38.90458916954552 43.42827716616781
37.96825879335151 44.68167357388347
35.597613211459134 47.00123586946819
10.123227192670157 87.97726109764079
35.16526825873772 43.763620624354985
37.77196922171579 42.38021940244302
37.38642076718416 44.407307408036466
37.46032934208044 41.552258751680434
36.73867708190249 41.74545454545456
36.44873299845031 41.91918645382994
32.78339284617501 45.78070926672683
36.40000000000002 44.22299836739476
36.748391142510364 44.71535617879111
36.40436980541744 42.730248037965765
36.081382930154135 42.106060606060616
35.574375683061646 44.65227495637731
35.809090909090926 42.97134829403785
35.493737794976035 44.34457053979337
38.31185365125111 42.790620335422695
36.53955922133069 44.30361815706898
32.07762256280649 46.8988474423224
37.99292952681047 42.352081960424684
33.92225850608078 42.99717569933218
28.528842163475918 52.487248731838285
38.29038646680534 42.81313131313132
36.08516146264716 42.740890304829364
36.854890757656044 41.51397781058295
26.396820849225968 50.60180933096339
30.753476178228745 48.03533064672816
36.564587593365985 42.32833042658426
36.978756629966895 42.66538166600585
38.15836980641055 42.187438143316506
36.311687738685926 40.99084156676884
34.64578764959648 45.842848615631276
38.45927145786924 41.66763848444193
37.317203494689686 41.91997000791804
37.8061169975458 43.63227301732172
36.23907527516899 42.818691652187546
36.128091280001875 44.80660095158772
37.63645785489376 43.28021199726974
37.58448527198355 43.251236324336055
37.726262626262645 43.13645353363857
35.47843066732318 44.21065900591493
35.406246678172984 42.21276218809497
36.812206127559456 42.1909090909091
36.229292929292946 41.711684613918095
36.883400930559155 43.59828358676279
34.034515561813265 45.66685575162462
36.58227251661326 42.34925315333482
37.92462480662563 41.94015636615501
38.969692980964034 42.907776282939786
36.226149551293425 42.98426702072906
37.242758926331064 43.00744575971769
38.185858585858604 41.88577476976384
32.584502220069545 46.47943325610192
37.66913400929101 41.923525415897615
37.29897834529734 42.7655591131501
37.82530613642654 42.08501694271994
34.79197240761165 41.584781599214736
38.670926600152924 42.54200281064736
36.69122665177228 45.267972039052424
36.91212121212123 43.6612102839732
35.83953109290182 43.92477228474265
38.02863216765452 42.27712845692957
35.80723992230203 42.11327617886526
37.47569739304352 42.96038069578482
37.54270037137582 42.260784628965645
35.454545454545475 44.22971158853205
37.24315952586243 43.60051700316234
35.50043771741937 43.15859593641844
34.10693487346939 46.436711792730186
38.77005763076796 42.551446001894796
38.35255107244726 41.68936009670307
36.73650999438799 41.51171339259489
35.09172615023937 44.59220130531821
37.02059540815079 45.02971842326476
33.10660367621862 44.547379158369694
37.74233154296349 40.824040641636316
37.25435875993946 40.74380623911904
37.33915509014783 46.08423172157171
36.16028560870968 43.301280856244034
30.72153264007446 52.02817000331909
39.57735906158849 43.32222222222224
37.03961753453826 43.054815323215514
36.895081887886406 43.4651707810159
35.8395676653665 44.14511394221014
35.01885990662945 45.37793489608008
34.70685405662445 43.44072200785577
35.95519821016978 41.001388643153305
37.78225453184143 42.41630308803613
37.46032934208044 41.924466440391335
35.79542581576575 42.567853559454136
35.95258303774969 45.082723442286856
38.92752040841001 45.11652858196933
37.536520957819576 42.385006354318946
38.043256305733976 42.551939383906344
31.427506583703963 46.31032294694344
38.571634865535835 43.7379685125632
36.04659829768737 43.93130740361377
36.54982002868468 42.587122661784036
36.66723532071918 42.41785268095803
36.890964919978884 44.52131560826594
37.848471644421416 41.59777864930169
37.88280610744181 44.713052540256754
36.319678587821365 43.27287700072529
35.688863408612974 43.28674070294527
33.98943615660657 42.26216161572491
35.50118544745472 45.23061798265315
35.13957610940231 43.41851097541104
39.13970080244651 43.41803759543793
37.405003326886415 42.46825646914428
37.326386977963175 43.16458154383328
36.00706575820485 47.28836989694638
38.077369250067214 41.55381214646971
37.95270922184589 41.14979434399283
38.6772669261136 42.76002681208734
39.429957954268836 43.2543926257554
36.11808741411501 42.711694152322835
37.386004926468246 42.306108855393354
36.11808741411501 42.973063242823656
37.55601348674058 41.386773674647785
35.98371859137458 43.37721582259528
36.16363636363638 41.35931557810886
37.553207019510666 41.00444199111285
36.32319819494175 46.92299619285898
34.073667371806614 47.95784344779314
35.234375443533025 45.07382221901875
27.87877123215242 55.142423822406954
38.876703122712414 43.2981347099053
38.17272727272729 43.06170759810925
37.906581959704084 44.86422187253149
37.850479925522336 44.58730889896503
38.21704248512766 42.18120467536655
35.72311462553011 43.429308730948506
37.73479892966304 42.574513283670356
37.91438348627011 41.5769433734496
35.14345981229969 43.00135272852311
37.404986252083596 42.72993282709635
37.49958236352878 42.89343183131605
37.43034798057705 43.13252016063901
35.05048627500687 44.31476072467392
33.85252525252527 42.33440517660881
35.65151515151516 42.59250207381216
38.15036662095078 45.46740490961654
37.78551066680624 42.46693322811954
36.4276001432062 44.446464646464655
29.896698118023586 45.30144416622466
37.6998906342735 42.4199631635102
34.631545885174845 45.25176991650395
37.68822497750312 45.77298894392388
36.803517669763245 40.58510735579777
37.46032934208044 41.96449477277899
37.11424836729256 44.15759792833336
38.762632393945104 43.772659718105196
35.72354555538434 43.67339629224484
35.859205648484235 42.95075575909733
37.8061169975458 43.96244888457993
38.328977436911785 43.50606060606062
38.45675932821184 42.188851016576436
37.22276762152636 46.010028353507394
37.01074897298688 41.56526981664601
38.57589829322651 41.684390996821236
36.22623490073439 45.59068773215696
39.08008170184693 42.363516246471555
37.43287991129878 40.85466397178706
38.268987326804236 41.260954108089855
37.54885632454906 41.840771554581224
33.518727272426744 47.77340470558943
32.90123080912562 46.20835114653871
38.36255115653702 43.224858954359746
36.53118720074808 45.77904154237882
35.50446176229577 42.54122005238566
38.29485119056056 44.2294162359916
37.2355182155278 42.730248037965765
36.071502167936785 44.546021214906204
37.04864398930465 41.089867911927676
38.49827962285996 42.841346899588125
35.24311648954753 43.770867846379716
37.69969819593806 41.23261784270838
36.164178564250086 43.963285248426104
38.17272727272729 43.64346492013957
36.09221393522763 45.34091888249917
37.360604668025275 43.01765140760827
34.43958455343812 44.455376563131175
33.34929832710341 45.11303938317188
38.53078626357792 42.41793010495346
37.0633138858054 42.716912819728726
37.13409305535203 43.31132541603563
37.94610528820746 41.209276936404216
37.022136975549394 42.350062119712696
35.85229478456585 45.55656565656566
27.30000000000001 58.024185229671886
37.005535600580316 42.88220361932064
37.15403385143328 41.4466428974413
38.44370986797152 42.887764249617575
35.04532673242199 44.870402923720356
37.738015865833425 41.32972453745683
37.38004822943992 42.88220361932064
38.61854622573792 43.10779212183383
38.06166436793731 47.24456160614847
37.77612648767453 43.16444823479487
37.63347719438087 43.563785046823156
37.18485581708102 43.45236053077935
38.18518386160165 41.704989618588655
34.334254728910686 46.251073306378714
37.990450810056466 43.52061434637697
35.26846514183202 43.453072990275096
36.42296637568437 43.05121029363804
35.96929022220751 42.338378318368235
36.73046600932092 43.02930044387933
37.20419033803203 43.94733817798896
36.76864736691897 46.0246233891521
38.52838787013839 41.957834228082255
36.41148434537677 41.49608398243201
34.923140621801416 48.116840215130445
37.08892778621024 40.52642719108373
34.64101387188784 41.72369493322754
36.829453904907545 42.2521476404864
37.621260697885695 41.43711333039218
39.29588581479903 41.93735235256129
37.783228292409255 42.963355280043515
36.25850226755944 44.96455616288879
35.123603107249274 50.33094381219345
38.00002821980077 42.15280777845659
35.6738805816675 42.96752346996037
37.11475249149485 44.12945704226292
37.93650595474801 43.428694471196316
34.92455320200115 43.476773035775736
38.20781801927346 41.87272727272728
37.67641788947759 42.14739894377342
35.61612851293186 43.72441841367725
36.285466832783534 42.529511062331935
36.11016401377594 42.256288198060695
31.553315424033162 50.35028783831626
38.829292929292954 43.05247267349502
39.116882628592684 42.09130768714428
37.27752192470662 41.01116935514651
28.42172440340868 48.69299613588855
35.25589619488197 44.705383062977106
35.07314925725529 43.68611350838738
37.83945765414042 42.64996315203563
37.88007245778494 42.63347036128833
34.486545273107915 42.57436038556591
31.636039473268426 44.35428827928731
36.74397219590504 43.2538863351097
34.989238329669845 41.781257866578585
38.48393745309274 42.71901662309576
37.77953366175682 45.32681880337862
34.23297789107043 43.91663994786475
32.17518137098516 44.24671638142712
36.47324137168377 42.643245128941544
37.921379549367586 42.61372979814716
36.93563140082276 41.961563851428735
37.271984217544784 45.46361391245514
38.603180704453486 42.896140347830396
36.884740380835815 41.203639572201716
35.234375443533025 45.61175865442875
38.63945177157626 44.80508626761233
36.10561841719944 45.77301641880715
34.60070367620239 42.93261665764999
38.17272727272729 43.60472653347671
35.329013011820535 42.110236182355855
31.553315424033162 50.146518408601644
36.93838383838386 41.84924101390985
36.45284625145206 42.88701004558871
35.572727272727285 41.89463394158531
36.42296637568437 42.709757224251
35.679092463283574 44.82272865483985
37.09595959595961 42.52873414711165
37.56868686868689 44.037831937685844
34.810429627402186 45.086992258742505
35.49301678224067 41.681818181818194
37.66060606060608 40.92281402296543
34.18410131830194 40.8801861062913
35.304408866051084 43.26819611921613
34.08322521585636 44.78918771268282
36.43234606243562 44.012841977412094
38.02579038280919 41.51976392220043
36.06081698156263 44.180106453479745
34.946068637125066 43.272494413104745
37.53254691858721 43.181830505467595
34.95427713715139 41.90750328415732
36.77673877583767 42.82750152911301
36.290585961025364 45.46361391245514
38.15063755533361 43.97792253599915
35.65532551525173 47.827381969555766
38.03155513972702 41.23931588528613
38.592776116006206 42.36731120628118
37.65941342952517 41.00145125206413
36.802012830320315 43.950558958523565
36.78481558468049 41.347677268309795
33.546519409675575 46.51029480792747
36.9901890659966 45.86327290213925
37.57559189390223 43.39029859624073
35.77360630001741 42.264407077808315
38.26430759485912 43.310060971079665
35.93630226799238 43.2294054098591
36.44873299845031 42.27020470955489
39.6118969760871 43.744515941388556
31.062489713315124 46.07814220355004
36.89723098035523 42.34170043857272
36.36247185364415 41.82763722805565
37.14704297074355 42.97740198752191
35.002016004189514 42.85703903858571
35.827319948215816 45.56234484018097
36.342216942592295 41.716891298943814
37.90138524056136 42.35227570620578
37.75711663794134 44.10412329804339
35.603993485347395 43.098098524126655
35.34127060237504 44.88765885881711
36.48629083192409 41.97015023563964
37.47314117797532 42.44545454545456
36.884740380835815 41.42020202020203
37.52929292929295 42.288410690705845
38.34400890604746 43.1234103555945
37.42585196922686 43.62644059304046
37.674268292945584 41.55381214646971
35.851018304118114 43.137470894362885
36.895081887886406 43.49840805805106
38.11037414226897 41.42949311968382
30.833247304220187 48.44496270281501
38.927670513193796 42.37023302035636
36.7470574871326 42.983257095060935
37.84994707653817 41.249013633652716
38.09436310893813 41.24167323977428
35.242708744825116 41.77149929307881
34.83412524861794 43.72563289554741
35.622874352194756 40.17737199487687
38.29090909090911 42.50400245552766
39.000000000000014 41.7938516492994
33.339332962700894 48.40468788282379
38.11037414226897 41.75529719661452
36.756076949073474 42.779238257745334
39.48319242264011 44.14543812446089
38.99478420054793 41.87402858489803
37.875571310134504 41.517428588507144
37.04343434343436 42.02261792857008
37.04343434343436 42.17390941340264
35.42958370092658 40.56108276911139
37.35807758079482 41.4190479179032
36.29494949494951 41.86017651091138
37.22682365809553 43.08001175368797
35.58403862651747 42.45079837550913
38.79131992350597 42.896140347830396
36.51799792082159 43.51385206940731
38.58059405283828 43.37084528581049
36.04659829768737 41.819725192095696
35.2668473013958 41.17905300215048
34.56369757601395 44.248484848484864
35.77845785826185 43.16338798988735
35.41515151515153 41.08841809441227
38.02022403092852 43.156778249244994
36.41447414259872 42.61570337648201
37.18678507721125 44.28891304016094
37.65915755103961 42.45079837550913
36.5963143245965 45.392651634391164
33.386466175054075 44.055228860571646
38.06719858409415 42.03631658748211
37.65941342952517 40.9975027407891
36.99477351135262 41.84336376958611
37.405003326886415 42.71068896746033
31.056854294586067 50.35556064615178
38.70316948522 42.274557024059774
36.10279262062385 40.72659292485355
37.84994707653817 41.26647029018807
37.10860358369524 42.78995979211553
38.3604260915436 42.36767676767678
37.39856679886351 41.81973438364634
35.7805860730313 44.06815254089235
36.019953040151236 42.48350508115966
38.01903938327896 41.65341993897073
35.637008173322826 43.64237328928952
38.430320067732694 41.71336075259479
36.63865046874365 41.01717171717173
34.360280369912694 47.51009816639814
37.85648415715729 40.48852092763741
36.31531965160067 41.67987621657023
32.446415776641516 45.934654151433854
38.27095988882344 42.165282242724956
34.66666666666668 45.16769689882378
36.77542810244244 43.08400780919061
37.38004822943992 43.43024060680216
37.91891732643357 49.660255196681774
40.00891243236216 46.654168834315605
34.37043324232819 45.41830446472757
36.69848290813543 45.5629070874639
37.16645995593505 41.419203004655564
31.057129334963708 49.008060581417425
36.77758143461894 44.34710405278298
37.64784181710943 42.10357650990474
36.6514298555242 43.297520093150794
37.38708296051002 41.71430790967589
37.50199046398573 43.720214190236376
36.16028560870968 43.301280856244034
36.268686868686885 42.95129084221531
36.82683937890117 42.658676397655405
28.584859703479108 49.30453723934743
38.86868686868689 43.99868033627098
38.649374842090594 43.16520688663119
33.71300752376019 44.60635413913338
36.6559338150482 41.09613567857726
32.823240415120814 43.87458209948269
37.16423132679354 41.52664060822948
38.592776116006206 41.77784714177646
39.551068293461235 42.28583080333513
37.410017105214834 45.03517058600131
38.313017518099336 42.644360366248584
38.72677881085345 42.84708763333219
36.53945322198213 41.545293244576655
37.05737083405293 41.462089880219885
37.46489166594292 42.16084249673112
37.76315837010238 41.8984021629825
36.44251081509348 45.4275962493095
33.263074152565984 43.65639053398296
32.41627504601598 50.40449533528712
37.229402721519335 41.92332938056373
37.536520957819576 42.04539853087116
37.80904474527261 47.87210061970243
37.69207300126264 44.979544065236325
37.41809825729549 43.421212121212136
38.32626472580868 41.55905472992132
38.42363302776544 41.87402858489803
38.70222459649197 42.37529250505584
36.324363516239224 42.21709489170732
33.81034853439055 44.83895980672504
38.19029539448222 42.42221914207878
37.678979519095364 43.18969209311948
34.868738459870265 45.36395972181732
36.16363636363638 41.55961504819601
37.99640373806385 43.846819475545466
35.71062402601069 46.32020202020203
35.74247159822607 45.9401130436289
37.82530613642654 45.53040666853652
34.09318109718377 43.124367525775234
35.22591703461956 42.860570781706734
37.646666951520196 44.4614893324071
38.246904307121476 42.32401408325503
36.451008685624984 42.71543204916181
35.846867280148594 44.30126915053817
35.921446866713794 46.25589896857733
34.732323232323246 44.11860510445306
38.65250123181658 43.06599475690408
36.92211045032718 41.66313394855795
37.344557075746124 42.534877219488855
38.34400890604746 42.896140347830396
14.454280361788637 83.55170937454207
39.203459783516244 41.37886340621045
36.89723098035523 42.6410920197104
38.197903689090616 40.818302648637584
38.13026743453938 42.90313489483427
36.37556978988227 44.961942991448325
37.52371441250307 41.43217026986852
36.70813165600946 41.44804464650743
39.436519405725804 43.287929581434724
38.603180704453486 42.84140855581418
34.355657478006016 45.004868233178286
36.530139335237976 43.74333046730017
35.97030286026901 42.64400769384277
37.52364369324551 45.064809517234885
36.87272727272729 42.45110647261223
36.195927002948274 43.065464145946386
35.92959110638741 41.796122489657456
34.09318109718377 44.626070180923634
35.77360630001741 42.07609199713778
37.43219538703991 43.096977511807516
37.55022159180771 42.075167652199006
38.59740942942861 40.90136075399923
37.30927425507711 41.198656950120444
38.99716336637093 43.66609120551928
34.14982886327784 42.93261665764999
38.19029539448222 42.35227570620578
34.78800170231825 45.07012841307758
39.798800369631394 43.24726977421818
38.28188307298841 42.51958203828189
36.780302674988064 42.50106788237673
39.257954289524875 42.48550656708748
35.67411511577497 42.95215076945057
37.16871310437965 43.55168762995472
38.287116345087725 45.69752094197442
35.143617867796934 43.21973759053518
39.10442276905932 40.955008673236875
32.61863961906954 43.98313438045398
37.98149082530892 42.717071501613496
37.63962664491433 42.558093809965754
37.43668055912755 41.3276590255883
34.780498770702486 44.58211357683958
38.00002821980077 41.92587050662947
36.55064272288418 43.06982755923823
37.91274365850325 42.43844575027464
35.50043771741937 43.756269436970264
37.95816032862533 45.00486823317829
38.44747700178837 42.17201439376432
36.52696116073596 42.90168344535543
37.68508003849134 43.95528213169266
38.34400890604746 42.85460435181141
38.499860023438416 41.75529719661452
36.188239893966816 42.84954295871875
37.061616014504985 43.06187430074307
34.977532425524565 43.39486562220176
34.67922662571477 44.98285337335302
37.348178607793564 44.41780418719833
32.84968168134007 43.70068153934527
37.63347719438087 43.40751812305253
37.45009380072311 44.22370428089433
37.9284969671589 44.17870831546089
36.87729035143805 42.841242972135156
36.58273569329755 43.92334013021571
35.91272221906134 44.09583866000967
38.34258986413862 43.16666666666668
33.76209050098178 45.97899356840386
38.1827206631652 44.47358597450909
37.61756758008446 40.34664255077374
36.538228927506154 43.38326133682816
32.172715402642666 45.20412633775734
35.8395676653665 43.94248362035566
36.883400930559155 43.64894648991844
34.62021801755887 44.01515151515153
37.46032934208044 41.81289577755299
36.868295653194146 42.88420413289691
36.26597818468273 46.09532009706727
38.57589829322651 41.22954200745018
35.27269102957468 41.58570610617984
38.27464299633047 42.34335144574994
37.532060882698175 41.774374718807614
37.05737083405293 41.69810724344657
31.69052680637876 43.85945130052277
37.31868625238443 41.924466440391335
36.50751617494977 42.06127032463758
36.0100330118848 42.23923484652705
36.83228296291571 42.89893121669605
37.06561357457097 41.828308074089676
39.38198607815122 46.16828680004232
35.27034085746651 42.75757018290653
35.21818181818184 43.04404093725078
38.18518386160165 41.704989618588655
38.57971372530184 43.78268446627449
37.60583409050864 42.534877219488855
38.62829993889261 42.14890067422584
37.089268496380804 41.71902563549745
35.32680737239641 43.86941003949718
37.32681972341834 45.90870121282974
37.98298580954661 41.08032368815591
39.20813602912585 44.68167665540963
35.234375443533025 44.3224093351258
37.46032934208044 41.96449477277899
36.38710142038621 43.55900134805009
37.298978345297336 45.313964467208336
35.02763233027945 44.32979640334832
37.298978345297336 45.472782974249725
38.39999662888344 43.5426022201328
31.95039394567744 50.35556064615178
37.41111111111113 47.36513673119466
38.7205156002117 41.51976392220043
38.3604260915436 41.94089245874065
37.657145498525274 43.6002225484096
37.63962664491433 42.783084497581584
35.572298162180175 42.14996795024737
34.6637782703584 43.35680833609924
38.1522018972669 41.39377699177879
37.551764469952055 41.79714434695957
37.60754095923657 41.09612491754698
36.80505672411491 43.44242424242425
35.91685478458014 42.27657326363733
37.84994707653817 41.3471950120797
38.641504368677936 43.74948159985885
38.80360594057079 42.35671094224478
37.96593261405565 43.137172049533845
35.02666869749114 45.10273958827546
38.670926600152924 42.15352165056078
37.017171717171735 43.58401343115375
37.8839883423891 43.480781871577506
38.10024621959445 44.181357582061366
37.200983160526526 45.4701303948963
38.958284693272375 42.227717553884226
36.14882585961511 44.95669725825407
36.99041087398847 43.21037567198499
34.463502994714005 43.308259263770964
35.80700635338029 43.923090653826556
36.36060606060608 42.564893081587684
37.77818739571539 42.448437000292856
35.33380427504702 42.920011966757656
35.46376904496035 43.37721582259529
37.583182995677305 41.54495527739738
35.01758418964908 41.4909090909091
37.11610034348894 41.203639572201716
34.502462928950806 44.1845111920581
36.86090878799363 40.67130836324872
36.801876669737766 45.01669276957528
38.724523474949784 41.42027421350689
35.41084963754471 42.02177837442548
37.93174389854034 44.96755229060351
37.07612083600782 42.19888652495091
35.19878792550234 43.770867846379716
37.788759946922745 40.991360684341345
37.0633138858054 42.895518903052064
35.7441762970073 43.50027841604269
36.14149644615823 45.180220454642495
38.70449342334304 42.603793052353744
36.07287774663503 41.59157528744636
36.5395592213307 43.68298076432993
38.13430113199826 40.77804512829271
37.952269452458424 41.95612363877285
37.63645785489376 44.13146065525623
36.605817365041844 41.305102036029474
36.28098263794106 42.697464035996894
36.46565656565659 46.02817791551041
37.596704553442535 41.334644701520304
34.43958455343812 46.53974746680303
39.41755063040836 42.68897515052753
38.56152924274435 42.747197738055355
36.061125401818366 43.58101749584921
36.43939393939396 41.257575757575765
36.768754031149726 44.012841977412094
38.991787198064806 42.8085972042634
38.12117172681351 41.98575717919122
34.91480020156097 42.03425126692738
37.47804289760472 44.19697590464273
37.395470971664906 42.71780608347821
36.8349691757347 42.11313131313132
38.38361232316574 44.452820483294
35.742642715583756 41.84795509262848
37.61401274450949 41.08946089116514
38.13307423477885 42.763737940173876
36.19775740726792 41.19018060190102
36.6510493063372 42.281846145948016
35.173315228064475 41.171543706753916
37.240923012358216 42.20880992387457
37.07991266802059 42.890909090909105
33.54192798362637 46.60080498577123
36.34963355473797 42.81544741773152
37.78225453184143 42.13665383207436
30.733945380535097 48.767414338578355
36.50103718028435 43.808800330887856
38.895726903461814 43.2385179277799
32.85473340146487 46.108956539954164
35.77137290401592 43.80500772048912
37.21070631063523 42.95267195184931
36.661008319281706 43.75982963455927
36.04260918375334 43.35509797923224
37.06918214181453 43.94926957664824
35.81075622893528 42.34713554806956
34.09271866259018 43.04404093725078
37.312496851113096 42.88245554823418
36.661008319281706 44.27516638482087
36.83811463966471 42.564893081587684
35.33636363636365 45.67478647986236
38.185858585858604 41.59907630272796
36.82228738323873 43.56760544808318
39.04722724081417 43.336126709459585
36.31531965160067 42.03631658748211
38.587253930615 42.99052492315882
31.735622601598404 46.80977809786309
34.90161097612304 44.99375802716405
37.405003326886415 42.52000419794185
37.74454769099129 48.97684816738353
33.42809791128375 49.01773789906318
33.457743336148404 46.44879844500045
38.245415805929795 43.04009149702278
39.074005067585446 44.34695066987388
39.15757575757578 43.3392926892162
37.45145970409531 40.423232323232334
33.558189371425364 42.883010871121236
37.78831832012958 41.988410402562565
32.85894754957064 49.16859962678054
38.535056089653736 43.853118029716654
37.87590673726233 41.85821309171527
38.186010065317916 41.495019206454565
31.603209560937803 48.639140423204175
37.46489166594292 42.075167652199006
38.39859613113776 40.717903636393736
37.24442679772199 41.70802798819428
36.0848484848485 42.505093122350495
38.9674234984397 42.740991933063235
35.916211591590304 45.15488822721638
38.238383838383854 42.22020248681493
38.95116659819581 46.30164685582125
35.70837828508367 43.766967662911334
38.75383131252492 41.21227269700874
35.38560340928829 43.098098524126655
34.34824044289222 45.86505344645209
37.25435875993946 42.5593964193862
34.548331144253034 42.38225823378824
36.229455861427546 44.88743839178642
34.41142665371381 43.30019976792086
39.116794684572575 41.600137897940144
37.674268292945584 41.30577323969655
34.70286252907991 43.17676204744484
34.6432184606277 45.94756434408041
34.673904265899154 42.06061701209606
36.53735625273137 45.58875072843036
36.94704455634652 43.58392392256074
35.28444335117552 46.139136727337146
35.507581313900374 42.58244408338198
32.50947649748871 47.32422609972503
39.199527133994614 45.88950758397753
36.33260787226721 44.64541796246519
37.46032934208044 41.685595145222855
37.91438348627011 41.97884316153669
33.400526127913096 48.05203844966504
37.78225453184143 42.36483585609767
36.34654633365373 45.64073969351709
36.96085828418603 42.47356517460409
36.55712343589238 43.67339629224484
36.34963355473797 43.00898303593139
36.51279088988668 43.601093732385436
37.93268629842998 43.38425167086563
36.74181779503567 44.017711015969994
36.71773889012157 42.88154982390257
36.93542124090629 42.18212503797806
36.96085828418603 42.66828974464761
38.540404040404056 41.52089629570257
35.376711439672356 41.93938137076057
36.188239893966816 43.033806579638984
36.97755383223508 43.51385206940731
34.15259787358843 44.48137781185307
36.00502021495804 44.13715125932013
37.00742612214172 41.92222222222223
36.11016401377594 41.81547907671286
37.67641788947759 41.96868916997819
36.39101879453548 44.162667861832034
33.5097604867845 45.90768998566753
36.79393939393941 42.0324181861443
38.06983530569962 41.59391674073448
37.89276630427776 40.90319607445249
38.80848085899495 41.191310484255965
36.692284651722886 41.68001071869184
39.31968573941104 42.782072036163065
36.93478608104581 41.21140105465773
37.79896690033975 41.75150426451479
36.89723098035523 42.08527279070866
38.51530918928711 41.989608174797404
35.130527561518925 45.16268242467156
33.08035237285257 43.08181818181819
36.530139335237976 43.55092331919828
37.088816256350555 47.71527460310273
38.81786606353703 43.281040444694234
35.08434192364201 49.65384359272136
37.07970206102452 42.077767155132904
38.84337236745109 42.35227570620578
36.42258819861742 42.01359767728525
38.3694308283645 42.10440227919868
36.9154901299319 44.639503273933045
37.65915755103961 45.10345502010748
36.75861954021543 45.19194717164452
32.97243526791052 55.52573186272552
37.45009380072312 42.03819235360588
38.870596399134456 43.220120345750345
36.74181779503567 44.045808016928724
36.7559470809473 41.77209609723143
36.195927002948274 43.62508814759048
38.10111560644711 42.62421734324549
35.60756001786685 43.18007499876238
36.7876050887891 43.30935903801251
33.36485898220451 43.04675058057731
31.79943578361904 45.51652619000276
36.44873299845031 41.86017651091138
37.47552103381205 41.254483634777706
33.92225850608078 45.498770033511676
34.75514071924274 41.04634731683208
37.73722213495808 44.50843156187946
37.43432675969012 41.828308074089676
36.20538642585029 43.301280856244034
36.58227251661326 42.077767155132904
35.72354555538434 43.91006055976737
37.68508003849134 43.85131322547907
35.11609750669089 43.97983509850978
35.581785453974085 46.78381140575749
33.684817593398556 48.7179626215532
35.77871952421409 43.1920053879735
38.81463942040923 41.63936715447207
39.385592319439844 42.59500087510251
38.540404040404056 41.360581340994564
36.2595592173822 44.79576587832603
35.34391631588876 45.738909886584
36.197963004954254 41.582798352323785
34.48850412258353 43.47586301729363
37.93636363636366 42.06811448859302
37.547709846081425 42.692590923115844
31.764202838767897 43.66234556484295
37.2898136232299 41.48292620085477
36.326883726744065 43.68032868727677
30.99226417078574 47.44713919325217
38.5521651984765 42.927021305786404
37.79896690033975 42.07940787090142
37.11866321055649 40.8959743001593
33.134658737825035 44.765757429684186
35.87819293874099 40.98778796754261
37.34136773088967 43.18969209311948
39.416467852369806 41.70022202376341
37.35807758079482 41.92249181152376
36.47476667758447 42.69399910003061
38.41544487124033 41.10367964989245
36.10473141122315 42.61518930715999
37.49958236352878 42.2596469176434
37.54674215536487 42.52472104400708
36.42480826123635 41.35931557810886
37.41904654700802 44.15759792833336
36.98984803867415 43.88888405611232
36.52683210213134 41.817228789134255
37.0633138858054 43.36322453904145
38.41004516848724 43.734618979900965
36.884740380835815 41.462089880219885
35.54839518215034 43.65484759207774
29.710527954082483 45.021206251413346
36.74165047745168 42.84012705973913
35.91017732193528 40.69209754127236
36.748391142510364 41.48292620085477
