34.40679990339318 38.1439344452015
32.97555765848389 39.442794013886065
30.395897461239407 42.737897508917214
29.940443383925594 41.12973002294203
31.86239165152862 38.10453806962712
31.86239165152862 41.42745198135784
34.89436683358603 37.51988800141447
30.453111717291044 36.09483312096029
34.85771030231026 37.656554414006784
32.00461459277387 39.148432765923594
35.00510019788028 38.47773081817909
34.4367901211054 40.894708812139946
32.45655031884613 37.05310849418758
31.400473319841346 36.8119405271212
35.22011161722718 41.768939859579866
32.97555765848389 40.15332689043758
34.581387996423956 38.40615726223955
24.731668243862917 31.86239165152862
34.59179043439633 38.22470211630353
33.67585446234727 38.170349651362535
35.703010660460926 41.72032852060967
36.449768864761964 39.233169633382296
34.28109605145163 37.16556507730208
34.502865523253924 37.68817741814812
34.502865523253924 37.9630581021457
31.218706971699753 41.34974397577665
34.19984170848555 37.629644905533596
36.636367879877824 39.83201224425168
34.52518824682089 39.85207650494257
35.74280936135346 40.915297788067946
37.4530147551784 39.92596668723772
33.624179386495896 39.22179356708827
32.93701687595735 41.02202029224222
34.52518824682089 39.02871738415726
32.23984053949082 38.92356691897012
34.19847323445415 39.77995708089432
31.86239165152862 41.50039249651844
32.372788335529954 38.562475695947775
29.940443383925594 36.89765173715886
32.469761785562824 37.43017720846977
30.853213035225373 37.695969918153025
36.80805226187423 38.771259968988204
33.83902296571188 38.92356691897012
33.60952266162667 38.327009459565446
34.22324029343299 37.43049338982571
26.37602584390765 36.96644413640861
31.001111156933817 36.92101358196011
30.0 39.14581491500506
31.597152132388217 37.63306527367192
35.712511592797284 40.20327837860063
29.091706734488483 35.79801435955724
32.35239733431621 37.12526758054182
32.591210001273836 38.765047542094415
37.530928478998845 39.58455966619904
34.94586452333517 40.72846144297808
31.93112169731774 41.104758435640555
32.61994936591642 37.43049338982571
33.39162702128615 39.10008742221981
30.395897461239407 40.26588581450503
30.03340290514267 37.53634066497869
31.93112169731774 41.891391690033544
32.642471217489096 38.85168587491392
34.59179043439633 38.7896867459109
33.389094666167 38.88154919984732
31.93112169731774 37.83069651877036
34.58391849683095 37.99328466185992
30.395897461239407 41.04807843826806
34.01974843654629 37.283505834804075
31.358056722212776 36.027834812190974
29.57716602886 37.42555422990699
33.71017473019538 38.34183541867631
33.80395228973811 38.023670699083915
34.400168156141355 37.34424810502294
34.37013785937747 37.68771691327128
36.757563434010194 39.543383801014485
33.42102952743068 37.262590512324245
37.19405288214635 39.396962089031945
32.48678405617285 41.44176006206504
30.0 36.93250042861308
29.51247017719266 36.070796883235474
