38.7924507844711 40.87173593665722
38.849300443221836 41.09766468741429
39.9968726622551 41.97173758445506
38.95976150400646 41.15085286336002
38.533593424520234 40.721704231091095
39.056856634612934 41.22362902882983
38.0124844445819 40.337036556271855
38.729945096762265 40.96045704652701
38.40561463604084 40.6477192331631
38.72048040315625 40.85081809595901
38.847972356955744 41.0748993708222
38.71551393367399 40.87234094115304
38.846639083416584 41.21785217660725
39.477204354045085 41.81634395991924
39.052677694774324 41.263657745154404
38.35479244146016 40.653639365686075
38.933687123870726 41.17398166608703
38.609361415257766 40.84853784635446
39.03983552798283 41.29591265046181
38.483229338827854 40.673099038953104
38.73510742448976 40.91740510736931
38.811645201504795 40.999491562742065
38.79409906118649 41.30778387026552
38.96054454871007 41.165085398940455
38.249997645865264 40.379175443144504
38.83362116224613 41.2897563159704
38.95978713326857 41.045369423968985
38.73426353674388 40.82421121610861
37.31274072308603 39.68154686226378
38.73002101423961 40.97980920444064
38.68458898814749 40.99097711832944
38.960719158927816 41.09622473003181
38.5784090920727 40.95329489591424
38.90486070884181 41.22504959553321
37.745864417372935 40.14369897347496
39.19812530122792 41.28591482491871
38.443146229758355 40.7490172093159
38.92659714509791 41.05509324566591
38.797609760944155 40.9948121228595
39.12840698304809 41.5052480961432
39.28666522353757 41.44323016344936
38.56963590049494 40.847417806379795
39.06330399665692 41.443640309280724
38.40287116063817 40.63871475308198
38.42775357642804 40.711286808673314
37.90411555386291 40.17833265942722
38.40076173924911 40.6757583530926
39.26835107455632 41.28103067396378
37.73938342734081 40.202973195751895
38.99404918787719 41.16910141209154
38.70114599751761 40.86534706734537
38.57370092744741 41.0034461589047
38.999222182152344 41.14122570952658
38.74690241396145 40.92639574393031
38.87236579679366 41.34959865115611
38.17831204486515 40.463528746552605
39.08419604957443 41.24633849632514
39.17073203511259 41.36851728188515
38.6074731949176 40.76849450566629
38.57618089949 40.75770824236869
38.979308392282746 41.26993102072077
37.93465571356124 40.238351278681805
38.74206021899761 41.02695895547684
39.49205871795991 41.64560461193555
38.44962278626985 40.65160718396596
38.811645201504795 41.00320930690596
39.050625789641124 41.12959257742156
38.46236389158736 40.7642032355725
39.09800418041945 41.36112083583355
38.82816458646493 40.97537540720689
38.51241561503752 40.80067404320497
38.885184562019035 41.00564468369814
38.81762325867768 40.96848771442111
39.3691242256891 41.83267657323583
39.29786201945667 41.50447127038877
38.742057042185024 40.83771435256128
39.164970542771066 41.40090401494141
39.29123597666889 41.52087809352753
38.789625638350316 40.99077924893519
38.32175715011508 40.607150130966346
38.73441382213237 40.89371757017892
38.989765266001925 41.08847127999355
39.06884378685682 41.340500089056405
38.262492089980924 40.500433755002966
39.058467154800404 41.47352369458503
38.254451885658 40.48735159365366
38.735812449273006 41.039007869280574
38.95978713326857 41.045369423968985
38.311364060410675 40.624522506156225
39.190343135677885 41.39132184596914
38.61633032709833 40.944897217390796
38.863776388552154 40.8400596391656
39.570534904472865 41.782081522468665
38.66276657978 40.87673444769014
39.123647981588 41.285039233934256
39.12441054049276 41.35221834638241
38.44048797747161 40.7588221228344
39.006354793317136 41.441968579974464
39.074074252539006 41.207178925460816
38.97155344904822 41.182686433878956
38.75857583728198 40.924792972002216
39.156235657650235 41.36849481250074
38.63054441485205 40.7938267325001
38.92659714509791 41.20219700210547
39.18372469797702 41.31929842492199
38.66124514874821 41.010877884678465
39.18435910962141 41.302282814681334
39.046602710084635 41.23060783743503
38.03230745912646 40.522353699556476
39.63760151344695 41.72038652195427
38.42162849014316 40.708767958796116
38.27735134378148 40.62113541963795
39.14449348780374 41.33658838144888
38.690007460894385 40.934499641503685
39.05294304567959 41.30532449737443
39.13985817029948 41.28938119929829
38.40630389801306 40.61358185091771
38.882770328044124 41.14014838235169
38.526544225791646 40.937144859558494
38.62182473650439 40.865514017125165
38.8785488962187 41.01003799630791
38.83109922097092 41.07575508707245
38.49482399464912 40.753560504167446
39.02832148553524 41.28716019019485
39.24653005732608 41.530971652856806
38.643816663052604 40.93484510448536
39.292942966518964 41.503010912424386
38.82222782315052 40.86231805309134
38.630270394676145 40.747169686414736
39.45148805662975 41.6438518246159
39.263617706882684 41.37558466008088
39.016350665192356 41.34789439705064
38.93232961569169 41.185663933933334
39.12269947065212 41.236557175389876
38.55911408701531 40.81504660659855
38.68098803047426 40.86819488506428
38.89036750713315 41.28236413227188
39.08662279008672 41.22437708090201
37.87808609790073 40.13707500379182
38.75180546053421 41.00928778589603
38.86860162888196 41.096860664451036
39.2508182326168 41.592816973175005
38.767097616296624 41.107375528418125
38.439924201569546 40.581395963962485
39.35831736418634 41.54948880329418
38.580044659242134 40.749587263294124
38.58959625908226 40.978161501366664
39.49525079019773 41.6550765513168
38.899894810160234 41.16191352840092
39.20675389437221 41.454894759206354
38.847972356955744 41.0748993708222
38.34546989909464 40.61727678234074
39.41841631065776 41.57744868357538
38.49152742569142 40.683534426648485
38.513949136037596 40.85253821883744
38.52196502075417 40.863116908882446
39.40105885575897 41.38857308249142
38.615211197763834 40.75191584069878
38.52242639123644 40.82682328898157
38.693250591584466 41.033899610681665
38.83651744861432 41.047396569514625
38.90499581810438 41.180141632469294
39.14027126478733 41.271452518406704
38.88972349038278 41.24716675916559
39.59135153310412 41.737196359969786
39.046602710084635 41.2866741742241
38.36394872691799 40.61358185091771
38.45838724824997 40.61426229067933
39.5415142313017 41.77959364875166
38.79634965535615 40.89486820337109
38.75208246235952 40.864460841407826
39.05695973956701 41.17901399001968
38.6192882862104 40.86351983882566
39.07208352411714 41.16005983177047
39.05294304567959 41.440887551530764
38.949980681390336 41.27700655424722
39.06700503282454 41.22165530285723
38.74429063448469 40.96219242649688
38.63864969753965 40.982775372292366
38.49962183118322 40.676442810449686
38.67038569238975 40.848595103013935
38.40853445368128 40.790245305827305
39.11530137427321 41.18731165998373
38.40626953330393 40.82747160709363
38.44962278626985 40.6164954115536
38.65532433506591 40.9228987458179
38.291581916647274 40.625667612404925
39.183854903763056 41.30285110569277
38.99688366406194 41.38865140668746
39.105282275248335 41.27995972288298
38.70383457049188 40.828628073747375
38.96000886900195 41.208938934310176
38.29437725382015 40.63056431566145
38.26996930005697 40.583280128828434
38.780073055919146 41.024506182370125
38.738724933998824 40.91066222991525
38.918267947445806 41.201111125295206
38.86725058606304 41.13509159366294
38.54670277162539 40.80276182138928
38.91524024747641 40.999400823353945
39.2114852309961 41.38225371684137
38.65099631065748 40.94173872795507
38.41534389155752 40.70409208760513
38.921262936132564 41.12329707836199
38.63054441485205 40.91740510736931
39.08285993326339 41.25112815235913
38.62713010556963 40.87234094115304
38.67326667970918 40.95455389157293
38.231092708527 40.409225030922805
39.209348646945955 41.39132184596914
38.682101810483154 40.99130556965714
38.91634059344402 41.12610125805598
38.527310708579584 41.02741622716506
39.05299468593373 41.14229621994869
38.5248814763387 40.733623712246484
38.4195230898318 40.81717323060024
39.12177367658934 41.31913645671731
38.15256494002615 40.28642660601481
39.28153329478994 41.48242871919579
38.595162836161606 40.911350873430806
38.40363660688562 40.723319354952544
38.433488842961246 40.88851501513836
39.197797035134144 41.297899706940896
39.17412644811853 41.30285110569277
39.260487443905724 41.53003990667013
39.074074252539006 41.205661778494964
39.59705590952139 41.7659723194637
38.794762419179385 41.03318730285511
39.05000605347422 41.48773094805923
39.10732189967464 41.15565632238337
39.00176282259315 41.10028585361557
38.8604486592101 41.062530007739305
39.652986141365915 41.79891659738265
38.461331500041574 40.65348239456359
38.89094188720608 41.19164411201809
39.07373761938115 41.132724945532026
38.92514804900064 41.09334060807346
38.83525212569179 41.02563968912477
38.90462803518795 41.06161327920908
38.853820311748215 41.105677487094226
38.19831806217659 40.46751370454939
38.63586837446533 40.77074169890413
38.515176029473174 40.678970773072514
39.022876566149414 41.10381258311325
38.351470596333556 40.69679356668423
38.77292936648163 40.821588063585004
39.28564156887427 41.378577607658855
38.69839702869441 40.98173600378299
38.62589399911636 40.81377104483766
38.881970890333974 41.17361911402118
38.468850445990974 40.59834483200399
39.233557555922076 41.31221980821497
38.924141436072205 41.205285160759495
38.194544852015575 40.64120965920084
39.108526546106354 41.305609660252436
38.509220845381044 40.808697421385595
38.84995200996744 41.12729663702023
38.70613001578292 40.947935863828796
38.405803435018825 40.61508875083529
37.797343247019356 40.1358293320517
38.70383457049188 40.86599327617484
38.85584019143347 41.035473631269696
38.03128852916071 40.34325031681972
38.359877577398535 40.60430963481488
38.50140539821154 40.7708590371284
38.16749162547163 40.513081497737
39.34773739322558 41.43718117933702
38.6074731949176 40.68123611872826
39.47683502076265 41.638320573172365
38.11006803108344 40.508632035036065
38.97360647298207 41.073142246147974
38.45588583637491 40.75352316325925
38.93693297081648 41.095546349152876
38.43832908764048 40.63362782406272
38.33233390740798 40.60389879596544
38.3400978207976 40.767776429694564
39.08888159948384 41.24595243212648
38.443146229758355 40.68179634026732
39.3466044719445 41.68370103668671
38.77979030032965 40.99130556965714
38.297607587943496 40.588916360049424
38.029039109494896 40.30545750813066
38.65338854739888 40.77408577806873
39.366371606417275 41.454894759206354
38.295000101022936 40.69380209265018
39.306461849957984 41.39862550086027
38.79882229472418 41.07895222386278
38.42487921318226 40.610039825888656
38.52696320736173 41.063377600912645
39.108526546106354 41.35388516751035
38.09988637122027 40.32811357775848
39.35625516795781 41.48110756834142
38.98103690907057 41.27195735620936
39.43408430248872 41.55182553299468
38.07415504977725 40.34047380274018
38.74560870657259 41.11729837658318
38.54410995086 40.79405759286304
39.45575883581379 41.54801029030501
38.523581326358126 40.7883168669104
38.885184562019035 41.0899816698174
39.28497946828118 41.368039316406026
38.52707514556376 40.65771381748583
38.693210320999846 40.94207567703248
38.63357984477686 40.80441916050627
39.13795986491938 41.31236767764746
39.06123478585472 41.37309658002022
38.89768287592889 41.08533883265877
39.177783098495254 41.3432735112001
38.90274113860317 41.13509159366294
39.71500694419248 41.99265466669306
38.961159842486786 41.19301720640608
38.74690241396145 40.970012513611145
39.04542849702069 41.216753241040266
38.526036029105505 40.839848447022995
38.611485336299225 40.80731913398692
39.196051371023884 41.37066018462237
38.61857221390069 40.84737998950077
38.875275030276384 41.03172627500174
38.40798152946197 40.54674776899723
39.02813159151388 41.22504959553321
38.684784473264266 40.96907753835475
39.16161182754267 41.21407457973304
39.11619681516582 41.351874370825314
38.610926993920856 40.89314082534602
38.72960272467636 40.95899882770739
37.825971333806116 40.199166982476726
39.140228176952 41.317569754650975
38.820825096938904 41.078354762716735
39.20511695771651 41.38325585167013
38.21190783056255 40.54607340429801
38.947730171874 41.057079932458876
39.06330399665692 41.259711192096304
39.40535205586807 41.53288092065764
38.82843990112441 40.978121329292
38.67203177128939 40.99829533211972
39.060828386919646 41.449516430915736
38.560611585842956 40.77116981438668
39.01665516928684 41.23463628625434
38.61990523869357 40.832279593361065
38.72482159249694 41.017156846057006
39.09054781999018 41.14656306607955
38.336825165011724 40.597605077918885
39.24158162248216 41.49679402305176
38.911978706065824 41.04054778394148
39.03562054148683 41.20083069826916
37.86043455545563 40.15830690489144
38.301915199489024 40.49796279797412
39.106153807228026 41.10914156558305
39.095814825937 41.17479871213806
39.309121580943724 41.586394705960714
38.19346026956152 40.49905844935337
39.46182217358379 41.66703550047403
38.40154453686322 40.78868069159916
38.07095299887231 40.3166484466142
38.81272265181852 40.9755170258522
38.80997584339579 41.04451907864625
39.17145958245951 41.34508289703323
38.55413539367365 40.677160557307076
38.55298549673506 40.69838661502746
39.49636068043136 41.577279563788196
38.31351463423177 40.54673483831167
39.502765724998554 41.58611050065572
38.70391664396323 40.89818887399214
38.218933596826695 40.65448546813741
38.253494926242865 40.42572939876481
38.89859610350161 40.98491700809191
39.32387404265122 41.62015865828049
39.0173355838302 41.31236767764746
38.30286551822351 40.70144908478841
38.64864094538371 41.108226303090845
38.55298549673506 40.858841860668285
39.02930743203747 41.21320153295083
38.96071915892786 41.22384226319951
38.811901422645136 41.22196661710668
39.083177670454695 41.26806563307885
38.53426860921844 40.59025210470911
38.845431069582546 41.025483390053964
39.06001713732443 41.167535232579645
38.57008046134559 40.79640337160048
39.19312780544805 41.38390684270719
39.25721815342681 41.32000650988383
38.64580862283113 40.85721320568527
38.92508188192873 41.191689000695185
38.804212731970686 41.054139100059295
38.70787959952256 41.05099987127221
39.179958146195595 41.39132184596914
38.95635861112868 41.13661824140482
38.96930610824822 41.08533883265877
38.781211041636325 41.21033238805996
38.82075709075785 40.91885533927807
38.95976150400646 41.23311975977356
39.14596511512671 41.25359291921821
39.243875928006844 41.404859418832636
38.872388228413115 41.123242964002664
38.708776090559475 40.91357056637912
38.50279325610459 40.758400424375004
39.33525396050154 41.62126293779453
39.11518854632574 41.286391424280495
37.97173746552306 40.29037861266545
38.8482069504363 41.08699897517207
38.882770328044124 41.170629248741534
38.62479016397797 41.014103854349614
38.58135101845027 40.90899709789933
38.9298438104433 41.371556453022144
39.04592186196966 41.285039233934256
38.0896216542519 40.56556399155148
38.25030066893556 40.64087180248277
38.75619771648066 40.9579828333511
38.80061250879416 40.8689367931728
38.50279325610459 40.94227759022678
38.757722821442194 41.09829860519469
38.56963590049494 40.776269748666316
38.262492089980924 40.49834524463502
38.19706046212236 40.574612405258854
38.83576939881199 40.943295009507835
39.247356261842285 41.46475145295499
39.000621728327516 41.323560667703795
39.173927627427844 41.36240102207711
38.50024343999787 40.86372171825346
38.97155344904822 41.20219700210547
38.5826642721821 40.94473065647914
39.31580068333755 41.51441218973732
38.933687123870726 41.19427237602971
38.377548166272994 40.815002128367816
38.2815832746765 40.59834483200399
38.597522967435445 40.807135792191524
38.708776090559475 40.862763903607444
38.83323250339405 41.08260009111341
39.123647981588 41.440887551530764
38.71168868009082 40.932957024680675
38.62028408119767 40.7933736835381
38.30185329285517 40.67387778142957
39.208881862403146 41.45050590756372
39.05695973956701 41.17901399001968
38.63413894213698 40.86146621980849
38.496589385462336 40.747244176466324
38.693250591584466 41.027530053607215
38.88010667539434 41.118012144519945
38.74588104104266 40.97101281416668
38.55666388840053 40.7621838242222
39.12269947065212 41.23348981909766
38.74068321807835 41.0496997649376
39.080897145816806 41.294083613190594
38.335916476193965 40.59431463556468
38.507076843859956 40.83096393025142
38.78292330613703 41.011703185195984
38.84009337389306 40.993194474054214
39.20511695771651 41.61489125170971
39.35122485730341 41.56951369418068
38.89585649208 41.08533883265877
38.741961756863176 40.93932405334858
38.5878354183388 40.875566897596784
38.50279325610459 40.71938480301509
39.442228472294445 41.537835707196855
38.194301879946515 40.49722566254122
38.613149757345035 40.85179206478097
38.53750698492259 40.86372171825346
39.22069926588256 41.19852600087236
38.76069772058381 40.93006388929825
38.93781545638529 41.146085819417436
38.43794353880174 40.739773673574284
38.83149515077663 40.99707580709552
38.07546870710051 40.526215877340796
38.99929256598388 41.15017416729455
38.58838446678941 40.80870352926552
39.02852234814225 41.1296355027874
39.03765584583769 41.22251154424816
39.02599442138948 41.14356752250431
38.39755709812385 40.906443867170616
38.00442308893636 40.34840968336368
38.778524130486296 41.00321614712903
38.86975976979275 41.23934564998018
39.01711966535711 41.24959637763502
38.60644420475132 40.97298749605067
39.11975439440961 41.32351330153082
39.04078935728992 41.157913622980075
38.06791518144823 40.404951164618424
38.56043229815336 40.727622325916776
38.69221343916264 41.01286240020041
38.721559126877914 40.900900619526844
39.327943898307 41.43793310656845
38.944221058313715 41.06161327920908
38.1056544138292 40.46980818706074
39.02285545955697 41.335800516678496
38.82294683021121 41.161047985831466
38.47756275841942 40.906443867170616
38.91043725758761 41.04497331319627
38.315246471079966 40.6951199132631
38.95976150400646 41.277957151695816
38.74859387655016 40.89818887399214
39.10389065138737 41.370290218700355
39.12526198907768 41.226200364423626
39.42331192350115 41.48394875292292
38.610926993920856 40.69838661502746
39.11530137427321 41.160828825087314
38.228596326245594 40.714957711957574
38.83641337194164 41.04708904458648
38.73741102117449 40.99960639580191
39.20079694929977 41.408082652600804
39.19007065239938 41.42951159135075
38.90877347761007 41.100188407653484
38.50182773514845 40.773420202173085
39.17423513279449 41.46632716648002
38.67015339968628 40.75790381208606
39.23139841368293 41.520095745901
38.89402774936117 40.96219242649688
39.396543454192276 41.681632791215875
38.55261216529172 40.7826349114356
39.117312217137794 41.28591482491871
39.31201629269506 41.49256853341744
39.04488326153814 41.36658660718998
38.8298186468812 41.19043048797795
38.61539553786117 40.843196780876056
39.3348081512227 41.43976583530696
38.728521984129046 40.848595103013935
38.93822679864356 41.011921645266916
39.14661216820226 41.31473996516227
38.057987663482685 40.37061523136485
38.851360135940276 40.99273202412094
38.87137180884918 41.118012144519945
39.04351521490279 41.40505159618619
39.33112588985145 41.61643201373244
38.305896974087034 40.66680348042109
38.509220845381044 40.79886712923269
39.36839026356395 41.630863383628714
38.79849674779726 41.10669671146116
39.57649509707728 41.61324420223043
39.419972813143275 41.60851887877858
39.01803989263376 41.11093407409789
39.09282130726682 41.271861867675135
38.86021818035016 41.139783283636056
38.94502060480506 41.151618534584294
39.21857063603278 41.43184583319876
38.61284736451818 40.96566418646079
38.71336177829103 40.91066222991525
38.39857521918776 40.88772703819747
38.73166813695033 41.00263857320829
38.43239947376321 40.66573100613559
39.208881862403146 41.430147532216296
38.44168399621942 40.67271494200242
38.9334457138028 41.14656306607955
38.75657558021678 40.79630966116911
38.389894099070624 40.68455310855668
39.01711966535711 41.23057066747807
38.42162849014316 40.66237142334745
39.33684783048651 41.54388265446743
39.37844492920843 41.43718117933702
38.62185720540942 40.831107466621106
38.66544680085329 40.89255770680023
38.69193278605227 40.896752042103806
38.819671040311796 41.16002169797354
38.408593793929995 40.66603697312283
38.96957697201454 41.1920722020318
39.74655276580061 41.825342986103216
39.2247820525874 41.43229080332281
38.45050826503468 40.58189276544334
38.62185720540942 40.94148826879738
39.522561134928075 41.57965610174887
38.99520120128103 41.08847127999355
38.868533713744604 41.12207304858896
38.88175719727968 41.0367199660751
38.5863499030023 40.707113795660476
39.03490663158829 41.21978961492905
39.33883407954752 41.59434627728917
38.5863499030023 40.843196780876056
39.27002755116303 41.26287065358577
38.625838294409654 40.851232465337176
39.076799808876096 41.244818806833905
39.532771957159525 41.69044872115561
38.51525739511537 40.79576133032113
38.65962035504245 40.77074169890413
38.71179608610009 40.799180487193155
38.53052440518163 40.76304768607783
38.9239399296552 41.05583725064852
39.4543850752266 41.54198093454952
38.470835549040075 40.74633881435369
38.78851379469689 41.19297138353809
38.649985178863396 40.985986511935096
38.909447213098204 41.11808555787355
39.062953255173944 41.2866741742241
38.98327140183201 41.02964742761379
38.94705731341698 41.09622473003181
38.74913479058237 40.95455389157293
38.67326667970918 40.91740510736931
38.739252901701136 40.96090639614355
38.79580648680981 40.93191397880541
38.715263546826 40.988212168653256
39.09617656114663 41.25190614795665
39.17423513279449 41.41829833600774
38.73426353674388 40.890952245855
39.09053243892491 41.305609660252436
38.96269287876616 41.19059840125991
39.17799866973445 41.378046443211915
38.702812071771916 40.89703511889996
39.262323179758006 41.485357065468925
38.85317961358201 41.07775787761152
39.21233888865758 41.38122674567293
39.20061700456052 41.28692469048535
38.62682200568666 40.916543765118575
38.18860111473303 40.64857171923612
38.952073874551886 41.01504265749222
39.006969553706675 41.19640486864508
39.27696255416321 41.545015947839595
39.634286234497004 41.74192287908855
38.74379053433739 40.87581285387901
38.91410474902451 41.28819375236066
39.03453611931328 41.18043791818121
38.406968618102965 40.75454515060284
38.41534389155752 40.713846051847376
39.05283591638051 41.31685252259188
38.88352584461189 41.25190614795665
38.66270543348301 40.99130556965714
38.69221343916264 40.86351983882566
38.799978781459224 41.140810253999824
39.04708476173802 41.44310770828634
39.08016087970959 41.27547602639674
39.11075349274104 41.3479794358623
39.35335980597409 41.43132749923716
38.56443353837653 40.93684864504961
39.02813159151388 41.21584878434132
38.88076002409101 41.05266106884572
37.62278842431909 40.128793338909055
38.667989412759084 40.95455389157293
39.40036651989022 41.445621737760106
39.34669357780008 41.67530008782302
38.9918736959401 41.19301720640608
38.644433280827265 40.94160871209914
39.053961238582616 41.23163357481047
38.5352810973527 40.794664439616284
39.16161182754267 41.21407457973304
39.37471236413635 41.53288092065764
38.778524130486296 41.00067755527207
38.97372533394871 41.13010371568328
38.69874712658504 40.915569023618275
38.37324415054467 40.618243891267525
39.478414218342984 41.57419329106185
39.575849521956876 41.78527500947064
38.29723090594173 40.56261916290416
38.804946942580074 41.025829904231465
38.52291859279285 40.80460672757643
38.964597219556076 41.21740239890412
39.69527492411473 41.8245124025459
38.902406776224915 41.1277848862558
38.65279548799862 40.95830001669159
38.77940820457719 41.04941322523982
38.48951110437283 40.820738829588
38.90328031951055 40.98788846682354
38.57728446861048 40.71729418676074
38.339200974994874 40.62348537814822
38.48292510103929 40.83714801207174
39.52362902923593 42.0514480036773
38.93660436889003 41.25831053960039
38.948051866977146 41.13489301313594
38.33761337922626 40.63929566942668
37.78118178228278 40.194904984115375
39.277793498028615 41.32327865555237
39.12155605289879 41.271518818450545
38.642179196437766 40.9034533611147
39.09790485459712 41.205661778494964
38.46076473167697 40.78945530268381
38.49362970971357 40.782348729871174
39.021161510588385 41.177291228404115
38.737012079198976 40.92648028853023
38.32862445382629 40.588916360049424
39.34233159455664 41.48322119171232
38.727332914594086 40.94036899918395
39.15677879789259 41.360055932984196
38.00025858403976 40.36596492426058
38.632202438095646 40.81120993301939
39.1581655445143 41.397647535657775
39.53167576744049 41.653687930326974
38.66350882845146 40.8385207953882
38.26402176363631 40.59930096506712
38.05152854678501 40.507212647908055
39.47872270773069 41.7122369770522
37.94839554311213 40.18824505178991
38.207084021642274 40.41896753837414
38.811645201504795 40.97980920444064
38.74690241396145 40.9579828333511
39.1319065912222 41.21806760257828
38.81335788106628 41.188138214762695
39.554359568390424 41.67778113512133
38.40630389801306 40.58989589098941
38.899894810160234 41.03826064693468
38.575965189017424 40.8410905950398
38.41474690002136 40.543686216615626
38.31607587195157 40.513720917039294
37.82895044461104 40.074455007616635
38.94991396394962 41.1920722020318
38.73922781257998 40.85066815576807
38.737881403440554 41.06828326632945
38.92650713286999 41.03186759999479
39.05669490752943 41.24952929227244
38.22725274619799 40.522353699556476
38.83682251342362 41.09982537052182
38.80642030823942 41.04304192465361
38.92488726627278 40.97288967592442
38.86196285750677 41.02964742761379
38.8128325506617 40.96219242649688
38.50301728890119 40.7487946845473
