238.24932512388963 260.174084657183
241.7515760507757 265.05776620247696
243.7281384495765 268.5135908766929
243.23730034866477 265.33279066560686
262.1269314186283 273.5011843379975
241.0111687736993 263.85645954189806
239.44651037753002 257.2949240173312
246.34899303978813 267.86522556178306
239.47756113012994 256.1675962434149
241.84110780175678 265.29386707374937
248.92291007652506 269.4531809278074
241.1336702255732 261.2735463872043
241.1393231608435 260.3606312781932
239.77691505984865 256.28914747695194
240.76355632789696 260.68931982606796
243.31505191036607 264.7069205477251
240.60551361184605 254.42351403213843
239.09483467052488 261.2430757400311
238.50167866258542 250.48822954735533
239.8195655758361 260.35549739234676
242.88653327173049 265.46791762428444
241.89976712010917 264.8442421536331
239.1275620936755 258.85655071982325
240.21699536374837 257.9434564459843
241.5098904707785 266.884568650417
241.50718003380973 257.1491129704724
240.54772318657797 262.5763948952438
244.3717414750662 262.58489952054714
240.58235988605693 255.30551197522848
238.17553090249524 249.8406515376635
240.13768119899493 259.3108081954407
239.77611707169802 251.8178177413042
241.470368579108 261.0644194395773
239.54124993566194 260.32034225766677
239.38496044005797 253.27170747971962
251.8027539995699 269.9132578602953
239.8202051610401 259.71613604554625
237.4140571983985 254.43689095124785
244.06588327491582 263.4942138653544
241.1340776303533 261.41282136197054
239.7453131448735 260.9073140724418
238.92020025578202 254.8341520998707
240.05288516908584 256.6905715222494
248.43345032001457 268.3376167116244
239.84399912560627 256.0826873958244
241.047934068716 262.40724606411453
240.24028097312944 261.66348026405524
240.59757360969274 263.25786268110335
239.1194768083911 257.5847485220728
237.8811813367224 260.9902786209824
242.5135258144233 258.07402613703715
247.13808569600164 266.260979751522
238.65658707736623 256.52986367799605
240.23173558225665 256.1911465864109
239.13566307213733 256.3942380128447
247.25047857328374 264.4074723277239
244.4960686044857 267.6146621392273
240.440045559802 259.91012465950894
240.6917787648082 262.0965302494078
240.59841427301478 264.91330490146447
240.947059228399 262.7712310375888
239.37885930558414 263.76477822132836
238.78968707816557 251.55235232691143
238.01389540116887 253.98240958196834
246.84397887356536 264.82533364357386
239.60406629316563 262.01980475548504
241.30904034252362 256.03924897241063
239.34739461466143 259.77244373425503
243.12789078863497 260.81233581341075
247.08469387253766 268.7859027095328
238.4813926351395 258.3593435133969
239.41965133933093 258.7254591360839
245.12601218108665 265.90297779993523
239.50869107451888 253.89362115280736
242.56317912288452 265.26345579327017
240.39978500402597 262.6601680161619
240.97257767236582 257.3669791797298
239.45478149209265 252.3923385532742
243.4510542648129 262.8742263589444
245.08427205402216 264.0526267503668
242.7400821739233 261.76773825221176
240.77640772272974 259.7672981387496
246.38908541852803 266.8719999968935
240.52914042099985 260.30538830052336
238.3759314591516 256.74079351823445
243.0574336136001 264.51206684218226
245.62554267120083 266.48590125482775
242.19799963260763 262.65201973416674
246.67397049876269 268.0602530571618
239.33522798566636 256.7883258293915
241.38738245951257 263.63228673206544
249.0321029337275 267.72253423570913
242.6199689704291 264.41829859743524
244.58847486378738 264.45971782146626
240.23858822830906 261.59494583353376
238.3057712559463 260.3783680697274
244.98424957658557 265.24363945744017
239.61517366022568 267.21354089896727
241.92389858485225 261.5638309443141
250.71134411556824 268.37483335306626
241.4680076656837 261.51219032367493
239.63554925913124 256.5483638531267
242.9280431226126 265.99341958312067
246.4851921961294 268.7100947910215
242.29066753079184 267.59404968144975
241.2457739032761 256.4436005984104
238.21704440230917 250.4773289120972
239.48059509480487 258.11333596596575
244.72388508564873 267.2450165545866
243.2794209967157 265.3207891686955
240.14740990638228 259.29959121237795
241.2086426126583 260.22549659971963
240.39936122910666 261.03307996257644
239.11534856138297 259.9305734098903
248.74681860738406 269.48602187159383
242.1095874029772 264.1850228303132
240.396065504888 261.4541331312565
240.14923062999057 257.8936340191626
239.29362303605953 261.28050052082676
239.65164604894477 257.4317744081365
239.646488887333 261.0837660596341
245.2406227058592 266.2137558611425
238.9898298021102 258.48539458314843
237.06521276552593 255.07088624314426
239.01150626344008 249.39481842797593
242.1638938924009 263.6682951654387
240.28401942245802 257.5426883285198
243.50138481049723 262.22643973072456
240.60782845909262 260.6052218899215
244.6336791249297 267.6816413681372
243.54856497086683 268.0268703862582
240.0749951844275 258.88190493837686
239.80577601049714 253.7314898247967
240.254585333627 258.1848284493553
241.2577432254485 259.8999390533931
240.7206832615976 253.92399760174033
241.90856087966546 261.58409241134774
241.66936547189243 258.5711344383477
253.64529543277283 268.92428975716257
245.12149699099203 266.94328028347815
241.80357187051956 263.8424729988844
245.28398164061602 266.27934576177336
245.74650522246338 267.3104989064587
241.66346625044903 264.99550482030736
240.40354437003543 257.61383269927643
256.9189397460876 270.5812455351264
249.5622797566712 270.9836619885168
242.98824021976606 269.4709334805536
239.08195848977434 256.2474550073826
244.80448277960107 267.9626953166913
239.1222859351056 256.3597282357665
242.25252681680817 263.6459899377201
238.0655341146143 252.1656238120199
243.93545182246868 263.13507384611927
244.26883100762754 261.331220377287
237.8983461403199 256.2591311417015
243.88741188438678 263.5008065447836
239.4642638950952 259.5005350099165
243.90590849298627 271.1033535650384
239.56649783232828 255.3668279235167
243.77222827287434 267.2836211874583
243.29566090169044 267.31332343124706
242.17097242445593 259.5360839720254
238.2026916289282 261.0629601719058
252.19698426321617 269.96078043791994
242.68960700267158 260.80320288291756
237.37597920870027 250.9759207068691
240.0133427113091 260.6205769533361
244.81341864299335 264.13116350956005
242.94428702865963 261.3520373311461
236.13361692878777 252.8111017566488
239.4624448958821 255.79149536388186
241.17202706131053 263.60069365661826
240.03937892049814 252.62400529792535
240.25434235190673 255.58537598890032
239.89900033627012 262.1413383273544
240.9815473084279 262.28652669726705
236.6608261067836 246.82037802271026
241.7945376476012 267.0242629813484
240.0433046905331 258.27505909135425
240.77068067009338 255.09584253546512
240.3408733559248 262.50594891893763
241.9933215810112 262.50490057600655
240.17384987962856 256.96279936176813
243.43487335759352 265.35522249789966
242.8205943482956 263.1858353451713
240.33543931524662 256.63070197384945
242.76925481266105 264.8741694604557
241.45153972483274 263.19613051210536
239.93994788188792 255.50515317221766
238.62221896366083 249.82426468455532
241.6134350037122 262.0241582736084
252.85566921014362 270.96934589751834
240.59909692035328 261.4093248382781
238.48429887709761 255.77755272610182
242.8709671409303 265.2839738009
248.97182616456865 272.5162058102789
246.17289639812893 266.6642223556272
240.18425907202632 255.91953971677927
238.7360607689478 256.30434485194525
240.07772427372416 258.34489068016205
239.61955275382888 262.71232415778485
240.19831428703108 262.2442153943
241.57569333215753 262.26541796299705
247.35527630418542 267.47985234253514
242.17634402955412 259.96741496997475
243.08960212610924 269.5865910272672
236.6977522189379 249.08674491787693
239.7565729140945 252.25578417127497
238.12671119703887 257.0954752909994
257.1155027912445 268.56423627660814
242.95303369393892 266.1852552608414
244.2236928363315 266.40600128466565
239.99420549557718 252.40262254910257
244.57294669900358 263.04488158805395
239.92615517107774 258.4899541453028
241.4199526451165 260.59113784821733
245.348452129786 264.2098756591694
239.70798078765225 257.89254470979154
240.099348223692 259.407720896321
237.458784103322 251.1953451039916
241.84110641103226 262.4758003813633
239.49969613101354 252.92700144700459
241.853698267128 261.7948174861169
241.10797135098866 259.12674262994955
238.66903675277834 251.82926632547188
244.99100253051654 263.65712453624667
240.20854844121686 260.1118735960835
240.27281021186712 264.14181434715744
245.07097424841965 265.9413471648467
240.06491724934642 258.4351211602154
240.9312330073002 255.6248478454871
238.5965769696638 253.5591982763594
251.07973407486676 267.1525699989378
241.91244637626036 253.03463769215767
240.56143246489313 255.62587078176003
240.0086692249579 253.13445305615696
236.3928002564107 248.59486152112427
238.97730249087786 253.15011103377174
241.09933334736317 264.80003611195633
240.00355897147992 258.8744271150152
242.31210417504522 264.26465063950303
236.23341091533302 251.6810283599204
244.19881193388522 266.6051160757187
239.405541734932 261.7347748218245
238.98347623129035 254.90023287895542
240.96371392967026 263.37556041910835
242.06777571378237 262.3208231830147
237.30058491162237 249.0178150950021
238.92794935323113 248.43635468373208
240.00644819031191 254.21487382526018
244.61273058787708 262.7122949814483
240.583607718186 256.94049086193615
242.23853528879175 267.9715162815001
240.57796921137447 261.0785470095033
239.93112286569766 258.1043415450946
240.8463597030813 259.28752386760556
245.43340046563566 269.89115550059745
244.87760152683663 268.317213026202
239.7824344325593 252.91969472935727
251.5788245651316 267.5503795637202
240.24414643199893 261.6473433477032
240.8150411693737 256.9871388803395
239.52392576545432 255.989229672201
244.86324071182398 266.9375686272166
238.61578728392254 259.46917391681416
241.3752948967995 264.8613374828466
240.3229371148398 250.28269624896046
239.8259255257968 253.40913715759683
238.90262484420654 257.74238969788445
240.42208695658715 263.22671059026874
240.51477201939994 251.42940691550325
244.66703394285298 263.267539656388
241.0469864815157 258.3990321124055
237.38639813534817 255.23300993434952
242.57533472369406 260.79724034554306
238.48717406381292 261.4297230807467
248.0146418181045 268.46537229311105
239.26978391647074 257.08809547663094
239.59272226436946 254.46115759680282
240.1126502920083 257.1838434900108
238.35817500540003 258.56679033096333
238.2075508126644 252.2457749772831
240.58508358896552 262.54151852390964
240.81011649318077 255.37289471562738
238.53903011894155 252.12279001932583
242.71997741908282 265.824600186807
238.98746856221896 254.732015281627
238.89928137858655 256.5730819809202
237.5917645487737 251.782432804146
244.06195602928153 266.0262771250932
239.612870944593 257.00571742348836
247.48270166117564 269.81305094806726
243.6606425442462 262.3982686004293
238.6878104120606 255.90153774505868
243.72411631605522 263.53162518116886
241.07219213372449 261.5065168073961
241.11243791275461 260.3746390025444
238.97899913662866 252.52369091029163
240.00598497542907 255.44018735865558
245.78353091280127 267.4493539826631
238.1979748514815 251.76245567713437
241.99175859690166 262.8489718589568
238.3941783815737 251.86390467770187
238.15269991942498 250.52075749395684
236.50039586672543 254.2329644504028
243.68687053776773 270.1238756652325
244.96448033768976 268.1859478069094
241.54465016552456 260.0983048713551
237.6731691660383 254.52156199175343
242.5430941449978 265.8683569696623
248.04631350172502 268.83654974462456
238.04681101634907 255.5610105113125
238.8830296868766 255.25442886825027
241.74025705700038 264.22230751171344
237.1762908207757 252.36625589485053
239.46110732037354 257.3591867345887
245.63017865586477 265.6436163994385
240.88469142624444 264.9230910709248
241.72685838789567 264.91031962465007
246.65698992986393 267.24151422583
244.52915964213196 268.02604115675376
239.4283436254145 260.94187383197425
239.57246124270165 255.24799985098107
238.52500634527726 256.1525322822603
240.6215364534234 258.3924076849858
238.26117700858464 248.96824616875338
239.80510090233136 259.9271503171508
240.95826431045032 250.5854293547032
247.69561867489705 267.3175417523692
238.6452590828496 259.458910136197
244.77675685649268 267.4061083597997
241.87909136805442 265.55078266972725
239.34776749209047 259.4954541906142
239.16967913690428 254.76114599314582
237.93164953309525 256.76840748669986
239.02921660733153 256.4840602927415
243.71282851877552 264.90036264044255
242.2347235834885 264.7513271506377
239.19558208880227 261.6362646488481
238.8419441527218 256.5035990895366
240.72011815506477 260.44593544644056
237.67114248544152 256.723017091314
240.4444853827733 257.9642366511039
240.4698218109652 255.7885186084076
240.16607617768312 256.2790488542395
241.17455870530645 255.99848725631534
241.5650440500529 262.4059969166633
240.50088248042516 253.6211892711235
244.95605862477728 267.8580873946225
237.46557380173084 257.03707511305447
239.7737970412542 252.2458419534809
237.8725870442164 254.19723287892305
239.6344760060746 257.282248056776
240.84040693545316 255.55104639176912
239.14455439133812 260.97616090821634
241.02440729681183 256.93695758109715
240.94496828895072 252.33437664895268
243.48151321495783 266.70630147232777
240.08374057574326 263.9848268451827
241.72728708474924 264.2700660368052
246.00973995588046 263.0410458818871
244.22943452822568 269.3415051567993
242.7092066546666 264.8830544998597
242.53626288673073 261.0272734168541
239.17666711168633 256.32971897909744
239.69739013101795 255.7394752958495
241.37298113360427 259.3405311980269
238.5289698780345 257.79434127055174
237.59653196827185 256.27056981009713
241.27975203335507 260.6038208051194
238.21368551245527 251.39523646788928
253.4126949223591 267.33722943166475
240.9752138488939 258.01401970644423
239.35502759850053 259.57922831425185
240.50835783363218 263.3521006994005
241.01993798654632 260.1350291636472
239.72040572162922 255.80239748175487
242.69639208124602 268.1007268661111
249.35778738320127 268.1991726580363
240.80606007131507 255.13437621534345
248.19428576248205 265.62934051600723
244.37562935167705 266.102463713734
240.17117621326815 251.70622543403866
248.69456242180217 270.0828903503289
238.98978795460613 254.78816991292763
242.81712246873812 264.5128975721201
242.4652678144643 264.7166831840171
240.95051346941995 252.48964597850795
240.5101955156706 257.5470426056486
240.46877999656297 262.91140459475736
237.26149977216886 251.05607094872897
242.23258340172512 265.51390388796307
241.76062150347693 267.5857039253039
240.65724447823695 265.954136337919
240.47641632496922 261.0738925865549
242.10669400588978 262.88490311509577
245.85781609088392 271.5007289323825
241.75938348186804 258.7664632142324
250.56330051617508 271.6624435675085
241.21412479032756 259.6472179909997
243.31487466680693 266.55428615923483
240.74769974157473 259.9298270817043
239.16306262421926 254.01485828064554
244.84532036868603 264.04610998108467
240.304583058392 255.3036215247829
241.0395422389524 258.6605302647473
240.466806466626 258.7493929868457
241.3705215174166 257.7576522746839
240.84840458194367 262.5763349740854
240.91829279841045 263.73239865790595
242.24290732420903 264.91873378293343
240.3603975104929 256.3627207728756
245.47395722704982 263.92358429896893
240.34399380836882 254.66656044385718
242.5805472484042 264.15862831262564
240.58777708522817 258.7186123965973
240.88217009828145 259.6700855356634
238.61081277708922 250.1070803871818
249.7025357463439 269.37122327241747
239.72024915010823 254.4453352166032
239.65834258505726 256.4781335967246
237.67262238615533 253.4657501266704
239.07775285950612 249.9773075634083
242.49657292292534 261.3757253325049
239.6814439212597 256.0184073147106
242.7435305436337 261.25321163578786
239.4530496888238 253.88641300252945
237.4398920992746 253.24024382044362
240.58905796762025 260.31928290806104
237.57077667010694 250.92794593319607
241.16300422934663 263.3097480393133
239.77291598862462 257.9560240395349
239.51732086617207 260.4420352976277
240.99705781298988 262.3266278194126
249.04395138122715 268.07876833664426
240.50890692804168 260.17233346863196
243.35288426633414 264.00947334325235
241.2074454639406 267.5795764125248
239.2085862460949 259.61636563994836
239.39005890681838 254.51837067917214
244.70817704831876 266.4371583611836
243.2177818572292 270.89737821216187
246.75781893716803 267.4304085951293
240.97921071235754 265.1593045568761
240.59366965943155 260.66804692252896
237.23719507539138 251.23362220814346
243.94233571316374 264.95838475390354
252.73126702060858 267.83383392379017
239.59301792151265 257.75272466294035
253.94447337690116 270.51621691004533
243.76599012770322 267.9936473655007
243.79986328382597 268.0332129367387
236.7803173706939 248.87688095597832
237.7792595903098 260.91216759636677
243.48673165199813 265.7258549248432
238.65554378742098 254.67477182577798
239.19154191794462 258.085669556552
242.91639668570707 263.5593883701968
240.70873740566952 261.5468682407401
240.96967300316848 261.6975689963662
238.04602899640227 261.2979437098235
240.89149857428794 260.10947402553234
239.04831265637145 250.73379123898056
237.85886642955393 252.40295146809868
239.97372580353212 266.9307538383556
251.14320942916933 268.7013477433375
240.14301648441378 261.5420610986938
239.9652944423333 253.1678336780289
238.3933227645379 253.34415863380303
241.05188096712644 259.26452608058304
238.4540291434785 258.93969822034177
239.4922963738109 252.9125497234649
240.01571026499823 254.5468600089914
239.38771641665002 258.90702128449897
241.82763278383968 265.5637971495243
242.66930955921836 260.8640662935243
243.92575980733804 263.30650559960463
238.59817224522033 254.17264392214145
244.18710833775455 269.40690352817694
243.57001533882317 264.9120418980157
241.434542869974 263.615995860235
245.39180057967445 266.58667363217745
241.11688009166087 255.06431796253494
242.82077481123088 262.5897753101517
239.29266986160215 260.93315404529943
240.38743594823904 260.7341938574241
243.95173551494906 266.1979761096498
241.21476874403717 264.3653743080579
240.53338351638703 262.8933392521044
240.63840819697668 253.70214694021678
247.64560400166263 266.39384135927634
242.6860086962463 266.93556389288193
240.55491898114093 262.3543146571687
238.82625977967695 258.5658436129814
240.32697280208455 261.1409752025041
245.0966448530849 264.86114300320423
239.77998410022246 260.0798993843337
239.67299409879558 262.837747798493
240.1781243045528 256.85016933624587
239.75276093595366 251.09689182004527
246.2344876021267 268.8134552837735
244.6907757073103 265.0152625491517
236.90790853361682 257.5970834164028
237.52589395880264 253.89490869868115
246.10425233850754 265.373189228254
241.62421197590524 258.5163262389589
242.76915155047146 261.50282832265646
238.89203979545022 256.716714123605
241.21702498872477 258.2058277998662
241.12810398035663 256.0435293580086
242.4376424392527 265.2454878780937
240.16120801109517 258.1023618351584
240.72423171709255 258.1219824840271
237.55049733500078 250.14191595675592
243.0857259885135 260.6280671465447
239.89058610615086 256.80443719180374
241.71596271638802 258.0395106162706
240.25120869317067 264.8817322254009
241.7409675079197 264.07610893073803
241.91251030814095 254.5056496049006
245.92735196456897 268.1584756793997
239.8546075166189 258.3060293418227
243.8530801840873 263.0521853438569
247.634088778787 268.0258399950732
238.1828991611759 252.5989388312156
241.67213142701937 265.8574351897855
239.24154682942188 256.673415419842
239.713312208676 253.49714265308916
243.79209993053772 262.00107962192203
239.9226223782406 259.6312086460885
238.29293563659598 257.65505039421555
237.8056323424093 260.9021110110673
238.63396858563607 251.4202779624562
242.08962648201032 260.77821742054346
240.16111240443362 256.5743063139714
240.56699909689448 254.75335615658548
240.1204591586472 265.00370671999866
242.3714580586884 259.264454694451
245.36445423918246 264.66513370220815
239.0973092668169 252.92485411026496
243.5183879304807 264.3693077789471
240.30614679162747 255.83431067594142
235.81657520425097 253.28768061042197
240.5639953497541 258.1777163627604
241.905430729667 257.3648278342254
246.60873408386885 270.68513120079166
239.1838816662246 258.2859140823121
244.07027899810933 267.7829359418606
239.40109396348006 262.3885576080722
242.26477502809283 260.99204695074695
240.5947929441842 264.8220290566548
238.3566779406203 249.36624530402958
239.54068098257272 253.56169844263763
242.89210259771602 261.6230844735479
238.6497528498719 253.8726930266558
241.4063824291817 259.65078160018055
242.68232293786292 260.8492364399607
241.25315771905505 261.63327710190845
236.91313548351147 257.9357346509952
246.82123022146862 267.7876235581561
241.09542384073586 264.4392528863211
239.42154125015477 260.6216537658787
238.7727539739447 255.64552196442983
244.636489548253 265.2733876376696
246.66237987603049 264.27473820138306
240.7607606619525 265.40624316197056
248.774145352585 268.9316517542711
238.53719186476806 262.61861187183194
250.30084333614218 266.4013091928273
241.14137309279798 258.608763391051
239.38010446841213 254.23300716246467
247.87631337739617 266.8241718015587
251.29097731661773 267.6298099261283
240.04431450659354 258.4690208031782
241.86411732946638 261.76081157302326
239.6538505929165 250.35480343411095
240.02355247173955 259.9501468159564
244.9240666375057 267.3517640760936
240.36243875729187 259.3289374844882
243.71217012106467 268.20765367932086
241.77014037245965 263.3575892908163
244.61042247425806 263.30899028041176
242.42193896252212 265.2123051145633
239.8671826820415 256.8724293413593
248.0366158470489 264.3179629941553
239.86183256015116 260.77452506152247
237.99197290602265 250.56790828403993
245.00679665815233 264.8579337646067
245.2042863291514 263.2297127857936
244.1120723131417 265.1671241792378
248.49877759707127 266.2664222483174
235.5548455602522 249.2734743936641
241.08070436856812 260.7537285039689
241.9938458636488 259.0559867147755
239.59091657712173 254.72188779899818
240.3838820158111 263.61485568203295
240.7322302079901 263.99903198636514
240.36321100004469 256.893055433605
239.65148176514668 256.1180474692997
240.87729773437675 257.28053987004495
243.43910246273205 265.3493164268784
238.53539835375625 253.09819673877175
238.4732389604858 258.85825216696844
242.29904996685343 262.4271549444606
238.58766370425838 259.4108774601667
242.4624864629428 267.07317297091583
242.3645802143986 262.8846099364669
243.03265062812474 266.35965791371274
238.66183345877727 252.58830804031714
239.94824251665938 251.82371159094885
241.23461591197622 260.11378277586016
243.40411317170677 265.2805796002088
246.81750142971404 268.01316042333633
250.00246540707732 270.02637283152126
238.9881460993366 259.9499714018322
241.45980928443046 262.82715260684495
239.39233325885868 260.7337633799774
236.2245692059777 252.6812236488965
239.81251942142833 259.3515150950853
241.6267340249422 263.8795901661971
240.39603904308134 262.12371542317027
240.50767321873624 260.9505858369401
240.05453282311004 256.22120131329143
240.08494192132807 262.04726937777394
257.40156023771243 270.55960906663495
239.02273315137168 255.514463401429
240.1705662778178 261.5705656040575
237.65777209455496 256.9285762929005
238.9302585184295 251.81123387821594
238.62028333569228 254.04485609705677
238.22691354444905 252.11176762328546
245.90049039777293 267.2442073250896
243.19726237024634 266.82161992136037
237.17710360005918 249.18567688386452
240.47963468181086 255.87920489976557
253.16951409478932 268.0636203296892
240.40627326964258 263.91681208002336
238.88255418760605 257.0676156957665
242.51543454403412 259.65652004646785
243.52300690644648 266.44928744636456
239.88309825802952 258.1693051420585
246.92376662521087 267.7678181503372
241.45918692544353 260.9810536428415
241.89906920665052 261.0433433083434
242.96582231332675 262.8484947356457
240.28021700862357 261.50179085449207
242.1888029740125 265.92789213359015
239.39325939158485 259.68270878625424
243.82831105871477 263.3619971760673
241.29959287375158 262.54246143302635
246.34325965476333 266.4241465963954
243.10912034363417 264.2926260501497
248.713081965127 267.19463396971713
238.83999542364552 260.678247611836
241.9450263019998 265.91328067672976
241.01567328546597 258.213586041595
240.99766358170135 264.22671323955666
242.49251711970444 261.3858591821043
239.7902535088453 259.5209059080315
237.76084533398662 251.16812172890016
241.0232136905178 260.18892789159645
244.75361933347003 265.503581807158
241.69385394513742 263.3931284311978
239.44820832013318 252.10505073119015
243.26897176433675 261.0332121047712
239.95567108288984 256.1331296900538
243.77529770393375 265.57677422031037
242.3089336469537 260.1882974354099
243.23983169642423 266.409609858207
239.25577680017318 255.2640371277054
245.12807716118164 266.0921592008372
254.28965962432642 266.15052679237226
246.1160951500916 267.5119772865581
237.93707267955364 256.60799683085946
240.93732053737585 256.29311660138535
245.9058469017185 266.45212033841995
241.70655833797622 265.9444193096916
239.78432010457948 261.3560513326179
239.6013559713557 254.00330145923706
243.48829772174096 264.30545726753627
240.80724343548596 253.13787984964154
238.4342095509192 259.23466750398126
239.98131384455698 262.29901894532037
238.9561436956276 264.45641189497127
239.50693295002043 261.40418227524555
240.48853252113415 256.6872786556912
240.94343738632836 262.8784311657196
237.79814260871734 252.75986239381095
240.88482165373654 260.44891920103686
252.04175952365722 273.6987676179555
243.55987184225103 265.4948741148195
241.55208868752402 260.89122199544425
239.62735911312492 262.9928130958173
244.26124376682046 262.7900180744595
240.49891506687476 257.6884331504511
239.51590076315748 257.73636041813285
244.4296476859068 267.4299883733105
242.31415844500097 264.13867756799567
247.59877812928661 268.32616625960486
245.1729025698444 264.7957923700607
240.0467402615841 257.46687414401066
244.8378478343905 265.4947866640383
239.24444489371007 260.29263272100906
239.51616024267418 250.7892168416855
244.90432206748682 265.4491600007926
239.75603361788987 253.83825134165494
241.0983634010461 260.5891732610321
238.520703660072 259.07526281633005
238.02471974127846 258.0632532528254
239.88245716088508 261.5309139313275
240.287108982904 258.99658495837195
238.5979811355631 254.4027004683335
250.34554182826437 265.4044494362678
240.79352012617937 262.44695213943345
237.90924039477432 248.71885780257261
245.77653403191908 270.1472594374918
240.67755505740888 260.0809414471693
244.94548244602626 263.39508762606573
239.6504810430808 254.72056930024422
241.23174732041016 260.80803729746225
246.82872718935693 267.85976088961314
243.4692459855332 261.7693217055379
249.33668589293464 270.01514259849375
244.823479670403 265.7269626755676
244.63372256092853 262.7746978608394
241.46435701345973 259.8278269029104
240.51903769166896 258.92260356612695
236.3946781664569 258.23762815170903
240.0306121399821 256.8358680383755
241.38586198142946 260.3681340005369
242.40796168511105 263.5491940177182
240.76737474908356 258.7419896489881
242.4330092678076 260.2513406126897
242.32111306176034 262.50680734493375
240.0929986567428 254.2457451550762
239.42734161932648 259.1458396901619
241.79202951187668 265.9765878688217
241.69679624513347 255.8250133006836
244.101261210809 263.2825443317215
239.52620707266055 263.49026676190766
244.4541390437843 262.09508975327566
238.00725945653537 252.1093073304143
244.12641002929087 262.7060015138075
244.3090962847292 264.0649738383328
239.75283058110907 259.0914625226508
240.90672390899064 259.15797331729806
241.4216159461081 257.49129952330867
238.04608512415732 256.0762054486375
242.31319660812085 260.48083712325155
240.18159629347392 259.454056937145
242.14070339965147 263.93589140919664
241.63886300605847 261.9800982277501
246.32360819280962 270.2015589928312
241.92937156954883 261.15322662570514
252.57348918040313 273.27147314529054
245.752972421519 264.49808160889046
243.80188610196961 262.4398479984261
241.60749037326988 263.55541856314
245.8337903952602 265.6662003259439
239.92465974888873 256.665540161787
245.13706742102957 268.1311559788029
246.59152428850084 268.19949656208377
248.3080156407528 265.606822489198
239.3336736163776 253.67099748316278
239.26269232937676 261.1110460464664
234.62463492023238 247.77322575325786
242.38555463767915 251.61872876500388
239.29331755030583 256.9672152937353
245.3553294118151 266.931741971028
242.6230345309959 262.13000359852015
241.33065756571673 259.43132309004835
240.16820139128416 259.4909267972994
242.16810539841345 263.8298975793413
240.88301379723072 258.24408442634285
235.86197132550515 249.56077642299144
243.33253771868243 265.81056527882896
243.27696374955997 264.1377712688212
241.51869878935676 255.95805381801318
245.3190233419294 269.2341210329401
248.38438289989037 265.929730243549
240.43981943772644 256.3666666430632
239.80548926505028 253.28948069767728
236.89262280568454 251.56790991620267
240.96386536739877 264.2786176414344
246.816372006491 268.9187637594787
249.85265859413906 266.45520633622385
238.68800049125423 255.11619846412964
242.2577510260911 260.04793928315496
239.29584018431754 250.47020908265017
239.99914314941816 254.39818305532845
244.88186940287773 262.495842529757
240.45639494753064 258.19508065636205
238.21523381180234 260.2573235243895
240.72119607423429 258.32264705816084
236.74671258297707 256.0774274486828
238.43237096347391 257.30495915567207
236.20042514011814 254.0884104617655
238.86258931496909 254.2090357188194
242.4968382086226 268.4568361380897
243.49473000033214 260.7307707304797
237.9047289182107 260.60517967511527
241.71987048613624 263.58751864794516
239.52710919436768 256.5176336307243
238.3638421229573 251.63856910319413
244.7600297274887 269.5858251031059
241.69235441189264 260.7597764116221
239.1073968946063 253.15584786584782
239.79715087275736 253.83956375676328
240.845491404307 259.0161655410701
243.74543175951675 262.3829153006373
240.56723830727066 254.70084744037618
238.6561955136831 251.3991943643159
242.2659809136223 264.2077149086619
241.15058880607285 264.243632973783
242.05950214932065 264.5856088335771
239.93744859379802 256.63043741814215
244.44929873985333 263.4360666535718
238.7995818586621 250.78515229090365
241.96543348967953 262.07795769929
242.14273172014998 262.9576134279067
240.0638478583173 258.56589198876424
242.72633561532095 264.9589745276628
244.69452096479054 266.74068605672625
237.40077086386867 251.06845639345784
245.6331731761128 263.63327426149556
239.34518163682264 253.5073966274411
239.44047908945063 250.59715955157776
239.63755892423268 261.66393291842877
241.3191028779581 258.2515323161818
240.41408105167244 256.59713238886695
242.9247869274725 260.11031500355136
239.34227124210085 257.9286399005921
242.71063825794775 263.6576434215207
239.5771098310251 257.6473612706522
238.48594769622878 248.24819575620901
242.32512733488872 265.55727629108793
237.118686528308 249.0506825646357
240.89779487843032 256.30737401585435
240.02053576461276 256.29976340073466
246.7202763262048 266.30952909918307
241.40337224207985 263.7511069534324
242.9708686052461 263.9878926927777
242.95139820545108 265.9328539883684
242.45762602805524 263.2907806896792
242.63041337943142 265.0065836464369
242.45920933649515 265.6259671286977
244.19711282429026 266.2233889303299
240.9154736501055 250.09594472588614
240.48576496921336 254.55836420726428
241.60459195213375 261.3757604620151
239.0315810870867 256.2540807287974
242.03818988126605 260.70347322694556
243.99347475396456 264.6676245126189
241.5334966588697 261.3458004913678
240.96299484340489 253.20607122724516
239.29378041748217 255.11201187549545
245.8200199067644 270.1138969001508
242.82780883752065 259.1167480150355
241.08488560219465 259.35870502510704
241.32080338304544 261.3654261256327
250.13764088156748 267.0026955647945
245.1190590335148 263.0736676809671
242.7220208146061 263.64281981359886
240.84512285940585 262.392959580962
240.12780389510394 258.84020392504505
241.21633423531176 250.5524660480472
241.83644241266464 264.3872822081259
247.72594574550064 265.54016118123576
238.34073725765583 252.08040269022575
240.75467120326977 259.5864336143725
241.81608612280104 261.66931120017483
241.70416670318045 258.84988723943763
238.20669987793792 254.266120720826
241.0050801908367 258.945394092533
240.9592158271474 262.1186684199604
239.66480642854654 259.01910970366754
242.82998536079273 264.79384784179456
240.66581288790704 256.9132371134207
240.59310143046525 256.9204149962836
243.30413501001112 266.3181217217494
239.03919582382173 252.67294288637345
238.597028689781 256.84279127734527
248.4217541038631 266.980120031408
241.97549234493135 261.8124816568648
242.43325579441566 262.39477358534145
241.59103128293208 263.33234514574417
238.42079300877623 257.5076503813403
248.55711165187475 269.23708713960826
238.5278291451735 262.3307483433835
240.66439198952142 259.70546821509583
240.56037993414742 261.86715906754563
242.42984316926265 260.6451790988578
238.92469294106917 260.0100376568691
238.11344305913187 254.72347559378235
241.89392202082647 266.79278099538755
240.08208564155396 250.4457295705668
240.41910717126515 253.88252812467582
244.38614689657723 270.1611147015489
238.65992315271384 259.51405739450576
240.01972210550235 256.4503120381886
246.20412332363085 268.8632607658379
243.4807633065089 260.83517485743977
242.20017242787912 260.36916885870846
239.8220553128293 254.89184906051602
240.16671521543304 255.7113937464226
238.45016612945523 255.60126922376793
244.49570857362204 267.13019005937457
239.58846696342025 259.9022104588704
240.78553633020223 261.44599121888086
241.93208716534224 264.0847904403127
240.64659481532777 260.43635004507445
241.2775965298187 256.99003976566286
240.1093115993936 256.1973116079545
239.2535532813644 261.83328132205514
238.31577513784183 257.72836477329326
240.30818311975773 258.7535593455092
239.5734316818487 258.31463928446493
255.02696150793025 268.3083424663622
240.63836194425133 264.08508089378853
250.2993818253015 269.10524392372054
239.6141471376114 257.59777808426117
243.05216633984463 265.90788177553867
240.34090392694802 251.21621638004075
246.56091837782154 273.2639096033293
242.17022086983897 265.35161676311
238.4329984176155 251.66492765178148
236.99832649250564 254.92638091771124
246.49508751891221 264.96168208295495
245.81428599441924 264.9878640800075
239.28430141951125 260.3284830586553
242.3290217529689 266.0988587592776
239.60069188471664 255.0112806201401
238.90028737800066 258.7452300620045
245.7135308655244 263.7986547267776
248.205454377203 269.5804311458378
241.81797401408645 260.9813935010766
239.9440925325221 251.58817813254385
239.83105413187712 253.43282786940603
239.126735469112 260.0765676839986
239.84232865764395 251.6011199072947
238.43060774549292 251.79530397886148
241.1482798401132 265.3181281777635
239.97188857067673 262.1267874910999
240.53158575990392 261.1084363377783
238.50623250293677 252.65335230100544
239.98397144778764 258.62772390692794
241.0772942475182 255.72043346118463
242.65469962921716 267.55529986616654
239.13698320295262 262.40183454601953
242.382427764534 262.0413802057914
239.7895022216763 256.6081624645488
248.86117696025852 268.93508571225584
236.5756459999161 255.46706557898085
245.47936052266678 266.8840192813911
240.9350801728221 260.67573397919176
244.31023334401084 264.05865745969004
240.6976242717157 260.5094078386877
241.82019942059526 258.94523363556675
243.06731722216637 261.26533736424227
248.26003369869176 265.4451715180989
240.4181897818874 254.58874005494778
238.88391189582896 250.14881889365773
238.62592705880124 259.529330865565
240.49300759262934 254.02249453724323
239.64989555101442 256.21081781620995
246.05171724342532 265.83517711157657
238.33539724163217 253.86556599471072
243.28735451305553 264.31971296371927
247.43562455473543 264.72329542167506
243.9147076274139 271.75072835818355
238.5778849701335 248.15074327276147
243.2205006294869 260.6991592312134
240.34968805524548 260.0825087189178
239.47786453892445 258.6003526795814
242.85956415133452 264.1899614076364
243.39639822382136 266.0641220127824
252.75709851039346 269.1994343073607
254.90002661259877 272.1397296173722
238.7947801463782 253.6251602640309
241.0815011899312 257.365113395445
240.70599407064176 261.9944044813814
240.06879984976425 257.619009922039
243.64575459752442 267.2474039349749
243.07488999044963 262.2509020088649
239.13444806906762 261.1633152820884
242.17487632177696 264.7327851946815
240.33234363544088 254.50341631556026
242.29788952433287 262.8703012584963
244.31448223801488 264.4216020483091
240.7330063974633 261.40152337391515
242.3256316670157 263.82992847500526
240.09510385709356 258.9080527036269
241.5447168374552 259.31517663674646
241.7001177477961 260.1507370495779
246.33997969829775 264.0801624810257
241.11299533158933 262.9498571258327
242.16196094415764 258.47639966856224
238.61630595599274 253.91398751068638
244.51036307663452 262.73708526749414
247.16339647595356 267.4891013472247
241.97785302872524 265.52311472583125
238.1758319036581 253.63638450418986
239.1961367311069 255.99752342730366
241.28932334098945 261.0008192856904
240.5591335704121 262.8958659695476
239.6715092405087 252.35900773518898
239.41075741552308 260.3092860559907
245.20321855315416 268.4569465420125
244.35697283885793 267.83203630519586
243.37354185379462 263.73733170433644
239.7498366034043 254.76786718733652
240.25401974622616 254.8056848103367
240.3539092836424 254.25910348632107
238.234868247404 256.84929734795156
238.32792845005494 252.9382323891535
241.56919666896073 257.34317699728376
239.40560593075895 255.69489197095206
238.81342067853225 258.50354806775397
240.99823749149706 259.52937237258425
240.10329519614913 255.67360001481163
240.6169523941575 265.73532811549325
248.94694294124383 274.0515097934858
240.08954659048922 257.73782890179206
246.60527651280293 263.68868379974856
243.12556989851316 264.69338072250537
241.74191119332946 264.1102782959071
239.10653455238165 250.9850646616068
240.98322686028055 263.45997983979134
242.30537662310925 263.35279003195285
242.5014826025064 261.9578645577037
240.48941176082755 255.48700745193395
243.5546071301384 263.5771324083294
241.89503956187323 267.7359618233342
240.25760423925058 254.11178450320676
240.54493083772596 256.7961133130253
239.94414804480832 261.9470903518905
244.59053353763449 262.933819166279
242.1070878269768 263.82410050546997
242.82571593519512 262.69791885564973
240.8954237345029 258.5480422585276
239.83847187292866 257.0625235913151
247.12859631335135 267.2628453778426
240.9201222914009 261.3165038183381
243.54242890663562 261.99686142118765
241.00646688272803 263.3044939316813
239.44884682593033 258.16082070228344
239.84469957480056 259.81904664618185
239.20129181110252 255.77544110239526
245.01767445058633 263.0734525838062
238.8088147165259 251.76913986262144
238.57408615477738 258.6759048507189
242.41173538386914 265.6750891865949
239.286990770787 258.0496866684638
240.28630063037218 253.02616998864258
242.14201267153047 264.64453638571854
239.36910848866975 257.52978984865
240.3110791178165 261.3117419955124
242.7556756137873 258.8288418978489
246.71772608528283 266.1640863593121
243.53760988085696 268.41299734913565
241.15737717264605 262.8138080388516
241.31349567668525 257.8875368062723
243.91454518201778 265.26312353607676
244.90841352569592 268.3692875111495
247.12301798176725 265.5866459118457
240.02609609634862 261.6605591275487
239.7772962011439 259.3294918232093
241.3334861218972 264.64775825160217
240.99836367715238 260.9734381924846
239.39634879405196 257.01638366576077
238.83031686629056 255.56081527211464
237.901714905542 254.69789112700806
240.8191211006912 256.1234059069453
239.75250418921632 254.4401609425866
240.52693411153712 262.02984934775697
243.43452353368605 264.2744770294865
239.4480513019115 251.0569067379384
241.78979547876864 264.52619867669495
243.10300828337148 264.926065656515
242.63932202033578 266.6397917796868
240.31141081558286 260.50351727839075
241.3520029551267 262.36894378654523
242.37906661505156 265.564740190085
239.01554023929125 261.46034429185147
240.84445157222152 259.44945863538527
242.72344952299423 265.68611964863703
240.73909451606934 261.810569715736
239.44725990168195 256.41541546521967
240.30739263311096 257.1766406858184
242.7407312283447 263.11593929192156
239.56558432888326 252.57116652564787
239.62970239458036 261.75334540985784
240.1878071722421 257.18000918005015
243.78236076773823 263.5505379737384
249.03060470267238 266.5460287765977
247.90246600999288 263.76623736803344
240.84983062387937 260.37089161254625
241.0549852671439 262.7319761288673
243.2700092038617 264.26471834204096
242.81150511294194 264.4587941206959
243.9319015271768 263.63066041837095
239.3410069258345 253.94592658500247
237.9437092947386 251.11662574570133
241.76969928075252 262.1637718199807
237.59818056034882 255.6784232427548
243.77636003916984 266.0657840825406
242.79276342778041 261.51095827066536
247.39408517958458 272.33570673013037
240.8945086639621 253.20005426556511
236.73009577244196 248.90133388981033
240.99409379504493 257.07169224137067
239.26251193399742 254.41221531452584
251.5846621733445 268.556871783109
239.1624098006517 254.2664042355939
243.34545600209267 261.9464578316002
239.4546378393653 260.31112768128935
240.01336361678057 254.36965825448846
236.77527990980974 253.98754731017004
241.09762100379987 265.16325684017835
241.75028825953635 266.3844744806713
243.86636966411967 265.4312265268614
240.80836932510385 255.33887344419128
241.6615438393294 264.7857615414004
240.53202219382118 256.0438828202066
242.07485545152522 268.0597415873494
236.77648984076112 251.7890491718877
238.5738211570376 258.5272780477769
244.85738205990666 267.66278903727414
240.9038476610727 252.66704381031326
246.39136668187734 264.7844314280963
243.72913689817602 266.0774499275042
237.7783539318588 249.19422906488455
244.63065951391135 266.9209094797161
244.6294714607771 267.7280782199533
239.09097332599046 254.29870778373123
240.09566922064096 256.64177964259983
248.99505084433997 265.6710583476029
244.44015998339896 265.3151266879214
243.19951295505874 265.07732608468467
251.61216711714647 271.45558944726105
240.21743536222962 254.76903831674753
244.70615995971548 264.52064551703035
239.9205193838568 260.45493251989336
241.87435724229326 263.36642137882944
241.58099148028046 257.367901728711
238.71703305691 256.14918541819577
239.15831082250816 255.0121859787104
241.72165526096654 257.0267194906254
244.67732845504904 262.2730000976068
237.52804963297285 260.361025025258
240.21233176896988 264.9150857890094
241.23065705811925 261.95893269780345
236.3617487472804 255.67717515106858
241.06175930397617 262.3092651332921
240.10528926428782 259.93071492808724
241.12940982909151 256.3368493423484
239.7067709113782 254.7445795451496
244.62189270329355 267.92867719710864
241.0702936654494 266.8677223005182
241.77870159768807 260.2701226922583
246.53677526433955 264.1822548023893
241.80604100337573 262.1463254961622
243.72855843135244 262.59052203643256
252.36347663295646 270.73045805883527
243.71179242772752 267.10410710833753
240.28965867267874 253.41063138014167
239.07735546521144 258.60496115123414
251.10488992219703 265.5572798368863
250.87554395615842 268.2153810801509
238.9769664065215 251.71329965047096
240.9017153632708 260.05178343561874
240.431014752017 257.4054703260352
239.90398866302579 258.5833462397729
242.84358784253843 264.3210526823917
240.18210129692457 255.48578096494757
242.29556144204795 264.5019860956923
260.91766813799177 274.52846823134786
237.6499623533227 252.45226719871195
243.76677167341617 263.23124865514427
239.26467032967952 249.5256434434203
244.07982780091356 266.98118983071026
242.07188453819447 259.51890140509556
245.4063781007779 270.7978211164621
241.31787096867174 253.99917373073447
244.4799810684603 265.9278962886098
244.58284305058905 268.5936263839542
239.82720055279273 256.4599424411724
241.24006378059843 257.5961407879015
241.65000015668286 262.0764486066977
240.04536588895013 259.729196829519
246.46878188984314 268.7028009023072
238.5912420352212 265.0764068164735
239.4230501242561 257.423488016407
241.41389035882642 258.0964226396589
246.58377492976086 265.05674734072034
242.41375085426202 264.0430841944873
238.63541931349496 261.9796860335535
240.22539088426453 262.36052322566906
240.01937837607355 254.3506564720409
239.94040945053152 255.91274117912877
241.6179095293106 262.0477962625963
241.68605719774942 259.9970674215499
245.53047435910793 269.530792952699
240.54931411617216 257.76511979318633
242.88414831001037 266.89051798152315
241.24699608007097 260.15083747698856
242.67111352330778 261.5278177722547
242.32881854324393 260.66171543981574
252.8229997748147 268.79767634963054
241.60010188622752 262.5828413759567
241.69994825428017 264.1064187558933
238.03624518829596 253.17660201548674
256.87614147212497 270.35763793282166
239.1433413300613 248.61725994345204
238.20360273781296 258.33725783885313
240.68473145713352 258.7683620852229
249.34903687341716 272.0227440282238
245.7228552285574 264.62924796834807
241.11631779101086 258.3409580315581
240.05435330437217 261.5841363986616
241.65886284512808 263.88459921161484
241.47052335177892 264.06716413787564
242.38620549821218 262.3439200336389
240.68535780892438 262.2663620200129
246.9207966170414 268.7861634804143
241.82951197646017 261.0390501542016
244.86437630909393 263.1696527229169
238.9616344897933 261.30578576825866
241.72181929040897 256.2120981545501
238.6388679129081 255.65935933570302
239.6778717468087 260.0124412312406
241.22005616387563 261.18189837363167
240.01550043069713 259.9709914957772
238.43907669240278 254.73848280121183
237.15747477985917 258.7317831548813
240.52592800413592 262.58658693572676
238.86315120252664 253.2832158387635
240.29091559917094 263.530996772562
237.49978601427077 252.10991154521528
238.73126210728273 259.70608587564044
246.75911846068735 267.47107530532554
240.06732912157318 260.94924819021537
240.69811057236504 260.3724075716621
240.6123873259492 262.25432073897264
240.21838028467076 255.60531643972516
239.97431762887814 258.82368245260034
247.44268102362534 267.16607317918204
241.4395351313303 260.85388226983355
238.8588228884445 256.3562537215871
244.8219363841566 263.73988444898976
237.71341828164503 248.5021232403948
241.6421795038702 263.1597227833803
240.24969711123094 261.53456281307297
241.5978810930136 257.4534816377577
239.54986242681042 263.50363330478507
246.0386262940935 264.8898700070078
240.43788389965547 261.114775724688
241.2007115812601 264.7466296036249
240.56197686672732 261.4744505212115
242.35363853902476 264.7773860085613
241.81666646388732 257.21796395920643
241.06033609556164 259.1452985982027
242.50962109044835 263.3394485609674
243.67152769262387 268.0698598709669
243.20520817487812 262.8077833224161
244.82501447947035 262.7390673984121
243.62826219399113 266.64556548985007
237.74922368723392 254.74152538149718
240.57865665622367 262.2565795473646
245.56162160929674 268.161071817941
240.19776717214944 259.7677567054691
250.5911166360336 266.2667189363131
237.53865302604052 253.66484897707574
241.83336889705734 267.9421742418934
239.97061160194926 254.0729678399034
236.50600191319617 251.34582836683487
238.9183688763389 254.53934029340473
248.631921182371 264.82597253376457
238.67992758818735 260.8256708831624
246.46307081863307 267.82725109740625
239.20729702623169 252.96204789163508
244.41105348467946 263.3982061948201
240.50422194750232 259.6509105737052
244.14642733095994 262.13387995548857
239.10579082788647 256.9924019026249
241.32089390295977 260.67598933350837
240.01527930113 257.7425941031939
240.83475797203093 264.0516056190303
245.2304473073965 263.5291544576899
242.6577711387626 262.89878742804063
242.96665593490275 263.302830965022
239.18327621771917 252.85047000099118
244.2486404649359 262.4278446912857
239.25103871847236 260.0422988389843
241.76759269971242 264.0745098732884
238.12880325148618 255.14972614932358
240.98058754952544 262.8722327756189
241.86097003901008 264.79167874953123
240.58213866636498 259.54387433456407
243.87072944736997 263.88262545361215
241.21866028532042 260.99594455194966
236.89777955923282 251.0285618138415
242.6012295413231 259.19090205707164
243.2836592574456 263.10426151492425
239.05722101383995 251.08605947130397
240.1965249211418 262.8155001886212
240.34310660586334 261.0451326113663
240.91261134436772 264.29339713161903
242.7446654518944 263.6091372023937
246.72811203676125 267.86669381458034
246.02896038638178 270.5380083801732
239.34714622955008 256.36446886408515
239.26657621365106 263.4485104163161
243.6602023744919 264.51230094873455
245.14639992589062 264.89405043514347
241.67436890684988 262.61191491926456
241.77348043483005 268.56854559719386
240.77346953830485 262.31286306085724
240.82354872949128 259.0623847568297
240.4672206038088 254.81670224800064
238.01001449931294 251.2614275439923
240.6466796377383 262.7075997529798
239.1390559062799 254.0005503126148
242.55849157846706 262.21820363185657
241.96695155371404 258.4588980633674
242.9465645796649 261.90872491696797
246.48639444037704 265.40288261425553
241.27843113943098 256.75604632370573
237.8596961592621 257.0047560431793
240.93556526570254 263.14099198255275
238.93434269554666 256.11883707516614
238.35787623445063 252.4953624198755
243.0924246915269 260.80602071853684
241.49763795065286 264.2179564039927
238.13753807290703 249.62166171541475
241.63787640433128 261.2268277332341
245.58843721899737 266.4951782390738
239.785127527828 256.1893677644856
240.54565041075023 257.6691010642984
240.99125353500554 260.52660238038044
239.77956494862508 262.3960416890629
248.5370201622301 269.6856916017687
240.5724315906035 257.1266139289512
241.82101032822067 258.0942234696035
239.2284258389033 258.6490279460143
245.2454701553435 263.6129901159732
250.37272786906001 267.00746842893125
241.34796668883172 258.8381994020454
245.0094335141329 265.16978381136255
240.70458871149305 265.45585728216787
242.64720161893393 261.0453594393897
243.50379510394052 270.49102097650535
241.0888319172227 263.54025353463896
248.17722298976338 268.515354438017
237.15469640520973 252.0794883306235
240.1835260624197 256.6742781154748
240.83176221121485 259.53564830912273
240.6171776844977 266.4851033463644
243.40200833375457 263.08058222471396
239.55900461768667 259.205178518081
238.1038430093858 251.39245085155648
241.6014107244434 258.81277639465003
243.81022590283138 265.9197449218907
241.36966705805457 262.4652703761892
238.18215685693906 254.9702454158734
240.31748962549239 254.9146546475141
243.26025642053952 264.2474970615847
255.8200991023766 268.0933197172648
240.74014991454086 255.39636222852454
241.9510824785369 261.81031626929524
246.1163748082587 267.2761962570106
241.48538031627604 259.6288641036252
240.59261322873112 260.7510939906813
237.11711482870507 253.1747059646686
241.40775998272292 259.63117582537205
240.0160023417996 256.44274054471583
241.0218475170865 261.9083429865681
248.0497487973078 266.4246556681699
239.458980776318 257.18973517129643
239.90278397241772 255.79971373772545
239.76686499338857 257.62050741372286
240.70884911953567 257.52085951814684
245.18319973776713 264.67900854668574
244.07206716508793 265.58823792651407
239.87925970131982 262.52321577016846
244.71088874526313 264.2760952697727
241.89598633372907 261.5085574809238
243.6585153921412 266.6365663843924
235.73687985678376 253.43790944567272
247.19309582583645 269.3881421906961
241.87029955032975 263.5241296876565
243.31713206766773 264.070324576019
241.91814633762934 257.70260269494
241.06111203276936 262.28038017846825
239.23512118135685 258.463710316561
236.58670774062745 254.89143238377008
236.90292028120257 253.0178142796726
241.26248152352824 259.49020002734943
239.80428429318158 254.39283726555936
241.5849927955885 261.6247096361354
244.55976754297413 268.3380807922865
250.6262107495767 267.19599470386686
240.47467207637195 261.93499813094746
241.6879871883082 264.54848052754306
244.33229875728318 267.03547732864854
238.47282269587208 259.6036145770194
243.8756644903566 269.6115323414971
241.841124621842 265.44512156083766
241.19272548560977 257.6316164572005
254.04465863745926 269.2300612095265
249.46266702009638 271.2419822273054
238.63305949920158 258.8202620680457
238.62951333190574 256.79906184922834
246.31354684607453 268.6188201949564
237.8349225753973 252.7876770761762
242.1994132648725 264.76999217574723
238.6304162310867 253.4419917726132
242.51719419883014 259.4793187533252
241.07752026694354 262.2799091404303
239.04849370426788 256.38405535054824
240.04089823894847 264.7652638050173
239.3057072019251 263.93592322291727
239.39095297030664 258.97038410494883
239.91917102729317 256.6723005211295
240.47941284295632 257.1110809997374
240.31323646166146 258.6247110954497
238.47545141882253 262.6478756352637
238.6202238105402 251.04480834056977
241.47418523780985 254.7893783738485
241.7012187656451 265.3886607335114
243.4084570378055 261.4170856070942
244.76874951358823 265.95560446135903
241.78321918905232 263.89584832462043
242.50456797368676 265.8619358250241
245.849838688297 268.1452880958294
239.0788072067859 256.59940043539
243.87360311433545 266.72676335664005
242.41264695400042 266.07826387211185
241.26098674192218 261.3781523476395
238.70534665280556 249.92006355731235
241.96735291947778 264.0836420160228
245.8234330671216 269.6053947208243
241.0944539846994 261.47005240180823
239.35227751330046 257.39594568184305
239.33238037902484 252.99550282613316
239.5537528132437 261.82026692423926
241.72084748407445 257.66059809841187
241.03194587463398 260.97458095683055
240.6163235445105 261.61861687719784
243.40655220709277 261.59064123567487
238.3981204508491 254.87736029127282
239.74212503582388 257.57040847479783
238.50347043661495 252.6464008955811
242.99860218686428 260.8160638748412
252.54885307933716 274.2441196323356
249.98421943122895 266.2141024120909
241.67630849254303 263.0508462360494
242.55085332936702 261.5360164166722
240.1538844843217 250.81995751905214
247.6932998670328 266.05781304398704
240.4905201822773 264.1751081552094
244.09177974564327 265.2938961519136
241.77738645537215 258.84296932404357
240.3803795439234 250.03229155346273
246.25657534756604 267.7045712582904
241.34637553475724 268.03234372368826
241.26106431875863 261.80493827871555
243.94335241151728 267.2189744821872
246.73501850449313 267.3215559991291
238.70047981042165 250.72140856446404
238.11768015527446 253.79756816281767
240.5668019526872 260.827357065514
240.83060592338606 257.7300170461752
239.9964648286725 257.5489985446978
241.41525123491934 253.81600043651636
240.92027306327128 260.61255252669014
241.29961890983915 266.1753094241636
241.58653432433 255.66411872780824
240.50223764389588 267.1596266816902
245.25267136920618 269.38440730892137
236.76265922611015 254.0615256810611
240.15722227721957 253.88919371326608
248.20651009037633 269.181616451761
241.77007440120494 264.62462144576955
240.40733994540898 267.7381331509487
241.3910078879508 259.2691271972228
241.582530987852 259.11226631311723
241.3011379295798 256.2980945394894
241.8929962468424 264.88683223894947
258.72168728929256 269.56173564980634
244.51726140796873 263.5167953933086
245.4535659847805 266.4052521572383
239.63217469061445 259.9469859487299
244.4957201951315 266.1951411132837
240.27555244354488 258.9070875806089
240.49248882475374 250.31248511029995
239.6470494037665 263.0230493114995
242.64185815813127 264.18677161659286
237.566787055659 257.0534139612662
