219.00119610694918 307.1158769225928
222.05445586613746 277.1595572107793
227.59773256480955 275.57323744969415
10.163514562872303 351.957739874307
219.09806688499305 309.1643229405384
230.44086331297126 279.2107893831619
221.7543555329622 285.2948167958871
231.08138845034767 280.9729312348444
1.2426284485962837 358.7230311995111
1.639095309088463 358.41079536064467
212.90639868305783 324.5110906542988
227.1524004059536 286.04638354634363
225.07838504773733 290.89828009110835
234.6097986733457 281.5709406176921
231.38077877229134 271.655445140172
233.07708305058807 286.5961278854783
230.62932961643818 289.6344776253131
226.27642297196348 281.15522911632286
230.34650566071477 279.7503139423845
228.06652156167442 274.99115552747554
231.9363559439931 278.012497090071
217.2944998879009 302.9701829570154
228.15047707070855 301.29220112396706
226.3905276337299 277.27208123248874
223.32482671355166 335.8441870627053
224.33254641461997 282.81289980094715
229.26460161837258 270.5325051295152
16.508574210491478 348.9345567587823
226.30401143345162 277.04458187247036
224.92153768659585 278.9387340484058
228.00169656902676 277.2492303163788
228.24864932365557 322.19070742865586
231.1172662611381 271.3073540178637
217.93431830586096 289.2501612124386
199.79307296406068 341.92629514650474
212.7855058497574 316.5098196519674
213.49442534729974 313.4194981821573
228.7556601862842 295.5229086060078
218.35449156517544 315.4741739977792
220.88570909041022 325.7576392010927
220.57512684396198 297.621293384914
213.05807228535275 305.3708883507319
223.95646402925232 275.61697520524325
232.13832082351684 294.63824369789745
230.94090508283455 282.762633674835
216.41687442684935 303.0619598051481
218.1429212255717 289.9676091505165
227.24226526796593 297.81190875302696
224.05825236690896 278.14973729264096
227.19092954157065 329.6950030278106
218.16225092162065 301.1432417511358
225.6673114479603 292.2722840390778
229.46612830389319 273.02820523412186
220.24585873530634 286.6202261984929
225.66292379000367 285.6937624263633
220.45996156567185 287.73003874425495
227.11206395852489 280.67070538540895
226.92477045415163 278.7396767407075
212.30657398942327 299.5623397725548
229.07429392770214 279.2964595600284
214.4189570289972 301.77791505292583
228.50320048135404 291.1869779378161
226.75704838605267 303.14982609198245
225.228243245564 287.67960439147765
229.14636715662618 292.82737652394997
225.33197769282413 286.11798443441955
222.24451837343815 290.3274370173561
236.52740433228135 283.28984849020577
214.2681518893732 324.7938516093943
8.154757868249092 353.27484333716694
222.58758156692258 275.2404715620926
198.0183188688226 318.1116939346755
209.6237732153282 324.9304938318016
227.08796718958112 292.09622711531784
220.28969234314297 303.1964584359988
232.14547011738915 270.2332657022195
224.62806750100685 290.8091728322827
226.25668971813258 308.12565714264457
221.19464788606655 289.6462223785245
219.62380543685526 301.2751605489807
217.40844275089626 301.1957048111646
221.3538073032202 306.4581251422017
234.8636296956643 272.23887360679475
224.5489531393285 304.1477001919165
210.03135446065141 318.20922073820583
232.3001740434429 303.591531109232
2.3263034452777966 357.8966805099775
235.84699725504706 276.04228071442463
233.88704732634008 283.4269426732114
228.16422227351532 299.09872430086546
232.98493525377086 279.43255201439734
238.26332078509265 275.59828948298855
235.0796461537418 283.5478629051353
231.24589381655625 267.0916201212351
2.6008405632355944 357.5082433217737
208.54952327035045 323.2744570401078
0.5936149687841552 359.4356268459704
211.6515135030983 323.2512048126217
220.09289659983176 281.03402779375233
218.6027784274555 274.1043564653186
230.97148816345793 291.27944309762717
231.06080300777137 271.1466785815203
227.43973971254167 289.0073243141638
3.766186321648944 356.73293245575655
229.87243342261127 285.92633052404966
205.96000934433903 309.8851676030975
227.05960374115855 289.7628205946737
228.70997695294602 278.04469824454327
228.62728415737607 280.32863229191713
220.99072215140575 277.9434953552249
222.9590028262221 282.2252004153879
224.48182288396998 292.6626358876482
231.507951914011 282.9303871173117
234.75973671269415 280.16398001752253
213.73937571726208 296.01857129136533
228.48213489751433 280.3901236594061
219.75861664375978 295.0804472349868
218.3317043257201 291.87067281830025
219.8889422131064 309.2416816149509
230.83179538943745 285.9250621236303
233.18219844522008 271.0873763183747
217.23842434525878 279.0317372221052
213.38069818958996 312.81975454867586
226.1429293609004 298.2360604501123
229.31598201654307 291.4247683500768
221.32975070267497 276.4857022103358
231.59377455240886 286.9319193784883
228.1115619865418 279.8179226238531
213.8167084615516 336.54933738013744
204.56289113901823 335.469023174306
229.49433471063486 281.33636422168274
228.00514376965086 317.569175804812
220.52379390355236 331.31894879434935
228.61546927053578 267.6619276663231
219.70392830944027 284.75861579299215
222.72897869702894 312.37865863915204
225.87968041269647 287.43029382282276
218.65316082895018 275.54896334779755
230.78473599211551 277.5613648804371
232.84011057575378 284.4518306782875
235.65041753861874 283.6410383166933
225.30667849282656 293.49411150148404
223.75672256141388 277.18939872355105
228.2354651778385 277.56086478323067
218.22420738479104 318.3787326088125
209.8662819926194 296.6822657027473
237.47763842279338 274.5505978463315
206.71607615443725 317.6477509140656
221.17693914051767 286.10980911737516
224.60080554658816 284.52773655283005
217.90149900115367 319.6080632676077
221.41603521059105 287.4431998620394
232.4706363637248 285.84262122950963
228.24700971776193 309.65528003957536
227.56323503858815 272.2935509797538
230.1508053599633 283.84241116111986
229.6906433250484 288.41590689699746
15.001045925773404 347.48183372391566
188.10991567186434 346.50658157348397
230.02138312309077 287.08019356261934
224.64724197545794 295.02371217335013
216.25713350526198 321.7499065172747
240.52138261343976 271.8124898136443
235.6754401975588 270.7586705620948
224.17115621484004 291.0977838300385
223.4846805359269 287.71651639434214
226.80693525844194 286.0655293612396
212.53174509236308 313.5190743300715
223.71232108076714 320.9620474672693
229.98763962527664 270.17604189210596
11.943178793961335 351.896798737604
225.35300624219542 277.12706138418105
228.18014011446758 273.7504228484065
225.5629959210573 267.870539582481
221.7201475138815 280.06557583899
224.06281063005713 268.91133067300035
229.45885556136622 285.0601078802053
229.06058834486427 279.1209343405276
227.05299028716465 278.16931904998563
211.04291819123688 328.4914488715405
235.7629036032531 283.4811122740378
217.82682079822462 315.95806854933346
221.9825842619966 277.26525730128975
231.22539257343936 275.5652453953407
229.937238395397 273.23344493594396
222.3943651947879 291.55632465273004
221.08092386622297 287.12595965618004
226.69978905887228 284.9940316404499
228.13544192543338 279.91338290965524
229.5787032193654 294.6150692528018
226.38115766032516 289.7214077100168
226.72505594688943 290.80926497494454
223.59559049136908 277.51432372507765
217.95925534182953 338.40654995942157
227.92588474216268 284.5444426411548
225.34060115338542 298.7522553876728
229.03420365504425 277.7599261123731
211.66153175534163 318.42120603437803
228.21736483062082 278.7399105622098
235.4981094075616 270.408779646454
232.0224952826887 273.526914759216
222.57292866348175 312.9663929699156
233.1418755588115 284.37766266765885
223.6727110010567 283.8029896613456
228.7519817622304 272.9688730387206
218.06971418747702 309.89855217669304
218.93928320865723 327.96013636510486
232.26791489896988 304.38171554622176
231.47327511258462 293.774043556133
202.91020583183703 347.15297065231715
227.69082030652189 298.02247300518206
225.50430109019948 285.97897894104295
12.868761950598863 350.2895059443872
8.05564175670967 352.8195486118989
231.04291895666339 281.98443546634525
236.76462811973354 278.6933415003719
231.4721193700717 268.5685205017565
233.27401408037443 286.1260485260678
232.22259295592235 277.7401680540863
219.32672342471187 311.2191339995145
227.6141941084806 298.3279581032564
229.633601633419 316.1076400801771
232.235471565875 269.0163800880702
222.7304047324688 290.43760544412686
227.25184107346576 291.32422555900473
213.4860803961351 314.0191102786225
228.35260658447655 274.393311402079
7.298347837734816 353.293129754082
225.22545537627272 285.9831650775642
227.38090665666127 300.9484057067892
225.52693656046839 312.9221468359284
222.17206931028565 281.83347033734
226.11395895187815 293.68527973997925
234.23467776729586 286.7380275299173
221.44927802155402 295.500643737736
226.71498423871182 279.20809548603626
217.87643932480555 316.8422208277373
224.48275063960116 304.13520905145634
232.165531633093 292.2988421612979
227.11244501960553 280.50648255132296
223.38354969848282 278.0023699737296
215.8589778491845 304.9525971222291
226.12874094659213 282.9138546858842
228.2843855205635 293.728526862821
226.97902162548607 293.04318581819837
234.1505637868594 270.0774703004424
230.67541501656225 268.1001797958637
227.6865956155413 277.236514462728
223.40847419657894 270.7064951484487
217.0896542289383 295.8313621863635
232.9715352951635 288.2793418578148
227.34420486655299 301.7656501130749
227.49188976821597 277.05479644933087
229.6396342258066 277.4962140529812
225.87716400465024 275.25054243574743
229.206805524422 272.21541334468077
215.72453533691314 321.0291869503627
227.004060324254 284.7081829935839
222.1243543545849 268.78893125419825
224.96150939880866 283.58652790753285
234.15520613788587 275.2922678032119
222.0481188355811 319.6202501724061
22.097061919128137 348.7831144049532
214.14080418119065 300.2118207492851
232.72993287879385 286.7852056546744
228.04990080328548 288.35707407583595
5.470778425945482 354.948365759394
222.7118685585212 291.38221529231873
46.17990479042101 330.85793461933696
218.38741270727365 318.7825108181479
4.004176302367259 356.4135739317498
219.17545793202362 323.13096250521
226.61233111860776 286.60350331018805
209.02893795134918 328.40272591345223
222.96897232765747 283.3883808955839
229.01963760402575 283.99481871303317
234.6477678204552 295.78125129190676
233.88800626984906 267.93461386124477
218.76606793422965 293.9997225008103
239.613161055031 280.0332810707123
230.9795878038947 292.81220561517017
223.05004248577748 285.236041080692
223.78726921121967 280.2413835455008
225.46336360202181 268.9417967607568
225.80811254052688 289.44506813328593
228.68929016394756 285.4592130195743
238.14710785367689 275.8242908322218
200.7434805667589 343.7659171861566
8.72478370162971 352.4863464187294
234.6564462620691 275.57696651546553
224.72840121144085 276.9418564428338
207.95084476403665 307.0512809390147
226.78909578968108 293.0162529193472
227.40774331630755 281.82771396773444
213.242839886334 344.0401435816966
223.93870688748106 284.2963072713304
232.28609344169553 293.9569389774248
215.5236131771119 294.9964381194257
223.17883589779046 283.90036826961267
28.916223888647533 343.0884330048491
223.89803967511446 289.5923935379864
229.0642247894488 268.09442267924686
211.74665045529142 302.8725653325281
222.7550260042572 285.35711465547445
232.01996775179632 286.1369308660715
219.42794751157726 291.0942292519897
227.4615948343147 267.48079792411545
220.67968305799016 298.0593435035467
227.36142901550403 282.3311322404387
2.3208732547655595 357.8081213106664
222.79498805641623 273.03495076271975
227.6281329116196 286.91484916516947
236.30386574479903 276.113660419322
225.52959637236103 318.2689094595908
232.56089143333728 292.34847091266636
229.92636035289644 295.9237869267892
237.1378780193253 276.26254800005336
231.4962559357529 280.01642602494815
0.745324973443111 359.2421979945769
4.838946895242669 355.3498802303469
222.2057737807146 280.3467593771276
216.9752152185867 280.4751883942096
226.27290756047483 283.4930449177166
218.5207777325865 287.1876179656778
237.21807931717115 276.4512649419696
221.05413770092662 297.08086761642113
230.57688185868236 274.73238716124473
225.7538481514904 299.3443520000562
231.2351840526793 279.1425625915795
233.79535700261374 282.7165245483678
234.33796878731073 274.715404542442
228.903468800971 273.4955223724833
221.58522719859224 286.3329118010968
231.87800900913584 279.1742106466751
225.58079783164436 277.75837861913953
219.2170508763585 300.6511888936129
222.564030794284 270.8529252815771
230.45300827092876 277.42548369907365
223.4624626493994 289.63826615130233
224.5663231438792 300.80828000999367
241.70069588618753 277.676672694769
216.83181780844603 308.00677987184974
232.53334200624923 271.3146901208832
231.8324961704648 276.3602948069755
229.4923434010184 283.3008338929454
223.24852136010838 287.79437156237634
223.04448361741683 321.4560570041305
228.91114510617467 286.01499730340726
230.50856762328598 277.9314076144759
224.42144325203006 299.73320328869556
227.9147672492553 271.85495102851803
222.69745496680292 278.87354771091503
6.6873867082873 354.3015890782072
228.04248630330244 284.4427590430165
225.23974478689053 278.1807132455945
230.96628592004538 276.03698763895125
220.88895580922332 310.1661652708128
223.14669077962017 315.15353782250565
15.252427001962472 351.459990775954
225.44110603406594 273.48791019830315
224.36608305265602 308.2489616110987
224.53535190155057 300.77812427922527
223.37268569101764 264.99047676036054
213.73912111979206 330.8630297279008
219.81250493650333 325.17701804778983
223.97867958125127 284.1370773729844
220.89438020281432 276.9884408225784
222.2247653925104 299.97204509318937
218.24912639381338 300.0970956296326
222.48594896171747 278.0669822115554
223.91243195050458 279.324951117038
227.70693970877332 308.5566689030264
213.39108266279035 312.66504885079513
222.70704684987396 281.4768560528031
233.80301686444656 293.4686437568926
219.3734110440715 279.117010362449
220.86050239433933 290.78173899652245
218.5234122049668 307.2691320391925
223.23801510911315 289.4555365501816
227.44196662569834 309.936858105004
215.87229326179983 311.1504556651345
231.36526268158642 285.450461429675
241.73934873070678 271.2583674268438
229.75869326353634 269.60568080667383
213.56316506526966 335.7683754125838
228.6054648862978 280.00806449352586
223.41773836423397 330.30981704599844
231.2402630874436 266.8689809092182
239.7814865882485 279.5614683462232
227.88690608384468 277.2245308897016
222.9269681883869 291.46519437316783
200.40905921661982 329.07213608078047
229.20686875773904 283.30341416710354
223.99749831080507 285.5102537685409
234.6922113925747 269.53227258368094
234.85966384108514 298.0025626832727
222.97835452178245 289.75530070881956
231.09303796189397 282.82606832865235
223.50693316440018 307.4070895221133
219.82127310109124 333.2371423572992
234.30936739474038 270.02082436027655
231.21900735372998 276.6241511070746
225.1213393293293 286.6840127694931
230.2434804312907 280.9133268288456
224.89522613373788 278.00952538531703
222.91612759861667 287.4647567577558
236.02327629356174 287.02898182211595
231.28921398654086 277.27937593082953
225.90497162781543 278.15916572606193
196.81120524772888 345.05080483897035
221.43910614386803 307.40418897445676
235.02906219599947 275.5922425035155
231.2724839349474 272.4979444152782
219.71274583977043 302.147470961323
225.51581775138015 285.9493299634459
195.94838702686306 347.02542295211776
228.3995689354205 271.7748413998642
216.98871320770456 316.7037383083909
227.26870215673526 309.98043464131274
235.93447795850238 279.59277972540673
228.10356694426372 271.8533009085588
232.0535608615631 268.0412169223528
233.2714726998566 270.2976671391851
220.09601791683323 286.2910321704707
217.75527978606505 339.8683003013616
232.65984804763983 277.6483230040141
219.501075399741 335.98399768581135
13.65694728372288 351.18018072177586
233.57384091742483 288.84865847904814
14.692993178671259 350.2859259515402
218.3159688587847 287.57837600021656
211.90361232635487 288.00295899804087
220.90236465030702 304.57685324939246
214.2439656541357 329.4935691815824
228.29272678761376 280.7902396644997
236.18166065834126 270.30426838174736
221.6359475976302 337.2501191332249
222.1429732706193 303.8865060663049
231.79559507344186 273.3865793942493
230.05040151864935 301.1853996697353
227.72480262813505 279.9808244919234
225.7290229954119 275.84606817765655
221.12112710669564 308.17033770945966
221.78751350214225 283.3872079888031
227.7380057071371 278.5751892214555
222.5034110713941 310.2421054567078
234.54182047756117 276.17460011998566
218.74030792364067 316.8525922118373
222.40423661559672 299.1380298739177
225.262771146888 282.80571731780043
218.04581253721972 296.32297724249895
3.835995480129372 356.42069279007023
230.2550499898561 292.1490026675268
189.4413150945029 344.56022053046337
226.0625643077557 292.29607900669214
226.14218063761888 274.124960829071
226.05240291740157 278.1390978379332
226.17578617665052 308.5690812045605
223.6392434687113 276.7824911808379
231.56387123111165 278.99977179842494
226.4451859832913 280.1322730734362
223.36616689580586 286.0038762275793
221.9930891315257 305.4746355006644
235.07497025536398 269.3214732555182
222.31541409745384 310.4125086321594
231.34029804110617 281.271984002236
220.52340687166125 290.56373113336116
22.585566448753262 348.30016311028896
226.20780527950467 278.7287484564057
232.2976211421914 273.7929723241325
227.74588868509812 291.7090101735099
238.07280014665042 271.419129521054
204.40383647350947 339.79669923204017
9.619959214054568 353.22525707741374
216.54904795105236 324.9825803200807
217.33311842792426 324.0356998182574
226.15856041862946 288.07414034145825
225.7816929429572 297.89651098449264
224.04791610198134 281.46554105988196
231.5946542500174 268.718946900178
230.7778994564637 293.119229843223
216.4441845935053 307.0268055229906
4.8784589160919 355.8420626251636
224.93507959035463 296.0936531679798
225.7017130973307 296.03697599709557
221.5618826463058 290.3850683374671
236.4800994229897 275.2778306146946
228.93964044807774 287.3241448044417
225.93208147494525 275.84119717213486
231.79702839620862 273.8918519843387
234.5631014351493 279.8948905912009
210.28185819422796 291.76222095909185
231.2561821037505 269.3074451322709
214.81429356112724 284.24252561967666
222.034648101189 302.0612454789945
233.97932683930978 280.3171841483529
234.26091390154843 287.43867694591427
225.7249023726653 287.1174438218535
228.74259138262772 279.87788936987323
222.89303959544483 283.51699931755655
230.43888289039305 277.07315320906235
234.9415591658486 278.60306832982025
223.73388362435202 300.5050979412776
226.93360363208245 263.2375300615252
220.38331811688408 291.5281018862031
227.42486766928442 300.01946633276475
224.40365162292775 294.99134894393956
231.3554737918512 291.64152062560805
9.0889370864588 353.48560670248906
221.03854181059856 318.77305217195845
218.31045864630153 286.3384738580463
222.1571317383519 302.53907337905576
221.52318767821092 292.60888779577476
233.51717649299152 297.2267448696369
231.39996180604504 279.79895580629034
215.4365504155491 312.4962705630464
225.3514449968303 279.0586010786567
228.31168273638977 273.1861444643759
232.58334483258238 276.47765955159707
226.77957090456988 290.61608242152795
231.16595187351876 274.80501967039254
229.15396439713467 282.889523041094
224.05231708716315 283.45359191348604
229.1318763010868 305.61436485699977
230.298231451442 290.2160651326789
219.25473918588654 306.4600840004263
217.49104205959495 299.5718826143712
193.40546049952115 345.7764227562009
228.06676434557377 307.7332477024261
221.73187675793466 279.6305718804985
233.40522604360126 273.50546878108753
212.188169916564 329.10900015916224
229.1854837435971 296.88789634712964
235.46049000871108 272.1538504911118
6.356464119070243 354.3448046769615
225.2496754573863 278.98848180073435
230.94719281757142 293.6978000415336
222.828667897614 281.8684647313588
220.73177285450913 328.8904057549767
211.03940795284734 308.8816231181839
227.89582925350282 273.2905598912912
226.73947525763793 266.4719223988771
220.77800388870577 333.9084682358469
216.23375626241628 332.3576782737986
217.3364911760505 304.2983623520916
222.2561615128924 293.20349584781167
218.10513720385916 313.6734309189232
231.2290672339323 287.5491369087554
225.35512273258806 301.833101467696
210.25919617292328 320.1002781117086
223.72945662396276 311.5754854920246
235.21428264982666 283.9911184094515
234.67109170597135 276.5831445771169
212.07273119592745 326.51356034307406
226.86514404456915 279.2204747801923
232.24631360732656 289.57180475707787
227.74277206671852 278.842478846346
216.57422635008913 318.3461961112919
230.7448883399271 289.1030847533714
219.5372084457462 306.1150697702606
208.37431563346556 325.50116817818594
227.49412518344786 295.93724707471875
218.4724388899474 289.1201091156385
227.14560606108216 329.98139247828465
229.67114692442107 276.83090360397915
232.22372482469072 274.4926858503874
222.21116988933002 327.632681336999
215.7633589901768 284.5687611782563
219.21536872612904 293.13626343438125
226.88501622314527 278.78692239098797
223.90392830873373 282.9732409037075
226.8397305950796 265.80247818826007
220.44175806758759 301.9172680410297
0.6477188610198414 359.3550018008721
227.18944040905689 280.0294167410753
226.5883565581132 294.5003802177572
233.0443924758676 267.62651984748874
220.08054367582602 287.44798511330436
221.84692464067325 317.97563346872965
226.28804421442578 298.6329712869651
4.06740053087699 356.2454217073569
228.88550236483638 282.29762188550194
223.15409966081995 309.9206398351149
235.3364099762106 281.31528631427744
215.90498279507244 322.10629656560246
4.71797376952635 355.84229893532665
219.3879740358501 296.6109702602826
220.41731097920993 282.6289007644905
223.7646032647939 277.41873585405136
206.68677966697976 334.5816293546744
6.808887444770821 354.544304255253
223.2030700338007 272.8237666250937
216.62538650030032 304.6084126901872
203.77281559106066 338.97667728261115
225.28814960818917 290.32588667504973
227.11404953107055 310.3659115027419
231.12720921879546 274.1470626566182
220.5614890921376 308.00096896960025
226.4187485997557 280.51587174370655
222.23635622899883 282.3554854253065
229.02078674098593 303.86862836901
228.6614190435672 295.821740845968
1.4298012649072214 358.5564962397092
212.52328987055546 321.029100628552
227.6717067888398 309.65296456305276
233.88619074372573 280.00379290231353
227.69894215140863 273.54343569552685
227.70691932583 273.6410439428594
229.4735929825297 279.9631961162072
211.95917291353152 335.6521169413492
222.85940216147213 281.4390439991669
227.84721059265965 306.41483641243184
227.31778515866992 278.3482639300904
220.36288520883892 292.4016957136135
223.90251407716462 288.07691233458144
215.40553735216233 289.2388398256931
225.43421026458338 292.05281892136225
206.47400414706564 309.52134889624006
220.48366247616553 287.03661936153173
221.52566616578966 319.3304329859476
228.6653491347387 289.71973607668235
223.87424529939537 300.8786361106467
231.18225001447124 317.0834997387198
229.17152612753014 274.32010808696555
226.29714624785314 276.1239918507466
224.85559787983448 276.43572132541993
228.16736583016186 285.01553707674594
233.24406137724523 286.3936825767218
231.11873766340292 277.0466562016515
223.11399264544053 283.9174707758322
226.1896825750966 293.3736247822534
224.86041562792434 272.2041957500559
216.78008522361952 286.3757400624491
231.31529073069785 277.8801779389731
225.31968197658114 282.2547958692305
225.95012084936272 298.6123259449618
223.05621636806288 273.29143914903074
232.49466844641168 298.09942505091925
212.07376199801206 322.9968559999961
222.60217731371463 313.0435384594873
226.52578168841356 291.4217238124629
228.5718925492899 274.3559926955361
232.06682044562396 280.55276572277484
222.4107189254991 282.95235858834326
218.36579446354907 275.47568789667685
229.51177725932646 278.1992301488265
225.53358107101096 301.68063207655973
225.79380311547135 323.11459864010516
22.13256803665622 348.5456289274127
226.38987543891685 281.41809563890007
226.15709688851337 294.5499373016203
222.1145349412053 272.2138212636308
210.67379481698538 294.48342586988707
225.638920577652 285.4809777932264
222.19200014346765 306.6252966806298
206.7748691658669 331.8721911863756
219.09532443644787 303.76607509450713
231.68116409492583 273.2033622684313
222.9841166555811 283.5080915145454
227.93210984205075 278.85431846597083
227.38576236630524 303.3553826996772
212.24341583843633 339.24514918200623
231.8695814253165 280.06805640631006
219.61357316932563 289.34818707500096
224.5248122696566 287.9305129049783
229.3857413575967 277.753641094234
230.6037852043118 276.6074364312627
221.10328493516695 291.0778562014675
225.41472572820368 275.57466927587666
227.89009139681525 299.3747757867809
226.07493720779826 271.9939439610271
218.33854566119328 337.6321778291211
226.76617967924147 283.2704158694226
4.653957076187167 355.8645761590248
216.8039678323653 305.7963159543841
230.74215507318877 280.6543609479992
196.09541258091897 349.04396018498477
211.84173602965004 345.063105791978
228.74233301791833 285.90417636551604
225.9225462861234 271.0987759060033
224.41057381100782 278.6037257016679
227.03506311185143 269.78721730335815
229.7859286315178 318.1754413056349
232.26399343045978 291.58975885104286
6.51824553646708 355.0213510200587
202.34129695717542 337.60993188067886
229.59309324215076 291.3935416627853
225.8068691868651 283.33019823129445
225.4843780460597 318.28264390852087
227.59667397635505 288.951368752324
237.67897884569322 281.71623260105764
229.07694583702886 272.6636229278118
227.95606723284487 288.0926362443415
233.18962556458877 289.88935554547595
224.97273923757274 296.5031103057264
204.61547597759585 315.8841300327727
1.5899019323801737 358.4714819688371
212.50743800583552 291.52623041840377
227.89241388126175 279.2702168272687
226.05015356307823 307.9968429024938
230.3279546399482 279.8686576095969
230.29076142981995 287.02893570497866
223.21362500533903 278.7747487594478
208.11934271996267 332.08879419756806
218.24158846768634 291.83483222766426
217.98548000807244 306.8298601525869
228.13938382508618 304.69249064971444
225.45349656715115 293.6930936021866
220.9661276412855 321.8314055422709
221.24666783682704 298.05894840373776
210.54727124219542 291.3086200324213
226.8863873656441 274.9032995603778
219.37826614238554 294.7699906379571
196.7577141496903 340.32115099114367
227.6277542968774 279.58425100534174
212.89334590619933 292.30833010788183
2.1438450312994544 358.00790895335564
228.90116692248213 285.07751327596657
218.28111362726696 285.98823195309814
223.5786308912468 271.3153795351666
11.678902502017653 351.56707004229753
181.50888127251912 343.08820531272573
223.15685090035566 281.08460617685273
223.6439659675099 283.7661456646982
227.50395361932488 271.84637937605373
226.6967752700842 276.9380796219567
9.367501410925877 352.261996769469
232.9099948562406 272.1200839308058
227.89434318343203 281.49706935861053
231.15562944393986 306.3872570975647
226.0764928859286 303.0099668935679
217.27776244639315 311.08002561195366
232.5591875670805 301.6780838696949
220.45072960988858 278.70565742511224
227.5287606222212 289.17677387604147
215.55160547502916 313.38711552569185
223.26873781192663 290.7765214289948
227.77093034482078 292.6907615005431
223.03752051125446 279.7621707314437
227.19408336435376 305.49699659776286
211.96292021131543 340.0792951247
223.26997438522324 281.35821751227394
230.47153298557635 276.58735627594456
233.45729035040588 281.0111151980302
220.35846324832153 286.8119055409513
220.7256994426317 278.74283140683343
230.5306079060225 274.7959822378645
203.2533502372009 335.415394831853
226.2784920394156 273.72788776596127
228.1651772179996 288.4467724644641
228.67376948003405 278.51523471512303
222.54781328715586 291.5821277848374
231.1197739622407 277.6034455591943
212.69887251137015 295.4956528686794
223.3225293140209 291.76156701397355
223.90329734322745 318.2337594863019
230.25473225055663 277.2450522910446
227.63828515376431 300.2735938574784
226.75959725149903 287.2160121275878
232.68399038799427 292.309649729858
218.04394051246769 307.53270402254543
221.23105306129338 277.2825359078515
219.26891847074933 298.1650326851773
208.74880995600074 346.1756146372608
235.82502788954204 279.9370285419069
227.29290854731053 267.64092871286215
225.01185329258402 276.9729127369182
216.68741290726874 314.30080145730625
216.74410377970324 294.9518734648266
215.24516812628022 338.6652570991223
234.6652494376428 275.4810421948698
236.9477985481848 280.5482897025459
219.78800106814302 335.33707107950147
222.61062474366992 300.5252923855215
10.400790198075356 352.12717000455274
231.70432000067476 278.4081405413622
219.5086801246091 281.6872681109129
221.20673462270307 292.8755183403069
220.0846779893552 299.2214877404678
215.84823353779632 324.2094986337254
217.2207570161098 303.26622875435146
228.6378435331999 283.51022419114713
230.1938988653993 283.8658377883815
225.5682174315045 274.72484844042657
221.98284400508552 290.1802996622311
214.4312566199651 304.9805780883385
226.4773250101161 303.58072463299936
226.32509518767756 281.1786893570411
223.44867023612863 269.7664142810926
201.42511700020677 349.0146241540242
230.47741533037097 292.3800908242698
221.51498737588258 302.4692633562098
220.0013050695599 279.6301535802699
225.12350383233516 282.01884502058874
224.54285426812487 314.4749941712631
234.5201469057296 282.7359053602162
218.46093403025566 285.1446429345549
221.09961452463992 289.2449046313303
220.75013600385486 304.32125449185696
213.77904901337936 288.74106793582285
206.9354572328712 296.9589301034611
215.3847924518156 293.84423596612004
230.1671565838489 284.7391939386597
226.3186557248082 283.17177569580235
225.41047124698696 283.4129315398321
25.856006106049747 343.4822228676432
228.8910597166756 270.72890507347387
231.47617861429248 270.2254812510877
233.4536611134321 284.3369741213539
234.43967971803352 277.3532999755893
225.46702596404495 300.74646994787105
228.16572721120568 286.1987816255077
218.31159243158726 285.0213536503425
231.05650764650534 275.91422332811754
222.51735785633656 303.4209392825826
226.3458692548483 278.8437367814709
232.7913801794308 276.1533132428262
214.78413665605038 335.1091682318275
192.2869441679462 348.0979943340453
214.64511642116295 316.60045268316446
4.082988386428415 356.23353216313325
228.36603292357378 273.31516953748235
227.81683245541748 282.5804287643198
226.64370725909373 315.55925674039224
230.4802246111477 312.4560491607137
225.87545982036835 270.6515243022055
218.48406649619113 296.22995804435334
229.51559106585404 283.16380971956266
234.620841447083 277.7776463442668
216.1934279808458 292.65605793938863
229.01368111342242 284.8669732936472
223.12980644473583 275.3592755143207
224.43594993300275 289.66222098714456
220.63605061555927 324.0341916335631
218.20251230750463 300.42301062315477
220.98917720789197 285.132470530659
223.7662161822926 311.55878886035936
236.2103489897173 293.97989877201087
222.30031449237737 307.78355477469177
195.03248679317053 337.01224789118874
225.08282185923974 270.4800844524987
211.88066612744558 324.1255244596908
219.08854760503263 313.8298870479036
228.68763922111344 269.95696463773885
227.20528901500145 277.6865920041865
225.13050864452677 306.6312578128606
232.21355423620957 288.9312544973588
220.0694362208073 300.06580989610836
221.50926163209604 295.5235520954047
228.85898876232244 305.97236073650697
229.10708874195092 297.0018542916874
230.66143406445394 274.7489735261122
215.4190531522434 311.71251705412095
223.4092342294936 267.3857231842724
235.88657438888237 272.86663349596074
217.69947999626268 318.95783481583453
231.2542786494482 270.2204167355421
234.80185228885549 278.15445734228615
236.48463429502524 276.9169737231073
227.47026568787797 271.7030630606597
195.2610487538602 343.68003550547655
203.8799918113385 344.1059435394166
226.56370114868795 275.9489593946446
217.9237735748348 328.380373595778
217.9375207104259 283.4157589832563
226.25943930319218 289.8561118134729
227.5553854336677 290.38083742536594
224.64530161255072 330.3331569028098
229.35613801376252 277.27513060879807
231.75216298977088 284.5660535149694
216.2246951963556 300.4771169862275
226.2568875144412 264.4540111821838
220.81041535534396 306.12294857392527
225.21328843667695 279.6174897894041
222.15264547624207 325.1180011886257
226.1705752821126 282.41373413087706
211.92622258436953 306.7313332487039
214.76794788861278 336.3979727306322
226.6726253666276 269.53519196141417
229.18881265659638 296.0122982817375
227.69725060350106 297.01559052562567
230.69770731306298 271.99087878847234
229.14939242244014 292.87155887678523
217.51447518393803 329.8564649533602
2.194738554556767 357.87852973425726
223.6740563745031 286.6889885377057
228.16980666649363 275.6681853370689
232.10761425334488 292.8314593572711
214.82757634021647 313.1404009536081
234.5662055710211 283.64379583448107
223.54796248069664 283.4351251202622
230.95805502758446 284.7315389041796
39.13107072153253 333.4424764109021
227.7929103519317 292.35828590314827
227.4407550088916 292.6921556916285
224.7324318542448 292.1097603485396
228.58817749537803 269.05556348020394
209.85188631901116 329.2098233284037
231.22738297790923 292.41607003965026
219.50871497800168 298.5267027454012
222.86075104517803 291.354764194389
227.48623043714755 303.90517341540345
221.15524451245406 277.09556122708256
225.5373031443174 303.0777501102948
218.12163888373632 323.06133123537313
236.22375904932608 280.1427525754275
224.1820736855372 274.5656472164229
22.032124016820916 348.0644552530683
234.54347455985783 275.9101554363608
222.56273069277623 291.4192141482711
224.58498687088667 283.54034743498227
231.70276498597102 275.2048927326214
237.69068784885846 271.498855108138
229.1893025335685 288.2255600270132
214.32609483469338 294.3305884765711
22.025551962768464 345.39484741522267
232.89937514945518 279.0176987845399
225.59249302040598 310.00326512828025
226.27090161369483 302.4902544664208
227.153904733556 287.6900883470238
216.4163035541943 299.4776964405364
231.90426527757987 275.6630127906086
228.8742257299986 280.33854343440925
217.67344512272297 295.90025708535404
221.87749797253835 284.7723389501918
226.13816166055318 290.0110069752469
18.668195337203226 347.59563001097445
230.3012649983474 275.68256446146626
230.32016725447062 269.05906357509605
226.64847126535196 268.58952845530314
9.619251675784682 353.37316996399744
212.9547431866824 303.3476584628578
224.59111956922965 321.2527049455821
228.6187581256192 283.49008425349314
230.72263436234357 284.32120261271155
214.88805157781715 293.98765043054874
209.32208216462058 335.6632770429535
223.28806523631147 289.94540986967166
220.9128122500419 290.55138891711135
227.57397669643748 274.3495093313403
226.6226178331144 317.5005083986984
212.4953315842539 294.2179399994521
206.1362226806008 317.6058012531276
222.45547048254673 283.6447657859953
227.68387071858496 275.8462516892083
222.399113819844 271.2632610343909
223.54946745987542 326.43866459882037
231.67251127417754 282.8309042207508
225.97356821286297 273.2174489694694
217.41001300796952 328.35417740831434
222.21933410693234 287.99977583505665
220.46429031802813 341.3838331486214
219.64903384873725 301.0851817481419
228.7865406847253 287.6730838074165
225.13985714014086 297.07306615157023
4.865880772410668 355.7016604077504
223.79814977348724 271.0915257637505
224.90556351803767 291.330440861034
225.80557382821223 293.7539421919712
222.60522736707287 288.12560762723007
218.8107724635659 319.5677928190467
230.01807592429512 297.1445254974358
225.76777691181172 290.83373528458554
216.1164149213971 328.7301503210487
222.08577921328072 286.1434342941551
230.8962342011159 270.59549433677944
219.76527937306088 281.8405761697749
220.26459025942833 295.9373286519037
220.28375952711463 341.3106067408576
218.1373071322528 292.94624533392164
234.32688715448504 276.5327919385177
218.89000880655394 305.58939738058103
218.2114434523931 304.5618366432785
225.51784094498134 282.8958219070522
224.01468316521306 296.31172854875575
224.97954775139254 289.8608238689107
219.1032039552056 323.63472994985176
224.34701217110057 283.21888478138743
202.7184315722287 337.4279003897863
233.82796969130374 272.0032971295925
232.5257001124909 279.4710056242633
231.04856891739595 271.5077578215286
226.4506572767982 304.6501079332114
227.4257730087568 275.5350856611988
202.72657055741902 343.5147882067471
217.65543877823117 325.3813336971007
226.62576809854036 285.8830966378801
219.2712377931983 283.2239211297541
227.2666016904008 279.6946665271872
221.82139507654946 294.74909535591803
223.91470003382457 280.5380513325169
230.33356727093 272.5295492846052
197.58721240505912 338.5579386405913
227.59207291135002 284.3873624417282
230.12351996377217 292.5110864979501
225.4642455262798 289.64183483924137
220.49860060049792 304.3157642459566
216.97341836738227 321.21746099480976
225.44407120989362 283.4761157054686
228.06680455969283 279.33404757833864
227.96511762925746 308.34524690428947
214.95982723679694 285.05719843752007
213.1921627117289 308.23648213367767
219.84635730174017 270.3837593626067
227.45228247526862 280.99982616627204
230.91235278298018 283.1235376003542
223.22177936843582 269.88710625364087
230.92722119355912 281.7888368943108
230.36815159608267 306.43567154472925
230.33113308675652 274.66094741041627
221.30778396576792 297.6488817357838
228.58164558496577 307.3176559319315
231.85002249593455 272.7150404327099
30.84653155957665 346.86122868532783
234.7718474612944 278.8978619247294
226.82884760546133 299.59884106588174
232.4336241393068 271.6284557328701
233.5368197427952 273.84223549159475
224.60357728691224 288.71802821746877
212.4417536150727 292.42040692485284
224.66008089454675 271.4764163124278
226.82558792860547 273.4786260275967
235.26295643758937 270.8877020787318
192.73943179949464 344.8569283949751
236.04446893454985 283.3175624236018
222.1459191119919 288.2439196007598
234.86573861892182 287.81533520370516
233.3272289312419 269.07277219928994
235.68169227672323 278.23281346284995
228.1111078277253 282.8262503692527
229.83286167406254 286.63386845164024
222.21425941320183 270.1399226350281
231.04965039271337 276.71663228219114
228.88517907906373 292.16823333949156
223.4220537745848 282.3254174053563
218.55649247736565 282.6107050522564
227.68980366315682 274.1663255149496
221.77897664177115 289.98391637114986
233.08648157696754 289.4283155184276
226.65954441147906 288.5411996764272
226.58434613537122 288.0353727443336
215.2765652850153 315.33007295284085
217.29905122173184 288.68490024445737
225.07608200797665 282.85530842030715
229.96268565083508 294.2396822389127
226.3667179832722 292.9527915164775
219.67536556813178 292.2814509505127
226.85221201344373 278.63284255845986
216.85859498706554 312.15156324024883
211.70803172591232 323.58660284471426
232.63317982771306 283.2463033947294
234.74713938645522 278.35910727233204
231.12645045382564 286.601582904799
226.6303481007325 281.9284176056333
5.04169754308976 355.64554563683805
231.91257681038118 273.4745920701721
228.68401781133716 280.28164759560025
231.92517063488498 274.7903562314874
226.31187391901173 288.9533522604816
228.6509036344984 271.30996037118797
229.9257141919225 281.39716586936004
219.11829384292105 304.5533508897608
218.94926317380228 280.7040235930503
234.0459915729405 279.2260796145633
221.08552560506502 313.09130107083786
231.11407026728293 269.57190109152253
225.17736092971438 271.5745597235728
13.760469286817688 351.0540742895355
233.69327136670896 267.22247427663996
222.95369498855987 275.2502962877841
200.06714493940703 316.806508546516
236.8533590200869 285.43479888424986
212.53844657784268 317.3907240712958
223.73271928316146 290.76624845688644
224.41209002815265 285.243923408055
6.23251173467115 354.59357826296196
25.76660960422783 333.4638575225418
213.80355820624504 346.9407667796857
221.96381775581744 330.85733943173506
230.75866965618772 277.38979046923794
12.357326611598268 350.8487819652062
227.47135956061226 320.94941033581836
231.3929566941269 281.2511362935781
226.5911852355576 296.55933366817976
225.9915953993687 270.5734304879257
228.82016123991795 302.929043811493
225.7934795393039 303.54511600232655
219.62902914596782 282.6202701882621
227.66918873279872 291.00415452916604
9.644179775368752 353.0497360830727
231.9329749737812 296.1906262425517
231.92698180451177 283.3084320508019
211.36147982658755 320.0710146566814
229.07904930549523 277.5529397298259
211.57820882450974 319.1224080284631
229.17378496795808 279.43357176963866
234.62564049426453 274.82809738864825
240.58796004889365 277.23232171244223
220.5337099156999 302.68984688390253
234.07592198290484 284.61548822992637
232.74472865679735 281.1804625641698
225.53254534934933 277.11799902830006
228.5705051415538 276.71060199040056
227.66776022885975 277.0344618705385
235.27614194705254 288.43773673416086
218.48070673609118 326.2341912909328
213.7955281588448 313.25209338184914
8.281977895540722 353.2976861927155
224.87806338496114 270.5721698197658
224.65529131335413 272.8917812611592
26.706520314817183 336.58998156941965
224.10603860369037 317.57430053716814
227.9374417063289 301.1389715689197
229.46713793348454 266.9211709254417
231.74249714530117 271.446709616776
234.27934200803807 279.1371467814133
222.0264146675364 282.33924379132856
214.91635344646693 339.05197848065467
230.8412187192963 279.18826920399545
227.1229948798322 286.9053769850629
211.68005337354774 315.38349182065485
224.86238386700938 281.707643388397
229.03590091764337 306.48254450442926
215.81614405965254 336.9006149483641
208.6770982931546 307.7476135513061
223.71321836535756 305.4704368313209
214.64823987748966 298.75810173512326
217.74846195895944 298.07561460032514
223.339683832797 302.591941027715
233.6813274016489 287.5875911743108
223.88597093654647 290.0345376053359
219.02381532574202 313.05498742697756
217.09193904819446 331.8465837962698
222.88481722824594 324.7927237220536
228.7114988258305 278.69481922402167
229.8019331926153 284.11119068531383
228.38027349432306 286.76039707688403
232.25531115645745 283.1207502158823
2.4361968616056706 357.5849308160436
236.89480371304236 270.2718932663659
228.41549419921822 290.054352056323
236.37214960348203 270.51709031518965
229.74035783672477 283.93381469707214
219.85696125710365 312.2277230750596
233.9755126878651 284.6255601227718
224.4355276297498 274.31073837196294
227.70526535909767 274.130671359157
231.53921300068728 281.7022808415847
215.5569500529286 328.6916012741486
220.21139690606503 289.11972658699614
223.79042184505602 295.49068731504616
216.64487027787118 290.9969152869775
224.1972042541552 282.5615176148751
223.8140287979518 293.8129394309219
220.74318155201647 277.8612098493009
214.40542886907713 324.9099776355847
221.27242100345592 287.9032328158442
229.8089026278276 299.3047430079609
229.78091773767923 284.3066280461908
239.56634830801787 273.1337013258744
230.05626938881585 274.0872034915909
229.65126530674752 285.672697385306
218.19848707181532 306.27239165710307
225.5691859681577 272.7316039705788
214.49031584292433 323.88938099508925
235.04286014544758 276.3757525766664
231.58289355433766 280.4144274944354
227.0071953966957 292.54308053045105
234.64775205205513 273.62300477622745
220.5928844638053 290.32818377466356
223.41834419181788 291.37025437434215
220.1173295240916 301.97485383066646
223.43896713778645 313.7177335789116
240.37361856083822 269.88009140235647
207.38429742418268 314.11527767304904
226.83834843854655 278.60370110526634
225.9854799616791 280.19711292392003
231.9425381663118 277.5802528061982
216.0548815654711 316.25879892273815
231.93256993330886 284.0041198602385
227.13476304192514 296.3039819440704
228.3730272801833 280.24056094617475
216.7780037245506 292.93885414000675
219.63880981734192 286.835013506725
229.57559703554506 276.1429414289654
221.76916967595784 288.82298985895375
225.9158666883256 295.51781402145116
231.99584314049252 287.4817177860843
235.37254735216518 278.6137037619354
219.79111160785985 289.13469273929826
224.29738596793302 293.1035021326211
221.1416755911374 307.36050219526453
219.3883587672436 345.51370985424825
218.99934184301534 296.6843671480778
209.96846702982998 303.7327570387299
227.88310595322798 301.8586475528906
224.1823514000279 299.0221802722678
229.76162046807337 315.9842480002722
226.91552342629083 292.76578586317845
218.7730285944975 292.88881855066404
216.28200220787608 293.9105485155839
226.0014547379026 275.33509474732347
207.55420332806395 327.9511620818195
228.22026628938661 306.05326225652055
237.85353953229355 275.2056321545032
224.69939545901553 295.8247622932835
203.6694660279522 334.47022561423677
221.20801275701498 305.0313540296671
223.47744232832784 297.80239418094095
215.5026117605529 312.3826897635072
232.26566278580702 285.5901010568467
226.18172624808915 291.8111109138187
24.352418412442027 343.1999405328743
233.29604410079602 271.3148411536712
221.64687752195863 282.1145072674667
234.5571379084785 282.0256785656911
230.24299241311584 278.32048368963206
231.101361295004 282.71673966558717
212.47827750244346 331.07019699580337
227.3919875863407 278.68017712725856
223.03663539193798 276.0075801548416
224.7477722783498 286.2108899691798
218.18937520279883 274.36979452339693
226.85536694680286 276.4350026310871
222.57031991098236 288.287787134712
216.76881010245026 288.64879704387084
220.64763106163912 303.8371844844441
232.9142992656414 276.83170128012307
235.27902434531254 309.06071338902075
230.2480740106956 286.3663259093074
230.58989841908445 270.96476812516306
223.21274614501044 270.54904477892455
219.93243059021844 302.59645633899675
217.55853696585012 319.0803237753311
232.03122192028 271.3654396535396
233.67769729119607 310.3209240187797
216.15957139770342 315.0110283864217
230.1954594997934 283.655373802824
222.44165746531908 294.3931832320581
221.06265683475496 309.9625803078385
219.61743341872926 328.4615708542185
216.6464867742015 297.349595717365
232.0944227938792 298.37092967929954
9.735624280535276 352.2624083137268
211.02168372197784 326.74062340016616
234.9528069964714 273.4518681438555
229.78881948288497 272.81115039203263
226.1962939263998 286.92766283300904
226.2119043672251 278.6754466419561
220.6034896428212 289.19878749200257
217.3052277461116 301.7664621456669
228.76270221126424 270.6066551196977
231.68143027515293 281.0369908607781
229.06000911271474 269.5655456924635
225.07284474094837 301.1621924135792
225.26612015264382 288.77561305677267
232.71053739111355 273.49542166474225
224.39440151918484 276.6317046340748
231.50547725385152 273.3442223090538
232.21121965039384 293.12660837044984
216.06652974838624 319.8448260890297
233.8018425790575 275.60596064796215
225.1215395802203 300.41414185879626
228.36434873325774 291.44165675385455
227.02434481457266 294.22997753771244
218.64453939422341 305.7914753871949
231.53920222374617 269.92485974988045
221.78123398388175 321.35141098495757
228.7355990133468 301.9332605449601
219.50845191999653 315.8719030202458
221.43631403128094 311.08536392570176
221.11526807804805 277.7522191879471
226.13617724805087 276.24610879565444
217.73109641772672 292.0337902952486
222.8213341171423 307.4529558944423
227.3258225013104 271.5028753294279
226.46328159391118 299.2795867591287
227.96675840716998 274.00151179127226
214.5457610432558 310.4328016434721
223.80882144100346 264.7581726140218
214.67230662683568 302.3885568032642
234.39223299829317 269.8236909209609
222.70194241257036 292.29466525698564
229.17204723421094 317.3780090479456
230.2886375214466 290.6150371392691
220.1339375864572 310.41575194448745
230.29881505135307 268.0838077705191
230.81915880882104 301.77634340705345
222.23290605694456 303.76851964680196
220.11223756452756 320.96307662470986
224.3698298616852 268.2205500866572
227.7130379806344 286.71284410490233
220.91038884983004 303.2535233623424
238.55305069050215 275.63840456480267
231.81703853183961 278.8520170848801
225.15088939660683 291.4359169135533
229.43985438143753 279.76316031858374
224.77245538599405 294.9844442878886
33.26254608267657 334.5602251555417
233.19741655504106 281.58935437659966
208.29180619447462 338.729423034925
231.80366934200708 272.0773017172603
233.14062956328215 282.73534213729147
219.2536977600546 299.82229230131435
229.9996902098172 281.79629211302404
226.81562700508144 313.8767701044492
233.44103949118477 278.13649599038365
229.19023001735783 276.36819395731885
218.29072554244783 288.684748262788
222.71542418582732 300.07437060093895
231.04161509207535 300.4931749218699
225.46934697370696 282.6253524904523
227.62331086106238 286.55364795264416
220.55444994012205 282.41411613801813
231.75164608454762 272.7430299754223
225.33117255353253 278.08169232741113
230.67732729593314 286.3914160524002
227.54685684302478 289.27250241496665
223.70411516409308 279.2988162034976
228.10079050735263 286.0052886559878
224.20648914636934 291.5586925985692
13.661988747811197 350.1044980148106
226.16700038435803 299.52671926895107
228.22376092320343 280.5494935568216
5.8264328398539815 354.8092076366347
220.78196188031652 296.5520598973892
225.57113784468697 277.9106240497213
204.5584596189432 331.49915467213225
225.73486377351347 315.7272446432511
223.00507750897182 285.24025316241074
214.79068955775634 281.2604957629269
215.2095825180317 278.56098031402576
217.99485140371488 288.29053332150164
222.55348437310082 291.6124357536862
213.92430984380707 300.02152345295127
234.22602346579052 312.59560950712364
220.8876983741965 292.0540535232876
228.25897478316696 295.4673714839906
210.27764647446745 314.0382603478541
231.5084334618175 272.31829684711664
225.4950582249215 300.35480996425804
233.44309327295767 287.2175383818031
226.39986057951475 283.74360477096275
229.63066987617697 278.8839936951198
30.796652355237416 347.76076851063556
217.31873037371096 334.16688674896756
228.17078356282133 288.17493711346486
9.008112870348228 351.53745967092186
10.4894464840601 352.447739859275
15.768154379681379 350.4573424897535
227.09916034952505 282.320252374426
228.2231681904155 286.8556670018713
237.26136552801 294.58733190118323
234.880827926348 272.27995088687413
212.2640977959838 297.8086235655135
228.53171559279468 279.5049048996851
19.905316257722113 348.4901217347259
224.37891624585416 277.3209976886982
227.10087014747594 269.0725693567697
231.3814058002675 270.48554767113836
8.757894654032315 353.62078022802245
230.19190666625371 280.5811352064882
235.81932629949387 266.59999252880556
227.82911683776848 279.44822465714134
225.13540855682126 288.98401562898295
233.3445695012278 281.8969089064713
215.46134187526033 318.6035482933694
234.19412914512577 281.1389557792964
225.71115236381638 322.40405195030115
224.34700237483 319.9949105248248
231.98771638729193 266.39413305782796
221.65907625409463 302.41576282072594
209.22374670072264 330.1433409412629
230.82317101387042 292.9093431211907
218.3159888347799 298.68083310530056
217.39772616288198 303.1263922662726
218.51223635568488 310.3780967100448
234.97185168233014 267.76853086496067
233.32735877703405 278.1705186190208
217.2140009515085 296.8369987123697
211.54581168807343 336.79835771655274
221.76742549244668 292.5468361891862
218.72246334942218 317.6730609846855
218.4042092710565 278.32248703447436
56.886497412852385 337.75245277777776
217.177374579671 285.1167107110858
7.489163552482951 353.74875607282416
224.78425037004027 301.09237287585756
215.64250967276075 299.8181360077613
230.44063580334085 280.22449768382836
231.8698524791797 278.33191287802117
45.271134186295356 342.7155458554759
229.34525656428445 281.6723210878317
217.36907030916666 326.26186018495866
220.80844195645008 273.23342972696776
227.11660623376906 316.500101538955
218.69902244346193 281.59339451097094
218.27700304471955 286.8597314758647
223.76165472043775 279.595575165465
220.80167841300536 293.5248781080219
226.23407742690463 296.9416429095171
231.92881206716166 294.22382172100157
222.64353663855644 281.8956990056879
231.564210429419 266.47987828063987
222.6143404910595 292.737451768616
220.6825401205809 288.954584919578
224.49620919539535 294.8107389886989
213.5890102601308 324.01752028233597
222.13121859942078 309.11224258846164
229.45130173732994 287.6900730988143
231.30981700760043 298.12433168573136
228.0093733874885 278.20609760031493
220.97969152430434 301.92238620754733
207.61850280637984 335.5652024145699
223.26189169505773 279.51511057218727
235.16810227014284 281.5426216387325
235.44182784717736 274.70171999582163
236.43711955488646 269.48768464152636
223.0989963284535 269.8883476622889
235.18384873882746 277.9645825743322
230.08481073277912 276.0176932100784
231.13419926145255 277.0527087525673
230.5881516835328 292.49041487413103
225.58173731004067 263.3462177728425
211.67197716316986 312.5355402238344
211.08938749080284 297.85839899511774
224.0825187840701 305.3691522382489
14.92022741912372 349.39652915079364
228.61104212562918 275.67724246075085
10.051473702745783 352.11603061510925
226.1482547815242 280.88593123992865
230.49132168273752 275.65738820402555
226.99990160333138 288.02947260306945
230.9686986937729 276.1468228297321
220.70135186039343 309.85631759548795
226.88724633303056 313.358346968269
222.5664728228557 328.5103695460139
3.3597915924132145 356.916625392578
226.76282765844056 276.7426269081397
229.67645397275336 279.9313444866931
225.56873774869254 305.24814118822815
225.84658943947142 282.22279752486367
220.31850982481683 291.03330100205676
230.60941960537585 283.1076021847341
220.41263518638087 296.3089925126021
222.52525752497016 292.37360214643013
210.5323718545794 297.6084069680406
203.02157005392846 332.2912058258679
225.57420975291035 284.60871577359495
229.89161529693084 272.7816973459845
205.20158655939937 323.8972612578347
219.47066908323262 276.19996477254824
225.31788342716868 297.3422921043074
233.56573264522493 287.2317857953046
224.46712655028483 299.7808707737354
228.72291792633794 293.045444571734
222.11621178842094 306.3213206413168
227.86413842221887 299.2974235369891
218.74384990720736 308.66419720541825
209.91684395376987 339.1860377714093
3.766986436178242 356.40613896830394
220.5869662639512 297.29663740442544
234.12563958023406 267.27805525385077
230.73543427437073 268.01261854821263
233.71764567989663 269.17525780680705
220.0618581535462 313.09768633762286
214.80639804238635 330.0238571025503
226.2852558803404 281.11921369378365
217.72374187268133 308.86269776813225
226.6200317781609 273.15529029472646
228.17252729763638 287.6929982147415
206.86895504149814 308.3677114780966
229.82161440368967 277.1185022492165
220.75976374982702 300.50222485461325
15.1075049311074 351.20935222760085
230.33510817071976 282.71884359894835
232.53477901082232 287.20461974599
234.0554089758177 277.6363051344845
211.26357940198628 318.4534245400851
223.51232015411674 275.15937581211733
224.28680471375543 284.2484447861223
234.41582038805518 267.4042329172574
222.02110248422403 271.19952853014195
223.75233277651807 282.7652397621416
236.81165565116737 271.86388526588973
224.31589792556008 291.566594280086
231.65430624997762 287.4617791733797
228.80856390470086 283.01617692033545
223.49580215985893 273.5693067570351
222.4492594309936 296.9144535285243
221.5320630898973 291.61619660163456
229.31303901887526 286.46830652356925
226.1679352942832 295.5513286605894
223.9726071879818 276.9533518074317
233.30247170944563 287.37614181040027
219.0261697591392 299.3130275062709
201.57286173539356 336.03957695846594
228.27491268753735 295.7618463673121
225.04257093255077 274.28436675848883
228.78099106661725 279.4036079815315
