226.54890914746977 278.10909754391633
230.73586278202214 267.6971382724372
233.6633307542458 267.78999475437536
234.53793318006078 304.56244758124535
230.01131303796967 284.26076537085976
236.1936416736402 267.40193360276766
229.15099860048934 270.9268369545001
236.00414717656335 269.6193192810009
23.31164388436902 341.1619656424893
45.07746452422471 338.9336525399205
228.83920799351304 277.44139407760036
234.8385285706064 273.2215655542789
233.30018206850272 276.5824610271109
240.81093379693377 271.99555425718665
237.9347204906261 266.3114169547639
239.25560854639966 275.82771919131983
237.7584822241655 276.4047423352472
232.47357503689256 269.84455790606467
235.96532694809804 268.9280084012132
234.159369749061 266.7433380654732
237.26137435501965 269.01691548370275
228.18678085843382 276.21009013757345
234.4305301081195 279.84482278551263
233.13143959570067 266.93648264136755
236.08462199562894 293.87155155687066
231.77348729045463 269.9054355061325
235.45878425781615 264.512777740632
236.3218015526007 301.84376736123295
232.46398139914103 266.4513484580603
231.17274171754983 267.12515303098587
233.90644359491935 267.06530299164854
237.5573640786314 286.7358553227795
235.94137322888022 264.9002182037917
226.3524220230009 270.74060476750003
226.47715698438694 301.3235386677445
225.3841810769977 286.92276753640743
225.27880498505473 277.6827863342426
235.10716913258918 277.1480926055069
227.40283420042874 280.8740985197745
233.13967065013063 288.93194467290454
229.41311894025662 275.33137488176095
223.56225720173296 279.6579287458227
230.5416642111656 265.68439739175074
237.4249293359536 273.6195891788125
238.02703359775794 270.806457189568
225.2786495002307 277.0221321043215
227.72089003041302 274.9482263961175
235.40895414981762 277.2715338148706
230.85701185735502 267.61648416649433
236.1156762564626 289.94792925292836
227.78654487572237 278.1048924592648
233.79949246897664 275.96177198851746
235.4550888014166 266.0890458673052
228.0874798001335 269.4117071511519
233.0025333154682 272.82467366374385
228.72626487837053 276.51678749264346
233.86833014147535 269.4842947837904
233.40124877592052 267.5075706593124
223.25631521795788 279.1032463906348
234.82057420591087 270.0694701204811
238.93943051625845 268.17116896433777
236.08959533903626 275.4789758304935
235.7320150985732 282.43486589326733
232.86523207505076 272.69807607527974
235.5129567276892 274.2119913157609
233.14412023619167 273.4306192739936
229.80438486762452 276.46910163389435
241.5079612935881 273.0991336245352
228.36511498254623 286.91169032290867
223.37703145564055 309.6603450891227
228.99565329491864 265.79591697422654
211.77467477447183 286.19698665731806
225.0859542926077 289.9717407944147
234.59571734572697 275.1115496968802
228.70447518438777 276.67995072389755
237.041276350806 264.26483447560173
233.63690093767315 276.6790562752824
234.13526793918965 278.35360573450885
229.86026295181415 273.74737156761773
228.02195880763574 276.4534379139081
226.34997746810842 278.93549952851276
230.0309195154446 277.8419886155829
240.21320141965595 266.8000620904925
233.47782753894109 282.5496331636263
223.11070619452562 275.23284039424675
238.3602468441215 276.8644003877117
86.43682621984749 334.710808170726
240.7368553215725 269.0903698735755
239.49221087248878 272.1156389503639
236.12260286052341 282.38299365817164
238.83224372208153 270.85891773916796
243.5251536200146 270.17501540426855
241.5067991170754 272.0011427250899
236.2947425591646 262.0410340173548
68.53429967872715 327.57255777280193
222.76173544895775 287.9509383349934
10.475571425222878 350.80125123847444
225.10805939554297 290.950071292751
226.2653116379504 266.51115929198346
226.01436306318124 265.44655576637183
237.68439011074415 271.49387059501487
238.1858235963857 266.0922571719659
234.30827089585475 273.6525556680588
211.2454611134603 327.677631240137
237.35291152644845 272.52602593620406
224.96441078131397 276.8267650425378
232.5966450811374 272.9264120265108
235.6099344061676 268.1493872857316
234.7996248588633 270.56658269373884
228.90008903194155 269.1543094618317
229.5563652024093 269.56290657886365
231.1796663953417 275.4455298935521
238.6513048271811 273.2847432932358
240.42068180443135 269.97074837660034
223.3216545639377 268.06013148310257
234.4864943586654 269.3452751791508
229.1884380602028 276.74787488811336
226.50681832592105 271.15656607930066
230.6696288081121 281.9777519270226
238.20990696892633 273.8941643480772
238.19911762159833 264.9971658797247
225.38593958418633 267.87181391944586
225.21179978807137 273.42914213561363
234.1516158759524 277.2131775717806
236.36143072216748 273.8912139137261
228.58639104856843 267.81485011452384
237.21647901619644 271.26000727287084
235.8121008829527 268.3296552970566
228.7175046951035 297.3207071665819
219.183669626701 291.9520452015859
236.2794814120751 267.7194614340806
234.37565680476487 279.8722364516658
232.94507027402489 285.68498800575975
234.6193705090368 262.8452401615637
229.08356091451853 269.20448245860393
232.21845100306606 282.30538532874664
234.27834698996327 275.20016299220083
225.26388077277494 265.47794429825126
237.17653712922439 269.2824270379459
238.91724566225645 273.9935557957293
241.24867584233422 275.54525916560556
232.25033876696733 274.0383513010657
229.95260053020482 267.39677069338904
234.26564904193393 267.7924785980458
228.67043162963316 287.94159760179724
220.95838486409588 277.20898955878806
241.89326238633336 267.70129526963706
224.166282588156 281.98449093976484
228.57273223719747 273.6499679970355
232.3607360899595 271.47696644396103
227.64781296799814 287.9778172768373
228.41871937450955 270.47848671202524
238.0671682807838 271.413648650652
236.63533976716715 281.90590350850215
233.21851185657633 264.4193527606168
236.46444894111787 272.32597316097366
236.975254465978 273.14922261134785
228.9459349090632 288.19621150835604
218.10278190094562 303.8834309664302
237.09393084442655 274.3175626172735
231.64969245560113 276.5031275318991
228.1184650582461 289.11812772902425
245.1873449363787 267.7847241393842
240.47476207077239 264.9759869952556
232.67641993643082 270.6367454581368
231.58607196559342 271.64005763142023
233.18565583195223 268.03057881354255
224.32031968940967 284.64999450670246
233.40439405932005 287.0457740062354
235.65940369552004 263.7492730175051
220.64692838833406 311.616178362703
231.7838729135477 268.0540844920845
234.78673475090073 264.80471517258775
231.8402203125916 261.98996732293165
228.0487339028541 268.16692529858443
229.61439813826084 260.06559069085955
235.24118478506128 271.86478656178275
235.87373890047508 269.1169439573069
233.71143201421594 269.94222668353586
226.67007049722972 290.48942408165505
241.08516827267627 272.56912168808253
230.72343386441503 288.2964235080904
228.17946863273465 266.95868014920796
236.63830063094747 268.43169693094455
235.56196542280244 264.66019303749823
230.95059726547385 275.9713184259764
229.97946910110497 270.7919638545464
233.43648407763746 270.8211318083042
234.8263781494568 268.7369812319922
236.54764299080938 276.57575857594367
233.29129362770496 274.549293557411
233.04541597218298 275.2654785199059
231.2592794907961 267.6998716955188
232.67489910748753 298.59997962263526
235.29180045698863 272.0497173477358
232.52663318705302 276.90020596335785
235.1510287261548 269.9437635739968
222.3245161605064 289.4768514483458
234.34656798846024 269.11973731271246
240.11491894885557 265.22308081146684
237.42590770222205 266.2868159737912
230.6184986056848 288.26472583369946
238.58582020654404 268.21903229125274
230.9283140754908 270.07683402152486
233.9302285272507 264.85844974458473
228.83687238874828 282.42453741049513
230.51046464934828 294.86986108801136
239.38824484259325 281.2088189809061
238.65530679805116 279.5340068183208
225.11299267781285 309.16924426222755
235.64406610714892 278.29701692355144
232.2326467041469 273.53451588646027
223.97553666245454 300.8384011336779
212.275191088976 301.79816022186714
236.62521269484355 270.7852518309398
243.15046315937266 270.3255342563507
236.2036014511195 263.1212400660934
240.80744987364096 274.7865934859283
239.1734367530383 267.3866936923099
228.5132584944344 286.9116821389134
234.8597701924106 275.28876810039793
237.3733457780376 280.8087084025817
238.19911410795876 264.850928743294
230.7426604470082 274.4781390818829
234.00365531771973 276.32876411906034
226.50482499892428 286.36614888999793
234.6449737518232 267.1072681211143
232.23150647358668 302.2095242885655
233.39928738637204 273.97605327977425
236.12931322728704 278.07199970662504
234.58109220080902 272.42758665870485
229.52919214410164 269.72423807294194
233.97584387075798 273.71342328041123
240.433339337279 274.3892778868696
230.0487956993622 276.68660642473833
232.79997782284838 269.2244207022843
231.10877935113925 289.9028396186744
233.21981837384848 282.2283520497526
238.68451899644919 275.5581685543801
233.84885357513042 270.7674743669564
229.1253659766881 266.45919908758157
225.22457612207614 278.8780423822139
232.9790291064596 268.6427380266806
235.79344888840632 275.66196694625955
235.02846752971547 277.3728569534796
239.64076098503102 264.7462935021291
235.89200277374832 262.644946597726
233.67972515427763 267.94621369249546
229.01300842999862 263.21773856585526
226.4961108772481 276.83696937785936
239.0312206658578 274.56808735769823
234.81106987578514 277.83872375675077
233.78266570053506 267.6039518692222
235.26880353720307 269.1325763655381
232.255753771895 267.2263369185626
235.97783024815902 265.54992879208703
228.5806186164834 287.438211307805
233.8907787608709 273.3583395290844
229.7081505467479 261.802077580588
231.3548122983849 269.6305449867266
239.02152196228894 269.1710204457159
232.82017123009254 288.0462727510824
224.68982741029248 306.0781849626515
225.2311267735482 281.13533002652053
238.08377751880923 274.0273704097428
236.21239945495077 273.29480781504935
210.54230878626132 312.7257034155126
229.63872608972494 275.11574128210975
233.35543923786437 278.4479787306883
231.5627892254921 291.0824469817294
233.2376824248136 324.3919844678409
231.00408264031344 286.96583578414135
233.90168683760024 272.5138352964447
222.9210441892826 284.8559106399692
230.03996590857977 270.06993971477004
235.34690713858973 271.8006468018567
240.6985551840005 275.94977090406985
239.9806465737623 264.9734237867703
228.4230717533822 265.4809932982864
244.193517605562 271.95703107179514
237.93215174120382 274.91614626228375
230.79490585482355 274.1310620011477
229.44089998319544 267.4594019117045
233.60136730160428 265.0337786517009
233.61489113438662 275.22879422373495
236.00124370820117 271.6504293252615
243.10262210352423 270.223460547684
219.48421146811 308.84390925189825
225.07191856182556 303.0624506174275
239.38620550744133 268.0440863108093
230.58309192135442 267.134916144582
220.57482960267782 278.44762548017945
234.58209056056054 275.22606150266944
234.59431219209955 268.1895708205094
228.85852537254954 300.70913460492693
231.0129152591584 270.3847260153498
238.32870229106197 275.15697513047485
224.70277085000535 271.9063433140911
229.89076214109267 271.46793735511244
224.89990546276684 291.7517967708414
230.80536909379728 272.40115795811437
234.84420724322817 262.457724540959
223.07562445361353 280.6112123389246
231.52687525830336 270.992853339462
237.39284881054886 273.34922152550973
228.10374679754514 271.687719304305
233.5208573821467 262.3193965890938
229.7647166336422 270.8908754381593
233.42722828031577 270.58859271959307
67.67735655200593 332.22442678688145
229.4909949324201 263.1535256709516
234.2187114363132 275.3149017325968
242.17423349756533 269.4192224316134
234.54147607004853 278.55587459024935
238.50887452792725 277.49303251071836
236.41887737641795 275.9045271286242
243.2212865405437 269.8975416005721
238.31929239346212 271.3115286227609
12.949552869587965 348.15007921262605
131.56752214321725 308.9940240585012
229.20833119775543 267.2462341488283
224.17355217194324 266.6009548871277
233.0029837646807 267.22603115934834
228.79128929045092 272.33525388074514
241.6176705046393 267.50138008629216
229.65440724959723 277.98885320921136
236.4082483867411 267.55918772606145
235.59654022771474 277.13809098897315
236.2061554149262 269.20931410543625
238.28502433890174 269.11917086204136
239.26833907042462 266.5454453427483
233.90035650781203 263.4070793303883
229.5491929444234 272.55928170723934
238.0258601006861 267.5862914594973
233.6571692176337 268.76284788016295
228.20897857336288 269.2534847049294
229.24567962956692 263.4570668037526
236.13298415368686 267.9057212252637
231.4870015705043 274.7178314617878
231.837908364327 279.35789878530767
245.2234809797717 269.6222079090891
227.02932287724028 281.71337865976227
236.96221768537356 264.45489750191643
237.2885739002478 268.14548315799414
237.352698934505 271.7817954294801
232.88957094775807 275.23223651845734
237.2690835516601 286.5071207471258
235.0523755906592 272.19788416022476
235.9362614730784 267.9553537572489
232.6065749331767 278.6167906188097
233.97397899878155 266.32388435068816
230.5793539038916 268.74410104976664
211.8823344431417 312.45474309965886
233.7712897529635 269.05351056194957
232.1437515288064 264.79801725876786
236.12737139906386 266.40266921878265
231.49072425855957 287.6881710423001
230.6125517325803 281.01331226465214
214.14951745372292 315.4904947635588
231.1802166934788 265.38056385838104
231.63314353338052 283.05856262789115
232.62368299424077 279.7090455990725
229.82670829935984 260.15934762169724
228.15834041188495 290.92857145522584
231.31770817331943 295.6494496741553
230.77842027060282 272.9329903111662
229.28725849218014 263.15955395272385
229.67981000651156 280.14557529406954
229.00025203593904 280.9388905361173
230.1738551992454 269.2593923275788
230.5424626158643 267.09523464566246
234.825468916107 281.8606231446048
224.0603324645791 281.56524219025295
231.71097869991698 270.65589321418884
240.30833402208475 278.60815446709125
226.40853586624235 268.2544122155338
229.97022756409 275.74784131136494
227.67185463840448 278.0837060566204
229.7434035784572 269.72727841067314
236.02326647725098 278.4116713443947
226.341419446151 284.5381008941678
238.47784162902406 273.2106988909954
245.92233648101788 267.4926465807744
235.84740188983938 264.55202278497194
228.2587206609796 296.61088073193054
235.95759679010325 269.3792801996327
231.29372555475868 289.72699499344645
235.86919116151012 261.89650463767964
243.8474091613978 271.3693827271844
234.15393693088524 268.0236337761304
231.80555233851285 277.673758837785
219.53793191847535 290.2988719669592
235.29547925174367 272.52936351193915
230.67241847112288 273.48887875070795
240.8587765891876 266.4145636951077
240.75094622093005 281.33363584444834
230.53745914202338 276.63645979188124
237.11373199935352 270.8440382022056
235.66321983113778 280.87908524503916
233.9533495706406 293.42061623854784
239.8405682351551 264.58595855492956
236.3625844695095 266.92722187512345
234.1889471308568 267.5897970302162
235.56325356960647 269.87559027057165
232.5141383819625 267.6736781267131
230.54493792079543 271.7497523974351
241.62524344556522 272.44986117712733
238.20111299868654 267.7328259878891
232.58918645590012 269.03706845659246
222.6647754388098 302.5953616206487
230.1571859172806 279.7120043767021
240.1458928939659 269.0168462911019
236.54113684388798 265.1343232073823
229.62051112147824 279.600421615822
233.66857776515405 270.9198676595505
217.15563215265567 311.8035093638029
234.73122694600298 265.13216241224603
227.22005173934565 287.2392419028779
234.58753011951535 283.43963814286747
241.3281353322512 270.79478651842817
233.4412511354934 263.4688817094309
237.18175195728853 263.3242240508245
238.18933303183871 264.206738832759
228.0673754719044 269.9051683782401
231.36878594433037 299.7460656148789
238.2137555509007 269.3282100562459
232.760737464247 294.4580312931588
205.5782081183232 311.46870484776986
238.56601755621304 275.45682024037455
231.47317212040255 305.2937945478329
227.97345793337266 270.4540121454187
223.01169332571345 271.4145418913993
230.57408998795103 280.5283612648753
228.93093095976033 296.2645822631088
234.77940883992378 268.58098071626273
240.98335439749144 266.61087265401477
236.2672415332927 296.34501137500257
231.41900592379585 278.75748548459944
236.6663611174204 266.75794165198516
237.34178076840024 280.39530859740756
233.48055813005146 270.39606422916984
233.3447679673515 266.549654910106
230.51755332603122 280.22963353903083
228.65607995660366 267.62027065323343
235.28378131262363 269.8332916295115
231.50685797659116 281.57363051480525
240.66693507956137 269.45704478859443
228.3413914616296 282.32640095545446
231.09490984984174 280.8907664291468
232.30577572975224 268.0942977826642
228.69404849531213 276.79216291907017
217.3515926057172 320.7099338028118
237.526912578866 274.6433157434408
223.89198502015756 304.0102621065632
234.18695266946838 278.82555316672926
233.97066617685863 266.2724354229701
232.34355440184385 266.90785005670404
235.8985058023351 277.53614098072757
230.4454403848921 266.7279296881355
238.8115532545279 268.5710025007602
234.961243085172 269.54335239124487
231.72269657622115 272.28985511189074
230.17621614732948 281.2456516594392
239.79818044031433 264.84971720773063
233.3605345563226 283.8210561374878
237.32426195467863 271.25483624107846
228.99153615736776 272.3941120428332
222.2495941021889 304.21161405014396
231.71207345586214 267.6515118093625
237.53361928112386 265.82382271195513
236.20165168281574 276.0230693492796
242.95993148166585 266.00925780191983
223.04200086824045 295.7491545851649
223.26204879967082 317.42581280174613
229.1576845483113 288.1053263603353
230.2706166061216 290.6052884594907
233.40888299960497 272.6419950742576
233.31526971987955 276.3384478711512
233.44962000072115 268.1605738267256
236.69861902269847 263.9061341079272
237.95485815347814 273.7750690989479
227.66188322607604 280.23245023292174
195.7189471922846 325.0723849356027
232.3593350010253 277.8731544967864
233.56799211400124 272.6862349339221
229.63407162930696 276.56388493770413
241.71021562914947 269.5775706721443
235.27717793952704 271.4530821393546
232.16514584057634 266.8202617234987
237.95658738246107 267.5067097090373
240.0416052348258 269.53001893512004
220.16157811646366 273.1790620901277
237.1719242139449 264.88909186210327
225.28978241518857 269.881448291938
231.64286240866812 277.19974404831765
239.56662093668294 270.8391417647588
240.30571506719352 275.77010322052877
232.0905520452644 273.2491383528036
235.73147566585578 268.65775979016047
231.01188194016657 271.564089907394
236.52529674641173 268.05666461461493
239.48889051299633 268.3919253852289
232.66824788645457 280.92456386215787
232.38365752528279 258.891339737707
228.70704486290754 276.1132480075121
234.70165557370385 274.787119678793
232.1995744952255 277.97044034035554
236.8954236864945 275.37885638915907
225.5133291483805 316.81169484825585
231.2392328424537 288.1779156175344
225.78258065085126 270.45745835374004
229.9319206118466 274.64500496722843
229.40979990965783 271.03640933205975
239.58108661072856 277.3877716929578
237.30550719942752 272.0917601939015
226.37486324643382 277.60807936222784
232.25667532851955 267.7164812699876
233.37455873855055 263.4928427082533
237.41255746525138 266.77585285310624
236.03808639271804 273.6787823147564
236.2458480678088 266.6736296141011
235.87546304475177 270.91318679392634
231.32862617584973 270.7088429201846
236.9913514822591 282.3122855903904
235.95060053560735 273.91209862675606
227.61276294328772 280.5341486794103
227.23158713778585 280.39352933660234
230.60815304167906 300.83718327265325
234.61415373315435 279.3886159480457
229.04051256786437 267.72861718798015
239.6892775104062 267.57673437852867
228.71251654591296 290.1528415913379
237.79913722377276 279.84950750072653
240.76994351103855 266.72488618974245
219.39875803447734 309.35236508792696
231.6267113318175 268.93084441836277
238.0109038458455 276.7271013113085
231.57846955455645 270.3775602703375
231.98187569025535 286.0722424153865
222.31628315409426 276.8418244637188
232.93415629189437 265.4803956563479
232.63902347191714 260.78551208127374
233.33805216017683 291.4181751859711
231.60345804378477 297.43528308482826
226.95837255602387 278.75658786183
230.9566528001712 272.8359411770356
227.60462266215362 283.0253310356397
237.88605991650917 272.13563801518893
234.28580608690064 283.07854458091884
224.3217284255592 279.26761762474683
233.40511039087718 281.68411244844486
241.82040978311625 273.5097351055027
239.2916468053945 268.698741025693
226.83222188026383 290.6779898584349
234.33185154078217 267.6980604585912
239.5456559138131 273.5344972584377
234.56847297944338 269.87375417846937
228.49965672622002 280.98344928044787
238.68226047944097 274.0334245212335
228.09967568032107 279.7400923925679
221.2947379190597 292.35643738728515
234.84219157139438 277.7055893731169
229.44297465523144 270.4894789527382
235.28257865921387 291.2078795706724
236.49197271156962 269.0492539171737
237.03533082535517 265.0593364065899
232.00838289883995 284.82997667642763
224.2300962251436 268.50022668654725
229.13478189683497 272.5614259794017
234.37493081727598 267.4120019762777
231.7988806318047 269.4721912124331
233.08959690995093 261.4855788933735
232.89629093492778 269.72742801235717
11.412696239198038 349.5030780546308
234.59343277956066 268.3792736722423
234.4924359770397 275.1381386662153
237.54836011940145 262.53649707602756
227.90506885689854 272.52124398302425
231.33345768414821 281.1933497515257
235.4569048008216 279.176376937116
217.30264109040715 320.7729777118011
235.5986383480573 272.610261350836
231.0037695788006 271.89073933506023
240.74365707271417 269.7639083994604
228.86988931577878 277.5026940436108
203.32209102736593 323.0142841470248
227.87956826448982 269.52923003319006
229.1651392989169 270.76983636081883
230.27114707304708 267.7818497362162
222.34325847200094 291.19287404086094
219.60713448081881 319.7325187289619
230.19233849364494 263.38868114752125
227.79214121827778 281.6690428467772
223.12877259595615 289.9071875656071
232.9993581820483 271.6339312115427
234.00251161065873 276.50088215760144
237.91221398978558 266.79178290566455
230.88257703151703 282.1216980374227
232.70490203227212 269.0566283427522
228.94709789418096 270.6446644981717
236.37188903320003 277.34430765436207
235.20779617667168 275.0859047879541
24.004500338287315 337.1467291286338
224.804017981707 283.94099555524787
235.482629599451 278.91333663013313
239.799851926226 267.71436785177843
233.1383295736519 264.44352493088974
234.17768601649945 267.9850257041364
235.62529163084457 267.6383532108032
224.11619246467464 296.48579809110805
230.12477679812207 268.84533546000296
235.45413871989925 278.391824442885
233.55471558553992 269.993239123521
229.749540026978 277.1250632834333
232.29834053681773 274.8318717212808
224.53582013419793 270.57984236328633
232.35017453644892 277.40334965386626
218.67071057097692 277.99470339918196
228.33927249120612 270.6907394067757
231.15905976503723 285.3261927393917
235.86011259281113 274.1369012863315
233.38605120713734 283.0521389884927
238.64714557225898 283.6805040863707
235.33063086595814 265.3834441778546
232.55443066195414 268.8871721323004
231.4145358694127 265.31696596965946
236.5434171166064 271.482036580871
240.35218016834423 275.34250448570117
236.64171750704125 268.0079607543665
231.2089861795592 269.8000739245609
233.92781556201373 273.4308340714199
231.81790091761312 264.76021814863924
225.68381673142082 272.1725342885674
236.34155681040167 267.23659970015433
232.14936154549144 272.9294333552296
233.66663452343005 279.3182213876246
229.6175330541774 263.27356622790455
239.32388657348406 276.15437595360623
225.6724804336343 290.46102572696407
235.2913111507951 286.56232726432523
233.55990350830777 276.16268216741696
235.36865557177708 265.0828655662489
237.32789747184435 268.88211910594515
229.7306633261204 270.6089532994858
225.33684082659227 265.10201581348036
236.93422464008168 269.42357410756193
236.15579592802575 276.9120065248946
234.87847250887125 291.57210658035336
209.16936197021866 308.09673546767203
232.7176502569944 269.6355895234342
234.23173075127826 275.6390091272427
229.61297105823644 260.43624116191086
221.33657376406387 274.6616528087043
232.4646237475182 273.5923268302817
232.2295043233631 284.59176966895654
222.77674583873375 283.25228573441
229.22524541160098 282.3332728917161
237.05617499293854 265.57332133760434
230.30480599058154 269.67908038799465
234.09812041482184 270.61571461666665
236.1604882473863 281.40137080400723
228.39990063339272 295.4187501099676
238.12563631293915 270.8080378525311
227.69548197931675 272.1662350927553
231.1895949461738 272.10250142298486
235.84594284303842 268.9933792335391
236.55125816756754 268.76296201339653
228.54776708472693 274.05309014788025
231.44288848500082 264.79256823408144
237.22931866153186 278.34820211944776
233.2873832118884 265.07283666437354
230.3975190139807 299.93566880506125
233.27905078609174 268.660636426708
224.00565025390114 322.62387222437184
227.13129590959576 278.73696568621386
236.8439882909311 266.5187776055733
219.1784586219521 313.0085111427186
227.64500710792538 305.9269006369901
234.8636627563494 273.0010691637561
233.44816334103493 263.7266704988997
230.9924476440348 267.4419862644502
232.03877085771137 261.4926643518956
235.86957093295348 281.71370166941693
238.0465261156208 275.65405757500133
232.20596634281182 324.70544843283636
220.6954813424719 291.51869947462586
236.17680398541327 274.0998401470781
233.41926130632675 270.2760774885665
233.28171738190215 276.2973319434691
233.96476368575847 272.7453775460745
242.5905754003637 273.6313578896747
235.94843211498264 266.56546342319996
235.16426275184622 274.8719051711278
240.11093560658122 274.15870613649906
234.00028159159896 276.9695828416551
222.09370517785712 280.1037969226411
26.01490716669673 335.12796219094366
223.21879097419702 273.1778217727543
234.40433825041814 269.78077370918777
234.96151763059947 280.0257122783562
237.02143403618823 270.34134665437153
235.74091458566875 273.18719889676163
230.08790389468373 268.5722557792903
222.40660717359094 291.98748120937256
226.98008674624515 271.9285734162762
231.55195514706634 283.61750043855693
235.55939492245346 283.0402427814485
233.2415096942735 277.6146052926195
233.71598936595927 291.5139527152633
230.44378081726708 279.67103709172983
222.3543607870783 272.60702830903205
233.45050758368131 265.07510998997657
228.2851881535525 272.585351145105
218.74273856304114 294.8529325721565
235.35947040148818 269.87453288260645
221.90882378923337 273.44957006820334
182.94177685200864 336.8773392554097
236.98668490335191 272.8484936822354
227.46966138102852 271.47759102026725
230.06790768346602 263.7826062042871
197.4385171636797 309.2174915144529
211.89870793773267 297.52443393483026
230.20720583673258 269.425340622629
231.30329036249057 270.00052460829284
233.78265824266327 265.04921013697793
232.57391292957962 267.4554287213817
232.02479177260082 306.2611376357168
238.3466512615804 265.1429272134658
235.20268907203968 270.51265952383744
238.7003472650729 281.2528062170204
234.8013065677416 283.4941284444334
227.2608300100866 276.9289575931826
239.09561028615224 279.11452633803395
229.4134010879385 267.0486679295581
234.50885879853766 271.1694743684759
229.83834926848203 288.29098290255274
230.22820736278356 274.22679278144295
236.28786988446652 278.74478457697194
230.26255488758198 270.0009445337575
235.11947377458358 279.982022964945
227.96084026458092 302.8455331095259
230.21989323249903 269.9016408532569
236.1758697974314 268.06741028966775
239.49768407560174 269.21792663950663
227.86598311064793 269.94884416079486
229.1309895812955 268.0165697395844
236.47802481910324 267.59303970894604
222.11951024350756 295.4745832141134
233.14313403133957 266.18359332387865
235.07855289228988 274.55164993304544
235.38637471141536 269.90122618057256
230.20677471441817 277.65252061383666
237.82233110642457 269.4138333794628
224.4671906608002 273.4847291761914
231.3688583513089 273.55336770645727
233.04540082165965 286.662471478943
235.97824369708678 267.2319305703231
235.3070561809594 282.6196446253095
234.38119595905576 272.46222354231617
239.5925945213295 278.09619541719286
228.4731463364551 281.63099159514206
228.08133400372571 263.4486409235734
228.06943734192905 277.11690564532006
227.97719946809687 305.4578435147799
240.65411274203237 268.4155212714947
233.7696428278319 263.5729587691937
231.90732296385403 268.23907341033953
227.25180584196795 282.2694017603978
227.1365759156838 271.06426239549995
228.16549632172763 303.8567656691284
240.25792302127456 269.07857490436186
241.11515277202085 271.32733466238153
234.65018796626936 286.885904684518
231.23154235126597 279.5918065991177
207.1026929475103 310.33639838159866
239.39363606701443 269.02190965765294
228.62618792303317 269.03323973966684
231.03604130395647 275.9001192720433
228.001792075286 275.0410413622331
228.29932886260173 290.8001560114192
227.76031891895602 283.0559474141747
234.26247601091848 271.02466190949116
236.60246923978156 271.6643133919511
232.70007095529155 266.5361624614519
229.77182692848112 274.69497444468664
226.2420881559597 279.44484078386114
236.3203018625935 275.1675874781934
233.71985126449152 269.5957424211807
230.28643396276505 263.13299515235724
222.26930012736548 313.3670005377515
237.02101359386913 271.42685176554494
228.991274688124 275.5957568696327
228.22758085365663 268.3336704227622
231.37836560792078 268.29680050103246
234.17487985326346 285.02434842990937
240.23226414078786 273.4562431785319
228.0380152503664 269.6086963330858
229.44642262453894 273.60708003318115
227.76865415139403 272.7983521393653
222.2127744339696 272.956480363055
220.43872039413705 274.579782902781
225.4225105904149 276.3422541063869
238.47481355633704 270.8559345424929
233.7957181870987 271.97823911416043
231.68138725199432 268.3929094534316
228.6553512166678 290.32848320209115
235.07341793934341 265.4443599944147
236.9529977768747 264.71642803299227
239.81993506368755 271.9041981562228
239.91875268594396 267.98480333285903
234.06194619726085 281.23439320120093
235.42747119032282 273.96386926236227
226.84541978945634 270.91292780021723
236.81066462756039 267.9271471833412
230.47670926255026 278.41650136835494
231.82383054164887 267.1932765886254
238.2407057668809 269.1547776042493
230.26801404111012 290.2451105000839
225.5686000483934 307.8713156496169
227.26537911653327 284.707519407749
165.09540063359808 318.39845082746984
234.82250229745958 265.1374817964934
234.81816186778335 269.86301752024696
236.6673207369927 283.91497006694254
237.24787033301214 281.0297958738205
232.99544267496927 264.4153221420158
227.9257963960704 277.6635503560327
235.58602481952906 270.69999062452996
239.32263057199114 268.07968966436476
225.60399953677808 276.0116754330831
234.81455265932672 269.90573806214087
229.91631514161554 265.4962348317703
233.49172309859435 273.8624966445728
233.2371486328726 294.8412158797035
226.00267473427897 279.0226737925583
227.674575704579 268.96496873139535
235.54491265617182 282.96393596002264
241.55918570273755 277.48362010688004
231.50884400444474 281.9528504521553
214.1113844521627 300.87298906755655
231.17910603478936 262.3132434870489
224.0084039141319 284.41927455190614
230.70024540771712 276.00164327068285
233.45626829862948 263.46963403355073
233.84279789464 268.9962691573875
233.03094630574782 277.46760899621427
238.24162915100825 270.9825166758008
229.29011646380212 277.50163351359635
229.88972702874216 277.57799413956116
237.29526976105964 279.08300327372007
237.7482177852062 276.41700135078804
237.04444672851963 267.00116163743104
227.57929733673936 277.00661253755703
229.14870696350485 260.3494563140042
240.41867946144933 265.62851778669443
229.86990081661983 283.7068910735052
237.26359391662092 264.7365986678875
239.94292947182637 270.4601558531827
241.86308164234754 269.30182232200195
233.0240973436792 263.2575089619768
222.37342410037908 300.7632724010862
224.40379450995232 301.98351261070667
233.26068166065517 266.7488612595361
231.2249067026703 291.0314414018293
225.69208187427853 270.30521289326975
233.22553818338167 268.93360089424345
234.70594621524143 274.06063697918313
235.8130533709764 295.6604506070767
235.75714839175515 269.8424559396934
238.43264937644392 271.6740754869102
226.65706013519767 278.2894461246898
231.88380898917615 260.09106611623315
231.02722359889435 283.1842380363767
232.23470554920644 267.5721383996426
232.51954820715093 285.5123207535063
232.11440025846292 268.00695528474193
223.66907889083538 280.692301279996
228.27341495879003 300.370307674554
233.30060139446985 263.8224580064559
236.52381208950595 277.16453125286455
235.28536712495742 279.50444590620725
236.81955279330433 266.90828257211547
235.70711045554643 275.3809859759091
230.36676016459882 292.833997811186
60.05955295103693 333.1722254907758
231.9183711613837 271.9788719732218
234.16228331713336 267.0221650834442
240.56291545749983 277.2036437520121
227.0873904175963 284.31020707807573
241.06400842534967 273.67607524807477
231.76799027812473 271.347727603485
237.739660881908 270.942035868935
231.23459900788845 278.27892252943826
236.02080783243548 275.9978322946572
234.35151194788475 272.78253452636557
232.51466212859376 272.31433621696675
234.44205679828062 263.65998894387843
224.101712997862 289.2438599221542
237.48808210864024 274.8208970107124
226.9937042575156 274.75767363604024
230.94910729735912 274.7243099184247
233.4899948042376 277.65327965790095
227.4861797823755 263.97148919349246
235.5694516103838 282.20297336280964
230.22225959037658 284.6859417614686
241.6444490806066 271.3966782871926
230.1924986076792 265.42353508834526
227.62912237238203 303.20557445342513
238.92968277143135 268.4877056129683
229.1669264972872 274.9479461277965
232.07080223497584 271.5120871848466
237.0154979760988 266.5848125973957
242.7343995997014 265.8695013968625
236.3101801060787 274.5090674744464
224.62838301364653 271.9369105274686
221.10019890268723 293.76659149137026
237.94651046337603 268.3304639482223
232.2566154823706 279.46618214545293
234.6766653230398 280.80225550225214
234.11817096857135 269.49183923014283
225.82526993518644 279.12087505328725
237.7984581424535 267.22359981406674
235.4937751041717 270.0133052112478
225.88931543125477 274.50183865638775
229.4345184115013 270.67120132048984
232.75168811941649 275.3696152713036
210.40169017286235 299.7457068709026
236.4815800091957 265.80293801448335
237.29338851882574 264.93640967516285
232.89918052109988 263.32058992931746
211.26721531246028 319.1484753573993
224.39542915801903 280.58096932949474
232.8115497841444 288.3025333870801
235.39973033755507 272.14112934423616
236.6330410992634 270.52243812654007
224.9175213283853 278.2066357295229
224.9227515820593 301.2023248168886
230.5741416254476 271.0932639781479
229.17207354530123 276.61822511991664
234.31106066424317 266.5353943450356
235.14040074964004 280.6167016405141
221.57425496212963 273.1401921537252
220.62244863648368 291.33126155977584
229.68620715077355 269.3925057983872
233.62439244295365 266.46785067741314
228.7562993933686 262.97153412294364
234.69125552471783 284.2073314411134
238.59195144455032 271.36260085340035
232.0270714795479 265.73881219212797
229.16843133194064 285.45775462519345
232.30274946801543 271.88750897857204
236.6204125068339 303.16172683146397
227.32328164139375 276.9380520163002
235.26656173584823 270.9982499886594
232.631166272323 280.13864023252717
217.57976949284694 320.11161107323517
229.72594598681746 262.9641177730755
232.33934170018188 275.9112278653981
232.59321603327678 277.3993473018421
230.6895749108467 272.77924708203346
229.13833782421116 284.25791215303036
237.06990384456032 279.2233487359157
232.17564657148975 269.5260390796946
228.3710517752693 290.06173261567284
230.14852695735593 274.48412523035455
236.30054781253335 265.1783974236194
226.26800614548205 269.33024254574644
227.77716808152127 271.88905302703523
232.9941990446244 306.0640468950761
226.55254220446565 271.19512736797594
239.2942960346169 268.3162982057025
228.82405392877706 280.64283399409663
225.55226879971823 271.68252412802724
232.9021056205469 269.117211970345
232.06095575913443 279.8819724106455
232.6242417726897 272.78692934960986
230.48395580271003 286.28301708605824
232.13215370327643 269.50036045877766
226.9451024334376 291.01569540304746
238.52310560830568 265.03586978086884
238.99871191238125 269.96333801818326
236.46891650850543 265.573765356657
235.54316221425248 283.9022408856313
232.90084201425682 266.95338976645
226.00703292816775 296.80581486989416
230.35272651126832 280.7680071420179
233.43535235443957 269.7954896266268
227.27380771149197 271.00589164239756
233.65573198332865 265.623376269442
230.0406127199806 275.4612080766466
230.0907193468777 268.05425051534365
236.97987925046687 264.9855518445054
215.25110191302042 297.19820439938366
233.25472775362596 269.31019107418854
236.2706011413626 277.31465758181406
233.23715954999687 274.59318161050885
229.43308396811264 282.1394284045502
229.0213629799058 283.88738074955114
232.49108896904067 272.69226846557694
234.85722755725047 269.5179912145971
235.14007673107338 276.5108124258993
223.99347926872628 269.92356392358835
224.2320359825385 281.0208596736249
226.3618184609952 261.7704943437263
233.95965227964825 270.2126791634574
236.8637147524287 273.6292690994923
229.49700485515572 262.3832687668341
236.57711616741722 269.4473903284842
237.24260819677755 279.98716661309777
235.77241119084238 265.7229360646168
230.11105693523623 279.17710004433593
236.84241973358186 283.18248342641596
237.4854228592851 266.5458261760137
214.82103626387354 300.9320517904781
240.77036001789725 269.7540962429595
236.07576010681026 282.0979753343906
237.31712658849165 264.54454939204265
239.06312031172817 267.2895212349993
230.66217294455996 272.9957580185736
221.59137625429503 271.164749104135
229.98890011495905 263.24155794235116
233.9306438917139 265.5808681670291
240.8497827149636 265.3305259592086
218.63586257903123 301.37277623697594
241.5344156240702 273.0603527558793
231.4262166850372 274.20996279723437
240.95788200324233 271.90659080124095
238.6943569014294 264.43092398547844
240.058933795348 268.12929308332843
234.04645883721983 270.2824178447558
235.1126213106848 270.88215146824706
227.43537038966366 261.4908117157429
236.3930453991758 267.800495107944
235.24383793392016 276.69381000749695
230.96351861031263 269.6729509494996
226.4813736576958 269.32880185733
234.63417073911884 266.4209989090786
229.61965598525111 271.4488760537744
239.69071016984 274.8765991141533
232.83303279037273 272.209566980168
232.92812991583824 273.72730522075153
226.05207923032435 283.42359206417837
225.9523696172464 271.23966844173583
230.8309157140055 270.79882073502483
237.5648827628528 276.0026795266219
233.65132763700896 277.40429351904925
229.12102255028637 271.8317096151478
233.48014033421043 267.87224901822736
229.82925330553272 282.7995844861022
223.4262985052759 287.7966784593962
239.31997578453328 272.90451930122936
240.3127826399756 270.20006788165745
236.86863762275888 273.57356598258394
233.09712019531148 269.8197772166926
215.43651366427198 322.1393140615705
237.80738074702901 266.3387391751955
234.72233643192348 270.85686424487983
237.3858987196853 268.2827111182653
233.69804736788495 273.50851282695294
234.6388684298705 263.8845995051462
235.93013667103892 270.71341821827525
228.04577607609826 275.4360595704263
226.3746281347648 268.4180459508328
239.46082379763072 270.4699605458686
228.5019819668816 272.71692875032545
236.45223408455047 264.2145438027801
231.13526248903 265.0141138589747
228.689695856325 308.97702000593085
237.82035100771694 262.37820552736326
229.4348776713377 266.12000679301855
214.31517950288472 281.8327445003314
242.0315529521578 274.0969232009303
224.60860448683874 282.6728225388725
231.9664770414551 275.3293110930031
231.63735935288088 270.62521520464287
237.6303890715627 313.551713111019
237.32618346880872 270.68289474558946
231.73689311198854 306.16109962360116
234.13950981838732 290.35280293058213
235.97137642537226 267.9639209935612
212.42083187299733 304.9547621350792
235.83445185265668 286.0054729298152
236.71735434048972 269.78680010362456
233.35159463944456 276.65250229527334
231.6605890593661 263.4320854622446
234.96215264964545 274.916713631048
233.49710261845078 281.64427120889445
227.1278339371951 268.1010888153399
233.772708355402 273.4257096715386
208.01901036620637 316.28420374587256
239.5433558253592 275.5612557341643
238.36193973040133 271.6480493381859
225.31223401164038 290.94111460385454
234.45419723802598 268.719955772694
222.45977997669573 287.8177706653013
235.35683350838397 270.77291215948384
240.0061829120245 267.20534745091544
245.63214783835718 268.9762754795174
231.72988004236277 278.61859571794656
239.45755884595897 272.18268358244865
238.3832238282649 268.4042711641681
231.47334075776493 267.7917783114246
234.3445362321149 267.4578687739515
233.82632795967203 267.1457919588193
240.98666573247527 276.06372331580735
231.72951750463992 288.3685451186653
225.41220490784934 284.8348643551084
214.8171844824377 310.2511614511035
230.67175521417238 262.66833039544736
231.48170145121244 265.14824343141305
227.7414969540662 273.91477419787554
233.9241082968196 274.7504038498791
236.35707604304866 278.9680502467254
235.0315478947988 262.15762899741884
236.84821653158406 265.0181437946986
239.75804894960194 268.66603347932613
229.7881893722931 270.44735486125035
227.53306379030624 297.32139923055524
236.62868395631813 267.8139743679594
234.40662281244659 271.74315303525117
224.03099796686078 284.0981566362849
231.71246351005794 271.70429885666437
236.98801493711827 278.356035641826
232.32844068638863 297.42775835036804
222.83614471674431 279.66977709445723
233.02568923393244 276.82879744425605
224.42461754568552 279.0388556810282
228.2883024169175 279.35189237519273
233.55901528285602 280.5666871328972
240.14164641677675 273.0924688507469
231.8814422930738 275.80313598129595
230.12029510622887 283.0116638623072
230.24794863592928 290.3804575141359
232.00783181343004 290.2754526650419
235.55145165440763 267.6657047808258
235.70217750789348 272.9207685769066
234.4741110471979 270.6957859578169
237.82456239497435 270.25885912121527
43.526087553002235 326.08263511941664
242.99575477016964 266.9278191258897
235.32627599516658 275.60984459931603
240.63693977108403 265.5633007491798
236.73926752509416 271.7040585552439
230.6841025495505 282.7091374730796
240.19306885158068 274.99604936591686
230.85300881823633 266.6890501071172
236.28460099614335 266.9704625046092
238.03202128379056 270.817728304345
228.07832714111655 294.38411856444174
227.945127438418 270.9182927436859
231.13294739374504 275.3097913519173
227.21387324835317 271.4094779225464
231.20734193910172 269.87161571983626
230.92226274262543 274.7134939744551
227.82943704238136 267.868138606968
225.5263144315352 285.04504170629366
230.0250025529968 274.1209782294763
237.27325387759123 278.3564616529204
236.88540808691664 273.77299885345803
244.0867923467874 267.93174962611175
235.46037188191028 266.7188171999707
237.69801358203864 272.2812730356192
227.07612482731787 284.14317163676714
232.69533643949953 266.01516549814846
227.25282765415528 289.0424743370448
241.6080953290923 267.98806651359473
237.28667312774533 268.52715859754375
235.00114583789394 278.2235966642711
240.51236478113464 266.93144898911
228.03178634845932 274.0275520702572
231.4802343758858 274.72412475746967
230.68920196846324 274.74555610464364
233.5113068589912 289.6627648251029
245.79072409214513 266.16804259074473
219.92528454741475 287.4595480251309
233.6901647028856 267.05399621704316
233.38506676512378 268.91804160779225
237.38642573672203 269.0494033824222
225.5402268464913 279.4001103924983
239.68145895343133 274.46556016909204
233.69010002808773 276.0332077447259
235.1328346500892 270.9280073253571
225.46473627670812 273.4226013652252
228.77121369832128 269.9474608588023
236.9822154527289 268.1380897613599
230.81169164629532 274.69194211473837
233.97261636603494 275.0015754532226
238.8108846903487 273.5409273738325
241.0975888942031 271.4315003114451
229.17117538696843 275.43757934800306
232.24509113744222 273.11596085243826
228.58760606306993 278.2966192790772
235.78958287783504 304.68229586145685
230.18335598723672 276.22276870077854
219.8243987239295 276.24358918664177
237.2162683922198 280.07904984681784
232.046423520637 275.51052264548855
238.34183351483455 283.43371189114396
234.20211077820665 276.34037614072236
228.0124124888624 273.3864788982628
226.41378909140474 275.7086172950878
232.70879561119256 263.14970137832785
220.4935387179186 283.63913269143904
236.6460727952212 280.2615357426571
242.25497087655094 269.1371055258563
232.00778807450317 275.3411115996633
222.97600252677324 300.83987846531625
231.19140950094933 282.2218534672108
231.76113378233148 274.6719045652949
226.49003651494624 284.8966138097686
238.56296077971112 274.4319644156856
234.70041522349962 276.21607491094346
229.95421760291322 287.85628748460476
239.88143323293272 266.8168327854944
228.24806017697395 270.1139396165375
239.91698363694957 271.4091807640653
236.2113427701647 268.29714244395933
236.33065153705223 271.4472710681993
223.59849098785196 297.2933667939042
234.0533784111161 269.3789194711418
228.8326087205066 264.6599616773772
231.15867319072504 271.4008978187093
225.74152848281338 263.5101693438548
232.87294480800975 267.19175303724785
231.9335580510709 268.1324634289616
225.8182601033826 273.24588177279367
229.83101469855103 279.89457122117057
238.76611895377826 269.3681682254504
241.4933307963514 277.73822818529135
236.36498796368716 272.4376297760222
236.37070486926257 264.6259974289471
229.57043405927436 263.638463719759
227.9967804629395 276.8338419753725
231.66251044582685 286.0726440950884
237.65855707326628 266.2741475086727
241.31358266544956 280.8861489511595
230.26131768525545 289.6210851130204
236.92462181631194 273.51681878626914
229.44789770573345 271.11998735569165
231.91493066792196 279.8616445815436
229.7391619108014 290.75479001167776
228.10052316873998 274.83802394484553
239.79320147221966 278.12047011799916
215.36059258719607 307.4794186829346
228.08446227523766 281.5495679794437
240.70507804199917 267.7604684203779
236.26503826747933 264.87070913885515
232.78819564286204 270.03368913265973
232.43256104689866 265.97095117690236
229.3877473294931 275.2718836749153
226.7377086679755 279.316670943655
235.95098697008856 265.8676568553287
237.41551091649316 271.3554109932525
234.4265111728258 263.91823165647605
233.31946838788312 280.10457681829894
232.01181491009783 273.10993585705916
237.39770693016476 266.38541202529393
232.30873174161349 265.9994769818934
237.60236765506403 265.2046937640436
237.83191172213517 273.483347057987
228.55776883546682 288.8376306787561
239.48252712370947 266.68496975574
233.97198684058114 278.8468199218328
235.4004697173009 272.824436435145
234.3123050488224 271.69587797840603
231.01342926946333 280.2256959269638
237.5112506023078 264.11172930535645
232.27341315947595 286.9600543781926
236.0092226277063 280.72441092586325
230.93455067608025 290.7199215189546
231.70737101647765 284.10562408835915
227.53662232567478 265.0816168533502
232.8128907975373 266.6720781334106
226.86010437861972 275.3347769501086
231.5802361394876 280.03087792150563
233.6784451138047 264.4267227751992
232.45387474540868 278.8441148895449
233.87076023748614 266.0543521197275
224.94360071268096 282.3415548817499
229.24933674642364 258.68285267970856
226.00580746769717 267.4768252867532
239.52687933256823 265.3273589800832
231.00887709670235 277.93663692838817
237.35469561318337 281.54998284041767
236.36703981088775 275.7149951402585
228.7402067916924 280.3307235496883
235.433100294048 263.12611630480325
237.7097515398774 280.26960723278535
230.1603199794888 278.25719061156013
232.0199437438313 288.2357266581471
232.33239173601257 263.0771952108827
233.54635987577063 273.60284822428804
232.50014334063192 283.48114591377384
243.26950320798596 269.0762206026151
237.40120881289394 268.7758657968985
232.887788314701 273.25644939684963
234.5803544547606 269.23321707291433
232.6108593939774 276.0273591122672
226.8329291108035 277.2495235097072
239.15899493908682 271.9347604882785
228.5129268178396 300.11935654336907
238.74837677060336 266.3100519316544
238.97407477999522 270.2740540448635
229.14860422315888 278.6174999755339
235.41373626349602 271.10667655952255
236.77645578169754 289.04456866503835
239.40319757064307 268.0134169874745
236.16363840610532 267.7164293529946
227.116627241102 274.85834213693084
233.27159750060443 278.82929670973067
239.27564030050453 280.9882303226889
232.42046145121427 271.3825116111304
233.68465658942478 268.89033067376295
228.738222841965 271.487705854061
236.86347737298667 265.95081427693725
233.72651131384617 267.1148545578092
235.76827162316434 272.54063249313776
234.80308474073524 276.1741026869572
229.27280501096442 265.99572048397437
235.55784394995834 273.29565458144975
232.9136002555175 275.27179146382383
225.17925150689857 302.65317025548495
233.61689968584525 278.76323410818344
235.92815880105687 271.3472074563013
215.43623744270226 313.17096409695466
230.36765807864268 277.961797029671
234.31984292779137 269.70344233992824
221.5807246684791 294.8846701130888
233.4846882273446 283.8801436698722
231.5721396088726 272.04274521274084
224.764254069704 269.203245672123
223.21484541828596 266.67978854439554
227.96922815170814 271.2379091218784
230.44536970810978 275.5892193752345
224.67274366456738 281.01534663006663
241.65233489635816 288.74088817817835
228.74988674599442 270.99202234931084
235.70907450575893 278.238887605391
225.50917282856602 283.06854098248124
237.0938258583346 265.445848412803
233.22124322112947 277.8343468404622
240.22745069876697 273.2926240332369
232.5493814790109 270.47147901754727
236.35726616042675 268.7487759748141
219.48887314865712 303.5575639412846
227.4995212797343 289.24287356365124
235.1013272488122 272.92212587179034
230.2002370378533 292.9435222077944
226.4964089027549 312.61452628089813
229.81335773488976 308.4323637592037
234.7423128466581 269.3307880310167
236.27827118791512 270.7555800730394
243.1620124127004 274.5217145992553
239.39359771818408 265.84396032939577
222.22022523438721 278.1729704937958
236.04368342747057 270.7292598848426
219.2062098702594 304.15816295051604
231.6517592645481 265.66882628671743
232.96680611762267 262.2004413343749
236.90933215587637 264.52834848135535
221.0351171467283 318.25913586078127
236.14444777945513 269.17154732281705
239.92932290980886 262.5177476782409
234.76285252630612 270.27444093336214
231.04786392328342 270.3615488749972
240.11541114316367 271.48515710647877
227.6561886305305 283.0602527627466
239.56399173106377 269.6852611260412
237.67863973137452 283.6007132360509
236.25744346016168 293.05623102781243
237.2812756599522 263.0837931365578
230.38654657445062 279.1061907989286
225.02586800604834 289.46470890851293
237.95562486169308 278.3918816144345
228.30794863015856 281.35190416678387
228.04798519905654 278.5023939343793
228.56297241506655 285.2786913426515
240.04937704813466 264.0873787839211
238.7048062150555 269.8594130775924
226.34384897425664 277.12689780543246
228.2919991798144 292.80048234821334
228.4147674555862 274.6829799822886
230.98184308930394 283.3910312234635
226.30320954595425 266.3939714264617
225.9064496493132 286.34307664401217
225.61847823516686 271.8910417998659
224.34926003763815 311.19044120558476
235.45558602669092 277.0758131714835
226.73071377143555 276.4379092741935
236.57353433271348 268.91282637020345
237.31538862088797 269.4413276869171
219.77375220831064 293.12643383670326
235.65231466541263 269.51978705770995
231.46202067079165 291.250231713876
227.88229395022725 263.0151283370087
235.0516655175551 284.2271160688283
226.64354576192173 268.24492713372854
227.1935671531921 271.1072282380794
231.3244303160929 267.6589746533428
229.40510844548643 275.55516443022645
234.92793805365608 279.53783831850774
238.39802814675463 278.80191774568965
230.22313476593507 269.433773193988
236.71435135198385 262.0108729247068
230.39489031971152 277.12153641738644
228.8989171607047 273.4093574984036
232.99280837552826 276.3114674494566
226.68837625249373 291.23749741735884
231.08696504966383 279.8839182011588
235.7967681715845 274.21011108807124
237.0068049980353 279.33405906498785
234.93445857562966 268.5015927294869
230.9212949921739 279.9102747975997
222.38307523045808 293.84778942025366
231.09978659881259 270.1634785468014
240.78204411229794 272.267824945077
240.4334691079208 268.45198505965743
241.58200664966435 264.9220891509296
228.71015930620473 261.32373772584936
241.330807814486 269.4566728945808
235.09231866468315 266.5507153533714
236.52956431107424 267.4383627183516
237.86214598247997 277.9236745071648
231.58786331041514 259.3754634565476
223.51202520380505 279.16488780668925
220.60222256446815 277.64292032267383
233.03342098442593 280.1680945319986
233.57459233528706 300.7357846174801
234.93975930197848 266.3087311243351
227.3878357175248 307.35696396616197
233.12071981798337 269.8027470073615
237.89397612267126 268.4684981451167
234.03892004365187 275.1292182621756
237.5204089009316 267.84290511354857
232.38141874649264 282.53964114518163
235.30375202210806 280.55460002433875
236.37313792302461 295.41824541431157
176.19084613077496 326.9887298601657
233.38557286749196 267.89181404623525
236.6479521724264 268.8119504056537
234.26836315181671 281.74261996429306
233.10421662397775 269.9580386515055
228.9518720102346 273.51387299755993
237.01372407077395 271.07461534506785
228.85173018921643 276.15734390526046
231.30488421743976 275.6238187999141
221.11573947412276 278.3672568589023
217.8042569766974 294.5442031410776
232.61353925198645 272.15579569740567
235.45881682534906 266.00824702194285
221.50040148544537 289.5734546197983
225.87752326918758 264.9184126115776
232.589557268836 270.816971278983
239.40260049529275 274.9032454856964
232.03011304926744 278.7952111016648
236.48276396114306 279.92791481731143
230.35337617635864 278.45643220894607
235.98048223160154 278.3000684245431
227.9176496786956 282.0790631534037
228.79161164602567 295.69913451894104
223.76295835926703 319.06394611930716
228.98611891628144 277.2158880324139
238.88427159669823 262.529216533882
237.23636337502134 264.04029116853957
238.96376319420014 264.34805085034213
231.3228173725676 284.8469860434685
227.91403810215175 287.9146898034943
232.36700575232484 270.5141137332576
227.52288021737556 283.94762848300144
233.85419618658625 265.7864556763594
235.65476890449455 274.57007422195665
217.31612900247484 280.9664520138667
235.67836050598535 268.49130909985547
230.83962242816503 280.17607471839597
220.64610152976164 312.89150255270204
237.5589803653194 271.2951685177782
239.5605953193318 275.94294199242364
238.4051952434986 267.9931274358782
222.65966039376423 283.1637875245571
229.61165206420372 265.8207416118886
231.64289604971216 269.9003536246323
239.94049328679674 263.65972672319776
229.35275169360884 265.07717493992095
230.11911197735554 268.89959738479195
241.37020406630748 266.03417569572696
231.79976477290157 275.2174810532106
237.58900661752165 274.53609918044145
235.15789384301937 271.22916332402
229.8467243117606 265.469478410613
231.44876154703388 274.17056947542653
230.23342382375088 273.6468120099104
234.95283185534944 272.4270804317275
232.3804057391572 270.139713033832
231.685442764679 265.41286696857225
238.77215435575454 275.2143553291867
228.21906815869337 277.6719195469893
215.47000135706404 298.6326096931835
234.73860311690555 276.66373800144294
230.77307271417322 266.27425422043996
234.2600180855038 269.4461463617945
