243.7319646821276 260.83724610373116
243.09757171121868 263.00203020175854
243.78484735825086 260.05608305158677
238.52625918196438 257.6020366491538
236.7970908123517 255.472066005672
240.8191579159261 259.46132633126973
240.756610553583 261.39745622135615
241.5071246465456 261.4793341590699
235.5725569772188 255.36795745146736
239.54244567448958 258.4030845753954
237.0623384038824 258.0633861926294
243.34212135378164 261.59191348885145
238.4896306251231 260.54029683976955
236.59189864681716 259.2063329360725
242.21932394985203 260.9734518594142
235.10903873008303 255.40215992378594
240.2600827275424 259.69722892154834
241.83677005720125 260.2389033736832
243.12256362570184 262.9191462923726
241.26519542566498 260.59148281795814
241.45820383512725 260.7731273853325
240.39619383140476 259.81475087798646
228.8871770125168 250.9224625825586
243.29669867056845 261.943038409695
238.57891808071787 257.1846869259645
235.28232410427358 257.8997927106874
242.03955093098764 260.1987326777392
241.94895149920038 260.1795574291711
233.96915957433856 254.42779443417214
238.53500650425087 258.29262133662303
241.51593516068002 261.35019188537
239.1094647218238 257.54921931715603
234.5302641725801 255.81555340626915
239.13401440756078 259.70377419869675
233.43601098002216 255.80917382339817
243.0225455232817 262.4579041597184
237.22356366132263 256.96897863810165
243.4247334297576 262.4303000230909
240.5305802771283 259.4299598885205
241.5584808957798 262.7033938723806
243.46988417977923 263.0742239399973
241.300280762788 261.6244265804618
239.45474938484216 260.19003194964205
235.63961818896618 255.8781127869821
239.2172914060073 258.73183395425605
239.29991614796353 258.15290417843335
237.66153667681795 257.4570892344853
245.12612439093053 262.5442434835424
231.83812214868283 252.94979971783474
237.47645146123617 256.6972534903068
238.59311211884946 258.0288139780686
235.03140100183506 255.56205199922684
244.78567620781982 263.58006158419096
238.08935762816543 257.9123203262272
237.3600566856234 259.3769528648078
238.84486625023186 258.83356786825175
242.93025397316055 260.94777761878476
243.86064545600843 264.02460989242
241.84759889632662 260.5793208331369
242.6410171825141 261.38251290196064
243.04522849205705 262.19353494178887
237.4148014570844 257.8060288369063
239.95135487005737 259.031357371906
237.70839815917404 257.1612286636329
236.11091631161852 256.3362281903556
238.90545910214246 259.068228573296
244.6241367261738 262.403205375731
238.106132174027 258.059992406855
240.37676481104916 260.38555669837694
241.45696021624076 259.58262402420985
235.350488705608 255.30888210522528
242.4178217622817 260.9055243875873
238.8030862183809 257.46696967420434
237.91151766238923 260.3916240816758
237.3780019369078 257.2156487641577
236.85145751816276 254.5314493824542
242.03916577259687 261.26241369859497
239.48434161452806 260.11552803008436
238.05617602371382 257.3302045324862
239.73049919767698 258.9994704761522
243.68468527410013 262.6218296204259
237.69094993759163 256.57928530316224
237.44068940444558 258.25888532286524
237.34525953385025 257.099738840013
235.6929747989078 256.9969143565409
241.56151353819627 260.64709556881786
236.39285415469774 257.4043920132104
242.0979411432657 260.74783166130686
237.62756684932185 257.85490545573015
242.05479363077774 262.1653014991622
237.49816742988116 258.07271559964954
243.8617143587306 260.92088810887253
239.0744047445963 259.2966391906921
236.11155370742532 256.93713630720094
239.3248679032105 259.454038232692
242.33456293817795 262.72715571727423
231.75331902408735 252.12142583142457
232.82991389542252 254.62956131308525
241.23848904950415 259.41382259495134
243.67941027118397 263.8013850859311
242.27401238358277 261.1467062912104
247.17094145720216 267.31203338552035
237.85637496689571 256.4951525130748
240.74700622479708 260.20576475610466
239.74291680575686 259.29446171961956
238.33301843650986 259.6859504054042
242.7668895739708 261.1913057455958
238.3972236373653 257.9461063290961
232.8533609207039 255.48103474308505
245.20278090961784 262.38121596588513
238.68000206810996 259.43782624942975
235.30198431088132 255.3769668878464
243.41052142905426 262.46393606751366
239.24131434692384 258.11042614646453
238.45304606790245 257.8842463770141
239.75620039235042 258.22011125744234
239.52050951840332 258.8198622390996
239.85244332842413 259.8277171798234
234.27028537616866 255.92339155966394
232.7545470646542 253.1744454275143
243.50328952959163 262.09177645616654
231.7724730012891 252.96598723327426
238.06446172620568 258.1016536285691
237.2263018173162 256.6676512423951
238.49767208089202 259.0347600520178
237.22501744999232 257.75817697753126
239.3779511407779 258.40217385425814
239.09796280523224 256.9867752598178
241.55709246632176 259.83384582455017
243.11465735574188 262.0494085328044
241.93199046905002 259.8118851895787
241.03454604398186 261.8391625835694
239.05694814328362 258.8904345580711
244.64085388168928 262.6385532038579
237.9067281915504 256.71558004802836
244.09420127910133 263.3365490711436
232.5632359848786 254.20097684152586
241.532136769092 260.66444270791493
231.91121440491278 253.8111029882143
237.08132186685995 257.1580262628536
239.78515730758713 258.61186659700604
238.95162602838823 260.4641143927235
236.80037904572734 257.75067097796796
243.09901605086523 263.3606072860021
241.14636593824028 260.26187397829625
240.70557861561437 259.268817649405
238.76659836348375 258.8538739500183
243.26339743800466 262.0412687249549
237.04855583736847 256.6883311402406
236.10830320864062 256.34684280684905
235.3811338638768 255.09478387120956
238.94088567623234 258.9376071637392
244.3253655674852 263.04270157175023
235.45129627985725 254.5670706298812
234.0930619391884 254.36297696346026
233.874921156664 256.34757248113624
243.06482428538663 260.03707589886835
240.03052546230404 258.55789259107735
239.98437987897617 259.72422505665577
238.34381255166772 259.03165147488903
237.57244115309302 256.873046028944
238.24385256196433 257.55553310025675
243.13188896808535 261.17495052258994
236.46691882719426 256.5312406768558
243.35860353912236 261.84571840345586
238.2417512425511 257.7730776614593
235.6503225150233 255.90320998495875
235.69893474034174 255.02427625439418
234.91987688716944 255.518023152182
240.605539307647 259.0549634851853
244.142510314297 262.28118041746393
238.81633698046983 258.3934158044871
238.5333273441192 258.879650590366
241.06514534541958 259.08071284057667
238.56795782591036 258.7226591172968
242.38847788146117 261.71104428186607
243.24897947075044 262.7756556947272
239.41312551846684 258.35438262964334
234.51952020255874 255.20786144987682
238.8514612713176 257.2280504872798
240.53668594148442 259.15526913237136
235.06767199002985 256.2635724584554
242.58268225710083 260.40237954912743
232.19219253720044 253.11505020787916
238.664215505015 258.00684565896137
240.90533870364126 260.54592043950043
233.03668974509677 254.8972586327016
243.69739942388125 261.6398302174677
232.79608222776196 252.85564246065798
235.65689407075118 255.73366991345947
242.1056600145533 260.2191473310944
242.41820966663806 261.5123994994734
242.62016475693534 263.96456715614573
232.16007802497572 254.32715105399316
236.7195565735868 256.41911605107606
241.291479418465 259.32738749986356
237.79644326671854 257.76613680450816
236.81597774943452 256.69967553869253
237.02040670339153 257.378080002967
243.3152192817869 260.9879661324555
239.94308846607785 260.13990949950255
238.3595972299805 258.34172733763353
231.9211650899464 251.7142299366354
240.56460962487074 260.06822043855095
235.6117932786551 256.10442952742403
238.71908094143296 257.9105031143025
242.46022510858683 260.7892327849461
235.49962124054719 256.06910172050345
241.66937137188938 260.1301928784902
240.9458740899848 259.7075040235556
239.5613866648449 261.053667074892
238.5493692622097 258.1353329827832
236.1404077662582 258.8899698438385
240.67863644076442 259.5079129642981
238.8098376354071 257.79647258264015
236.11881270912548 256.37292638703
238.852942004313 257.0687729122699
241.61528453574337 259.07178865103333
242.41836305391416 262.07155749838984
237.7948613682734 257.71018490993276
234.0217354225059 254.05906463748894
231.2795205972042 253.24723473340714
243.209838949803 260.8903818026785
240.86930289668544 260.3271568016846
242.14350330504658 261.97911847905345
241.633684987585 259.9982497580684
242.0203354538426 260.8602395164712
233.80153431146618 254.52929749864933
232.28017668210953 254.2075310722567
237.59764866371188 256.58683654698945
242.71683509127297 261.0341548774292
238.2880842712122 258.0279358149563
244.59076088982368 264.4170240948278
240.32438490073008 259.92291568385133
238.3102211689348 259.00272261428813
243.98727388548028 261.8018837633107
237.32374788219013 256.67035047388185
238.81665061380446 258.7791107092515
239.16606216725043 257.89487799820716
239.5579782036307 259.214286080661
237.48284665919564 258.05329828352563
246.1837037658753 264.046897640751
239.08104809513657 258.99548542836584
240.9374614302331 259.44628028367885
231.99635209870178 252.28932447959997
243.50178578711902 260.6408798992975
243.39963383746425 260.85913894185086
239.4925702981451 259.37487866638634
240.60950283524457 259.43305347045305
234.22626791379687 254.90315199481444
241.84288405700082 260.87726909060893
241.0625878454776 259.2462053529915
238.52471383857335 258.1569492404769
238.67401915184325 260.2135362624177
242.72441213251082 261.8413032811609
237.5563294853822 258.8343611255895
239.43774699250864 259.2432380528911
240.30293063036584 259.73899828578084
239.5243017424132 258.2599886036683
234.012027941276 254.86709884039766
242.46980965766 262.0381078010674
239.73697926281213 258.4808693957839
230.1724495446707 250.7320194910287
235.502343644172 254.9564028996954
238.9567632821293 258.0195464477623
238.7991931576493 260.4299967873208
243.4066523941665 261.7973028547767
243.2458844678659 261.5271606511191
240.2772998479952 259.512877682494
233.94315268016803 254.51994556027995
242.36343418513258 260.5214894522148
235.9011376208555 255.90278201972046
238.891247226683 257.4538032414158
237.5766606454856 257.28711400726377
234.91890857597872 254.285154954808
234.87833069730283 257.0108913967311
241.9474376116256 260.79270398772564
239.68902996704404 259.6960140260284
237.74380751122047 258.5709446916779
241.79491060080062 261.2381304341962
234.28506678196894 255.18653065847
238.34486314978403 258.2056899267615
241.17756705230957 259.67410062270534
237.95111031360545 256.30227967346434
234.20437989152512 254.5474786180095
242.59457578897707 261.2863870951677
241.8536261377513 261.7406369687222
240.58130704836915 260.64504864734045
235.41822242975977 259.2567639189791
241.87012904917492 261.8849490523091
235.4483355393319 254.06934041801048
244.48191540152644 262.7740917371936
242.3682286395351 262.5643875797736
244.64551300595937 262.75037925802184
237.6191050333359 257.04776327006994
235.28676841007518 256.79349793441446
238.4470841022071 258.4283931118085
243.00532760659954 261.11489586177424
239.2983323842653 258.54517601881037
241.05082163673202 260.5712299172857
245.72435385623598 263.6318566372751
241.4515834454941 259.812777300208
237.32903778101866 257.74606238158924
239.51484117882717 258.04313159533933
240.34430497771393 260.5757143988994
241.3733395261157 261.4976328644643
236.2070770642824 255.40444023565115
238.0350471107931 257.0343163379166
238.26117235746196 257.8173633139467
242.50010968714219 262.5102778365583
238.71852197407065 258.41424157122754
239.8236565664766 259.70108584307235
240.28394183136646 259.0154448226968
235.7822681557872 256.7150111246763
236.84729106356562 256.152922728457
241.830850168785 260.7022984336002
242.08126017529833 260.8254631675956
236.79126425217075 256.4651483223457
241.64288815255432 260.0242504053658
239.76902814995702 258.7638244338545
241.9712617439906 261.8073101079258
242.2015015386801 260.8744129461429
237.4221836748712 256.82628249627174
238.13540477843108 258.11805682807227
240.8735811165624 261.5192289045251
235.829398865615 257.1264169481174
239.7151878589036 258.74994318538114
236.55385948569838 256.7143049057969
240.55536628795434 260.46353273274985
234.05226218108612 255.36023059223348
246.29779560503454 263.4315766165636
239.5736826128119 258.87270295668674
239.74563203151246 258.5980890105992
241.97882478359224 260.3126188044052
237.22660079181628 257.64403811922705
237.61580144380466 258.47523812073445
236.95370925911843 257.845551576488
240.71026536800392 260.8252727992083
236.41567261197108 255.63497388408018
238.71178318659653 258.53650908219333
244.57569057663855 262.04612840774087
239.1859151874397 259.6450187892917
241.2777146937251 261.25362415366226
241.30759135515896 259.97702132469584
238.6322531118838 257.86192115249196
235.315617446733 256.3528185071668
242.0830218897003 260.2727698157679
243.6214090381834 261.3241997614847
241.1869239315481 259.8646202133927
240.42504857762594 260.3833590212283
232.92966915978445 254.59424967635383
242.77485149012625 262.55958259394646
238.6270854520747 259.40978758719825
236.05079002279817 255.0628711247899
244.85604632789511 263.87141235258576
242.75841152875356 262.6059517170759
237.88497912659201 257.7169380736178
245.73655793804102 263.2632245075811
239.9506483275512 258.7088433454329
243.04666361446093 261.8736798731408
240.55209522595507 260.9117740344146
245.22940471457156 262.63773004188675
241.32544761260937 260.1883936951098
235.9163046255594 256.74725192447846
241.8776246336297 260.9457900863349
243.92298094268594 262.23907612492724
236.85888899815913 256.4431583935486
237.61084863025656 259.0776588123054
234.17225458616178 256.11631232877505
233.74774244959454 256.26649296338616
237.55247167775585 258.0603135969623
243.76717104030917 262.21328664062924
240.85274533253832 260.14107864160746
236.34067751615945 257.5745474322292
240.54910141226313 259.45267812347186
242.57908825623528 259.95901250569415
240.0073990024961 258.9946346999699
243.8573752482837 261.9410758094514
241.45194399586015 261.7083741964231
244.67400925445983 263.2951069289094
242.71085964637368 260.23126332709023
238.7109802900771 258.04762484858793
238.00930970635437 258.1745049242047
237.1366935725928 255.82081190683627
237.84844552750212 258.4077128702319
239.59225067481955 259.02961898466424
243.95498588857433 262.71085195397654
238.6342787640183 256.64058262049076
238.27804412962215 259.66871956068155
240.25423769219853 258.6650825053038
237.93106069946376 258.9905396245971
241.3784073500414 260.227025299375
240.95210977508006 259.8558429031233
237.93807002041714 257.43153231275846
236.89035084593522 255.9555747463101
236.72342166790784 256.4706384117832
241.2575890556924 261.51397027624824
240.34003025728228 260.1706043885878
237.25621914565917 258.0813982033424
237.90610057034792 257.6363778448205
241.84991372252986 262.25538663611803
232.72213730530405 254.0304297803707
236.9719884966897 257.0874361685584
234.357388683594 255.69847491835844
240.34872101060026 260.13435636349107
237.71544367277468 258.727595900722
235.67414893052066 257.3494622769877
237.5632851798241 257.3056588346677
243.95974745283536 261.8089716031425
237.2776357659379 258.9103394720922
231.32948010083672 253.18174441971212
238.7061894407381 258.9872777659379
233.86477262257526 252.46830596079414
235.35572775349263 255.8272272759156
242.34437921885248 260.78510254442637
233.71600254850154 254.76609191442995
236.110032364749 256.59962976855036
237.9151309379587 257.97225043169885
234.38561311133952 254.09878800187678
242.6169960375386 262.59259242431193
236.73319791736446 257.81316767786666
242.6235714841213 261.91675969908533
240.59470795551772 259.44848997610785
236.40750112681764 258.3078620386225
238.33788020099834 258.109307538973
238.34988428352202 258.2701942410509
236.35741236513786 256.17105329307446
240.06396217289492 260.4529434565538
238.40934079108305 257.92924744716174
234.1925615265683 253.95430802285858
239.36452536594794 258.13547674493657
234.2121744247537 256.1750727436519
240.1998229709307 259.40191974674275
240.3851876490377 258.0587806803516
242.27869496427266 262.2208224840307
237.9704858618053 257.49364169777124
238.06427579160274 258.7026379500491
238.13069201306956 258.3224620938062
238.33837051014652 257.3891001463434
236.8468038526298 256.7707964959177
245.540775125045 263.40989141839054
242.41966662663796 262.7987520721529
244.69461288978604 264.29275250670753
235.5742484627206 255.16820138996542
236.66716764041726 256.47750357472876
240.23442594321952 259.23595758971356
237.9910651713292 258.2517963871766
238.00719380237422 259.4255254809528
240.61949132378433 260.0221567536953
237.48476960284282 257.42016193982596
241.5321058876509 260.9903146559354
236.2203812150296 256.18195049128013
241.52109458780757 261.6580230042018
245.95086335290182 264.0952484121289
236.23004928959728 256.1739539684229
241.65677527849672 261.2338305042504
235.41992444318777 256.50008740523197
247.84308975705437 265.18704091539547
241.0112854228203 260.87695098177824
237.9667065434373 258.734887238672
238.4775263634255 257.41259192205496
242.55074815634146 262.1616435450522
233.57472873366333 255.2368744084439
244.70067403397678 263.5695817205545
241.81409221176273 261.48444272619577
237.6042508015572 256.72230936728226
239.65302943812821 259.2559170252825
244.61342452223394 262.4970138983955
232.1274069528904 254.41405860551703
232.86102352881792 253.77565607473937
235.05480799148046 254.5828327375576
231.09699827071626 252.90785674326185
238.2108313939006 258.08154723611045
234.55102154009916 255.5898638237872
240.5218640637247 260.81944135915603
243.93522035589962 262.0166239575261
236.67100938317276 256.8003967525707
240.0322253240907 258.3828649361602
237.21305508653586 257.7280563271706
239.45457281536926 258.35693369048056
241.8710242803538 260.0825684129119
239.2945353699453 257.23836769727967
232.85015301476733 254.10674777831645
236.60446642337533 257.835427621483
234.24264639427398 254.90158996675638
232.42704096605553 254.65389541759725
239.15526291998245 258.92021681125965
232.78713895429155 254.8023425847265
234.33258892927546 255.8828770456999
243.18897406882888 261.49631594265543
237.6185444603348 257.86546853890695
242.58598145174255 260.0376432516181
242.75514830519867 260.7306071164315
240.84860284631165 259.92776520857353
245.0620515567864 263.4257765612113
230.29916259850378 253.59474399905451
238.143461347137 256.7903542704958
235.3419295348388 254.74362828149663
234.44091767683065 254.02727862737393
241.48841950854106 260.65645656359135
233.31437358102409 254.17832230522023
237.0174200327317 257.22269928673165
239.05476436713926 259.3870079649331
241.30668303527565 259.1321715109188
238.1502639034825 257.7186747608957
243.95397695711657 262.0916173977585
240.9373109482022 261.20475683940015
236.50876941896928 255.88134172053884
239.68277707291477 258.72632311653825
241.66093186109896 260.5478543484767
235.61119504298668 256.2153796422881
243.79590088321925 263.89923129891264
236.62985599021695 256.25164739904733
247.22243480329448 266.08391327583143
245.0180846370872 263.21582447181464
242.40233544514405 260.2063028249935
243.23889773619482 262.191995088709
230.17183717069736 251.2179697623662
242.42326795796097 261.12182308763283
236.3793228192564 256.0264212106678
237.04418051530396 257.7268973760017
242.4829802899328 262.9058596108405
236.67798017498555 258.0522536202167
241.75002991572197 262.0535214434391
236.8640414641233 256.26397883853485
233.65076811482174 254.48567055576424
248.59319623922124 266.03620763790286
239.47120569304508 259.35238167153784
245.01859367713544 263.1120089308593
240.0058939137585 260.2640428008523
240.3604284751607 259.6767877054862
242.67295152330462 261.4439579142518
241.39198307883126 261.46858741239845
239.084497659846 258.7516262240626
241.13012310390468 259.83227188739903
232.76826039426325 253.86191062022817
230.1063425523838 251.41484835747482
238.716272412611 257.51944779811697
240.22214238239334 259.82043558275035
241.62702958970158 261.215423457521
244.89046009511185 264.0356060903074
244.15273324444848 261.5254233326291
239.9576322919827 259.06510751365954
236.27455879191584 254.8106713296838
238.54656864955984 258.0186142222798
243.3296815301815 262.63076960861963
243.88552879649544 262.08214351177594
238.93815962989692 257.25177640977546
240.74268770162024 259.89872452680294
240.27095458344158 261.41103077055703
237.50356621530722 258.4756561686044
236.36340606118327 255.78684887852006
239.17357419847005 258.7245179274073
245.943997808076 263.40472944641544
238.89604429381072 258.3393360298079
239.52094408957188 258.5133633839836
237.97292799497225 258.58771857885625
244.6807233884799 262.7464575616079
238.3325689547662 257.4346388597648
240.80692850071244 259.93766118128104
241.08011704408787 259.4663862954146
240.86366277677334 259.4966413536449
240.8683408660455 260.3539047262464
241.66456349852308 262.1531965542719
239.87539016623825 259.95807494245264
247.65412127540597 264.1743680627826
243.97527394979693 262.86300590065315
239.1215562327567 258.40275805445384
240.50893494543735 259.2016606678817
238.93958388519886 258.2615497230416
241.75689808862296 259.15982851510586
244.08806355186158 262.0696462315965
233.5683868325824 253.56883989089872
240.47009613883628 258.6131472721394
243.33276100882247 261.82458779349747
237.59768093495256 257.13325110422903
240.05310670319997 260.5324786376211
237.61345255452915 258.4605978039711
242.66518840105846 261.62591335903966
239.35113188587272 259.47395718811947
246.83027643357508 263.62119234726833
240.18060866504268 259.00026224912017
236.75269873666443 256.6242149664504
236.521366497433 256.64552495440273
236.47207788799605 255.44068453082255
243.3107135909009 261.7388216969756
241.90171965489256 261.4320465026646
241.12355713500912 259.2403502815923
239.29579832508597 258.9028361755822
241.86383331960124 260.7406734073541
241.79825670082292 262.2982243566995
246.33970365016904 265.676528565726
247.1600264197144 265.41014602546187
236.2056016131858 256.3455297815925
241.0120936709793 261.1863658256347
242.03248964536152 262.5938647270193
240.00811748963915 258.92865082987316
240.5264308596477 259.31682978020933
240.59863546086555 260.02183286502395
230.70723129279935 252.95662398098005
242.13212195295134 259.5427349863392
243.32677418001558 261.966757439108
236.31564875479864 256.4296170971817
242.7337213734627 261.1093199921606
241.54180316985787 259.60425260106484
237.52402471475975 259.30745349521607
239.51297937987692 258.69584958231434
235.7173890483311 256.26441989259536
234.74637898272903 254.08241616610337
235.6673070449904 255.88546290374782
238.3331519026289 259.51591399414013
237.67820674577473 257.00529489943585
237.80816518883083 256.7934917674335
234.83401027126476 255.2634722549487
238.59840011401755 259.8756039858291
239.70509261719897 258.9127254711508
239.28974125100285 259.45085501345994
242.55525174170683 260.1781829419602
239.85686762921395 260.1331159850559
240.35243030536802 258.41353328786334
241.29544444766879 260.9773382260461
229.55362364160572 251.18458661645715
236.54276369185592 257.25805849580166
243.6330463515099 261.59540208012044
244.08805835418792 265.1806018780522
241.35670062911257 261.01181310806084
230.57289120166743 250.8925394629392
245.70463032329246 263.66939375809204
236.8813812444083 256.34792261440526
243.34676050798063 261.4221870964263
240.70694716663385 259.9219110496005
234.0452745966439 254.32293359121238
239.3875649139737 258.07451564505186
239.8331327936084 259.61532309223116
237.1444994851088 257.31103399356965
246.53618820045884 264.37476421727035
243.5601629680775 263.51198401162515
236.4408670349299 256.2152539321699
239.80134893279458 259.5364650736648
237.62162805541004 259.08815708526623
241.54480757110298 260.7247195821911
243.1682828614531 262.445303309542
237.96477328317917 258.1039114390655
233.35484290756216 254.05357812515163
237.89853633003528 257.3507337369448
237.77386422681036 258.10491278828533
242.21884069892852 260.29507409075046
242.3379165282463 260.60653683653743
239.7084061835455 260.5044726149526
238.3130092216232 259.79509309240535
236.7999140321181 260.0014236400381
236.7600628506841 257.53673534355363
240.75164326728327 259.0331942742226
236.96773475234266 257.7820166899916
230.98173096784365 252.0558963791973
239.31176375948556 257.459280562974
242.78225905791805 261.63424907484915
236.0264556170387 256.4058647351337
244.5437879516738 262.35630403124577
229.93080334401515 250.3634440249921
240.83079134579376 260.60850384615225
239.92641279406348 259.49052680215095
238.40794935782532 258.38569741217015
234.27496913503532 254.84315929622161
234.92719569913646 254.60817469865825
239.72063848514887 259.8168337245024
241.65684714352165 260.880061770748
235.5675943908547 255.37149565230376
236.90501435474172 256.46826013946344
241.08442176722755 259.7120958482932
243.3993970531413 262.31648793078153
237.39311707783247 256.2767060280249
233.1351014585799 253.95562196010152
232.76240469064632 255.2702750495017
239.14461954772938 259.1996494897604
236.65575406188907 256.6768408644115
240.07052703725492 258.4042650569635
239.36163477221757 257.95713598174706
239.39130962916713 258.8017155349201
243.51185570705874 261.3180749022012
237.35550533406908 259.5741633151117
239.37727489635586 258.3818299189513
238.8958114359769 257.34369217278817
239.02791290403601 257.6974835703227
235.00242468891807 254.18337015495356
242.0301723949843 260.53922257519656
241.70695289990047 260.3794540653476
240.7933832625151 260.5541470651068
238.01042647262432 257.6957081963193
245.04777923144644 262.59773662758863
237.8114511629976 258.2724203505848
240.19184402269912 259.48648910300716
244.35718209575526 262.90267805651644
238.99180876800352 259.14515583800045
240.26384893006795 259.94689622065465
242.5801333032531 261.6142124916433
247.80493742131003 264.8172349366248
244.96994957781325 263.3632019733649
238.100577865743 257.2758513133695
239.24502116970254 258.8214812206955
