234.06649137051633 262.067013756783
238.5158064603385 259.00912976225646
239.70069282699453 258.43108536872467
243.128975835847 269.85103500178184
239.18682193721685 268.562983559066
241.9476481777143 258.6900889869994
236.22435210482163 258.56480299855775
241.33622655822836 260.0526546254392
228.05692775962825 288.1697744748346
229.90584668523107 293.6544488079817
238.58348405251365 262.9040356971621
243.80876126940083 265.2795198046079
241.3854004401897 266.4562222985487
247.0164798866127 264.851382830867
244.6404350102897 261.44550058504416
246.327584788169 267.7891695779563
244.502358717425 266.3003643718911
238.78620922530465 260.2842613632474
241.72682543608323 260.15793023839115
240.22853384536313 258.0232117791076
242.81696537357257 260.9912523997927
237.24664824756113 263.2190004005094
240.71944958235622 264.47794613734544
239.8147506245342 259.0316304104154
244.2760332744667 271.74047042617866
239.60207005310656 261.8778395017232
242.14869347190998 259.59935139782993
245.4095465663294 273.04057203630174
238.23645794619233 254.65830704472992
237.4354838253216 257.54620560858183
239.98586840991084 258.86161180206005
245.89969492882327 270.17170434956137
241.06799068193644 257.34434057982475
234.29091813655134 259.1542001650089
239.9784987408433 276.0410911655365
235.1128063651008 265.54486576270835
234.02593562747396 260.3116786158471
241.84805526692995 265.46773749011186
234.8837560484668 260.0825004244163
242.21745631886242 269.4186454197445
237.3311880896628 262.5433283126321
232.66072315674344 261.95001309972406
236.97853940064013 255.9245855079566
243.06647877013938 262.42618500370065
245.09180088251108 263.78760635884004
233.40218631637057 260.7536331712904
237.79156964585206 265.4141343014617
243.38421019857947 266.3376210313245
237.74294644050215 258.8783739926125
243.81951457331834 270.58206946667656
235.9895061445321 261.8054139970676
241.05389931134007 263.7608538297557
241.4658510548812 259.0080373301186
235.6405825802625 259.13557707622925
240.7652140070617 263.84720958624985
237.47118162502582 266.77870928292157
240.4478682628423 259.8441347747453
240.142262739855 260.01511786538947
234.48699944966162 266.3837215075264
240.76686314878603 261.30223493081525
246.22701921131662 262.51700281326686
243.33923758244413 265.5246042890702
244.4307255636849 270.0241904783778
240.01153768330363 261.8108547794441
241.7784439609938 262.6422943768708
240.78050935638984 264.33261038342994
236.9522333708596 261.87392523276213
247.05133543015086 265.14221943265755
238.31877502356002 267.8490390858368
235.059998808717 272.1814762046388
235.4024818426381 255.8731117744857
224.04431215498641 264.42727557252675
236.23385185924613 270.101967087259
241.5144609903807 263.8244110811346
236.5864718083761 262.4411534760559
242.00207380597922 256.9981160906627
241.92704130874617 266.42069333464036
241.0179450449756 263.79146105060954
239.2858985456564 264.2703316068533
235.75047169041105 261.493435014594
234.74720786712427 263.9002595655706
238.03836472633105 263.85597834461385
245.6596545848841 261.2545922483986
242.18124120199255 268.7364138708354
232.27886758285428 259.64153982860535
244.49866296832465 263.8248529135618
230.8536656964919 290.5627886567793
245.81249972495274 262.49224188712924
245.18115364970726 263.75914569535973
243.6660974294091 269.94188814509334
245.21251824469456 264.27533808238775
249.193455593782 264.7972577422622
248.22991871314224 265.46960597419957
241.36822733133812 254.85911284489555
234.27803906609068 274.4241735207474
234.36722651183706 268.95083852758216
165.27157021465172 309.83640545058114
236.2322213406325 271.4494396437426
233.14063676629308 256.56967487530994
233.16125735705106 255.02206625471368
244.6585520855587 263.2424301460235
245.23490294532746 261.8059077674611
241.29478422379236 263.4802521129122
235.0530185280366 285.48053309242175
244.70159192232117 264.71587290969757
237.08841343314938 264.09387812330294
238.31866303147947 259.3051490671866
242.3218478890008 260.6977971469401
241.0776407212931 261.98167144892335
236.51560971515485 259.4011920685013
236.00618277416496 257.32175335454565
238.16672666587067 263.0459843647452
246.36000025710052 266.52256976782354
246.08845747052086 262.5223249104722
231.89556916185023 256.79654302583003
240.1823131918308 257.7916867896501
237.5375767515624 264.1584942497032
234.0097424438808 257.6878132749031
240.22523098596238 267.5057755723507
246.61432644758602 266.4118646664398
243.58584899826917 259.55991444667967
233.3995119624321 257.7264363533875
234.0386259527138 259.7802628354238
241.84749924245264 265.77230132882204
243.26797988012794 263.86085203780493
235.5888455027918 256.95801344984625
242.98065040649192 261.43861107311363
244.48934459818474 262.8070120785642
239.57188323275986 273.9612109320464
229.93915570716243 267.18181860326246
243.04645530366048 260.9675523818228
240.60635950764149 262.93250952424887
241.20803610407074 266.068625161576
240.75559963010178 257.65670315833916
238.5846830941982 261.4158903016017
239.9299627627259 265.0136665915858
242.4363411766223 266.44051034891777
231.99808104048998 254.43945633701574
244.07511805970682 263.10925990580995
244.8091479454784 263.97797102028903
247.05103750247065 267.4731975057446
239.26484188378572 262.29322409394354
236.59003612099855 259.0318863178208
240.60694737535187 259.91146177952055
238.67527510234987 270.3483920028867
230.8295859624808 262.1093961333097
246.66714073483928 261.5775363102472
236.23976115110622 265.7219810517024
235.6757093321245 260.7894883745211
239.58834355196547 261.6370232994688
236.14872597951023 267.88808801476324
235.23094234473587 257.335801058164
243.7687259179713 262.0461694975368
244.0999351859419 267.9052859726862
238.8882386382049 255.47830019735522
243.30537558015735 264.4155031641963
244.04227649863654 264.48426362106676
240.16736469216923 265.1452175731475
231.55648020325458 272.349225743761
243.89334253612088 264.8358590236026
238.648294879351 263.6202542245366
237.96404518909054 270.03991884844083
250.3422852105086 264.14439378123285
245.51809112041062 259.17998401230795
240.99587242956335 261.8472876676612
239.14598969607724 261.8222509076637
239.8880171910001 259.61469336858
234.3334291460576 266.81536148940774
240.9267882951918 267.11955088201574
241.74295444983866 258.3603624274948
234.52871326627857 275.99481430879734
238.71574097843492 260.567609233979
242.29203712891652 259.9861189900475
238.32533286067473 255.7946993590278
234.44487002168603 256.3876265712792
235.10577870917456 249.86522167930255
240.97115082926155 260.3243232101282
242.62781194400654 261.98918198800243
240.426970567059 261.4492784125445
238.69463461322863 271.0102163306541
246.77506481646404 264.6469968232765
240.41560642333496 270.5561105128151
234.39706672919684 255.28848319573416
242.89787668432652 262.3226957185817
241.35269927449755 257.8647785028863
239.17511455553583 265.15715098115584
238.24731435610815 261.3231299193942
240.35788515482366 261.95186120966537
241.46971398783566 260.9299262379564
242.948615753296 264.6219096582701
240.96259533992932 264.5240919698677
239.32868108084958 261.93227269039465
238.69832825267056 259.68925671752163
243.92085685827615 274.6807053896127
242.44680427365617 263.465748632664
239.80777963391336 264.3691812740072
241.59895244127108 262.42407333235315
233.05808710992886 271.1957349867253
240.60384756343595 260.41668395690226
245.16388234159584 260.27968726930624
242.83083917053708 258.8320798898094
238.96921898640537 271.0585098962062
244.31778944032064 260.5865992888805
237.69594864501977 259.0672428467316
239.24768115949223 255.55695930500684
238.47958971946233 267.3865803154035
240.86386747714988 274.57936751739624
246.76015125149524 269.11269741238925
246.00730960400927 269.531041907308
239.6039660971051 281.0159775163698
243.78311974460306 267.2590135367318
238.84829379491958 262.2310849746845
236.41656226294825 269.48991469342747
229.74162328575807 266.225596827263
242.24635361754898 260.9479016077894
249.98009163718936 265.4305316621706
241.09640506230278 255.73100305196309
247.79248736343658 267.1206844309826
246.64827195171853 262.73191581453136
236.7856496637748 268.2710913853381
242.15814073478302 263.89239838051606
244.89834063790963 266.9783302940857
244.19368851389643 259.7311638302154
238.17121089455293 261.8897029661835
241.33585021658806 265.71049141491983
236.6715309690133 268.3938179163489
240.8996116306711 259.64197962152696
243.56461781703385 268.54411752191544
241.70635740346415 265.50753630037406
244.40145435852563 266.69593693235004
242.84403931426706 261.4292017363456
237.2321632644769 260.9041182929363
241.4264121730058 263.07065302472904
247.08225304938406 266.5968606721591
237.63435013425774 262.2482225712205
239.04719386048737 260.2019182936443
240.72856435544674 270.0256117264572
241.36026948269406 268.6320706659465
244.99974603707508 265.1603881006078
240.51220227852056 261.48306795989805
235.16437943022933 255.578642208327
233.4166332340802 261.426218780321
239.8242750635511 260.0068461931502
242.8319007296394 264.8351085893461
242.79131044065903 266.9360077660616
245.35556106698252 259.96711409082764
241.49036044195068 257.3134978740902
239.66377440822558 258.76669837601105
234.8274616731814 252.81157423866162
235.2191436674266 263.8270687237021
245.32960730475764 265.3608372422041
242.86477476089388 265.68844437504896
240.0641525551661 259.29603324449585
240.886190565681 258.82931882563474
239.56649071413318 260.841605706071
242.9952624299831 260.70296303199484
238.98524935144448 269.65400285448294
240.42582372206098 261.76608881295044
236.92842944534965 255.45529872973208
237.80330892546021 259.238946056519
244.23051700289992 262.19682132849766
241.15117633874738 269.05804871674485
239.4493880479091 276.4467923168782
234.83034278990493 265.7079969962368
243.65328761613725 263.44729764342685
244.359197312595 264.9520879804829
233.575226884582 271.50678430030024
236.09928222585998 258.581057296384
240.83070714296903 262.46347015750644
241.81211920214673 273.9356626118013
248.52010778410082 283.69577109087265
239.69274953838368 267.8930045567192
241.15675554311306 263.0617523155183
234.1487116285943 265.6934000564773
236.73779990374155 257.2550543996584
241.82437674346696 262.818467152074
247.37043460369387 265.938124705009
246.1871202535287 260.16751207085724
235.54549437142725 255.2806018799942
248.90749484970505 264.43456024270444
244.90252402433572 265.31776474432445
238.37906409439742 263.86833401795064
235.21741660208122 254.94765787807054
241.74912080466095 259.7889099788058
241.13610603848372 265.11738899661725
242.9818537467714 263.0392070772943
248.18344955750047 264.22346679761125
232.63802176774527 279.10165800528944
236.7673996315982 267.96682461496385
244.5213985687368 261.35253536521685
236.59871648680985 256.90809089269965
231.08059184039797 262.76313987296453
241.85845795091612 264.3545736230513
242.33317952755593 261.51004124703854
238.3625228434987 272.41827668939857
239.16753142408356 261.90577201095397
244.7792826899483 264.63873297080414
233.0801538539457 258.7348846513362
236.5051520198708 259.3033401562681
236.21639278733684 268.0581512383419
237.4840306834664 259.97770946263006
240.78096457347561 256.9172370323219
233.5933245935639 266.34762469577066
239.46580091206206 261.50673067652076
242.80938691341777 261.8452054439418
237.29187272555376 261.64970404970825
239.92457896971231 257.17868872143265
238.92190472805282 261.1323124181581
239.3804131291088 258.7135069215397
230.14922067904288 285.40622540229845
236.19302560463927 255.4157271670564
240.73751858383676 263.33654852748674
248.5552292271011 264.63825274791407
243.3050484319916 264.5280800138882
244.38010043681157 265.39462662555684
242.58239681940236 263.64643691348357
249.802073128439 265.38333876669935
244.9931615136012 263.9770883737731
135.93739582810855 300.2463489501107
229.8164838909707 268.4319906274111
236.34372283448394 257.98614232155586
231.61131646293182 255.93506943046353
239.79894235814402 259.08263151146133
237.69522236200729 261.7464566079769
246.13214066898416 259.6092018718487
239.18005395013023 266.24036283900494
242.4435314526473 260.5486165544554
245.39920528237604 266.52752237676907
241.6477711982137 260.67802316426133
243.10970102657092 259.56418459703866
244.50642660257643 260.06354540850793
238.9126490696734 254.08638339588603
236.99949784223347 260.80246082281985
244.46692955069386 261.54591738336194
241.3813351682538 261.84086536132696
235.76974698563427 258.02027343339324
235.9170812987567 254.812768439857
241.99501106548828 259.92958463039616
240.16739197187977 265.1738286835162
238.43018909703585 261.7541669609299
249.01486118354964 261.4041414441959
235.97897156277284 265.4976253550643
241.52766676565042 255.6383502898082
242.90617777957036 260.38796459008034
245.05730233968796 264.87699248881603
242.20295312857021 266.8338924103851
248.89066714781657 270.98849550408397
240.95928652010807 260.444553997427
241.44634954586402 258.6466987261507
240.6652852906909 266.18021995727594
240.22936220420775 259.5953123103155
238.56327006392812 261.2297832140899
236.9781854519817 275.1571779067129
239.52387756199872 258.20654176564653
239.4036743093217 258.2578678840894
241.8539172007547 259.5495236618045
240.53068962060183 271.5241830636857
237.74487226591518 263.7184058175577
233.86919642441802 283.92879336028807
236.99245558107805 255.40140840421896
239.93851500132652 268.1700012366916
240.0401211150613 265.2117329133553
236.42607082804471 254.04361732432966
239.5264039200872 270.63761159673857
241.06101664950535 275.05947143870293
237.57224251519108 261.9472690005146
237.16976849882124 256.8794023707088
236.8444274179668 264.13519222689894
239.15587234560817 268.69981088173625
238.24046664275068 261.9386689438357
236.95285287764932 256.49178438460655
241.60124292954367 266.10597281726575
233.9239841524751 265.03606737942914
240.0842606012338 262.43939802224884
246.9246764929223 268.41722050684564
233.38276046592395 256.01332788132646
238.07346535684118 263.3714014995873
235.9247219629156 263.10411556359645
236.1799509742941 257.5788668668203
244.02301811096075 265.75129235859885
236.0129097957235 268.0230379478393
246.70995932319 265.58453117306647
250.50906938987788 263.57462080141954
241.83470664463616 257.8186215509849
240.7399316829466 274.20568040356466
243.1995444383618 262.57459416887394
238.51249732116077 266.81008260817924
240.73869031537438 255.76833787578883
248.27563221331326 263.6665313285996
240.37503134529143 259.39548078534807
239.8186542575676 265.206587809541
233.32917391026942 269.86371623785413
241.40997614750822 262.3161564044221
237.2004996206026 260.84461776781706
246.99001428498823 261.69551672046
247.02525199116462 269.33489294148643
238.16052151520023 265.35408344999416
243.2005709196771 262.2388109163726
246.0242476328409 267.99737012285567
245.4877724368877 273.02251173998843
245.94666386966662 260.4349123253678
241.59323246349433 257.21783560548477
242.7439517617862 261.44998300317997
240.95072560599166 258.52832214406794
239.6814470425011 258.76446376115837
238.1621800268958 261.81591931286874
247.88710424954516 264.9376763724355
244.9988991521855 262.32454413701305
239.21494827906253 259.87942655323656
236.155600096755 275.39773435736055
238.62550213856943 265.2536802765354
245.37950603914854 261.6842808608527
241.9896851790345 257.98981981402346
237.78240528798628 264.1156452634176
241.65284251880257 262.8530614302551
230.43757330845688 279.96966179889904
241.5255811953923 259.77121014821705
235.82984582068642 266.8659017786069
242.08302065640478 268.21384408830835
246.89000241481642 263.84407958873413
238.91853610534457 255.33450256606747
242.5878209008798 258.1928979615213
243.21764970795812 257.51853810191784
235.4733310019478 258.10491613341463
241.57025816580153 275.16123408854105
243.99210000350925 262.23068318764075
242.08812889244226 272.49477343719144
227.26591417407727 278.6399215339432
244.56436981776255 265.7134307646658
240.72536931304543 272.44377624500726
237.11562944443168 261.3637090746694
233.64818082266783 261.7560293874325
239.57220258290602 266.9483802108229
239.70296902335485 274.10121086741606
241.7523424836088 261.36859946617005
246.25615508827494 261.8573007596848
247.1799345228457 274.4664134461701
239.56058493130655 265.0570865450081
241.8202868437672 258.32068012367324
245.3127964081577 268.640609675261
239.4803831179628 260.4220439914571
240.73210980655523 259.8905005984372
238.9201408238202 265.3559844487966
235.73476149137204 257.92735487183137
242.90004708382997 263.4279183517998
239.66117835236304 266.3436962802891
246.95556259185352 264.0989165684134
236.42334194151096 264.113911062163
238.94595997656666 266.0728313390853
239.54947391905236 259.92748775352567
238.010837763713 264.7514798592356
238.118118845995 276.56386397761463
244.90936587490677 265.3055680230178
239.35224317472264 277.51486859933556
241.98836511596332 267.78504350303047
241.35584313034087 260.1821583625835
238.74387095370886 258.23031336988083
243.8873569738399 265.234010634815
237.58317803527646 259.20790114533537
246.6089799132999 263.53664314646966
243.40990897616396 263.64296197039647
239.85513422813722 263.3015846351827
237.7305501083357 264.57773503064954
244.72391897454614 258.3730970181909
242.26277584350478 268.66441006388425
243.74075585004474 263.63427361569177
236.85815342367516 260.9104048750634
237.42928262944642 275.7959467423815
237.39265813602756 256.95834296365547
243.11738003226657 259.6295683587577
244.74699322773105 266.9845688141652
248.34987041254558 261.9596704008768
234.22570679920582 270.32810604362606
243.012615742337 284.44887365270887
238.88284406892393 268.90252952503363
239.99865445737612 270.96370792833267
240.364480085297 262.1222271454686
240.88576877148043 264.44434402310304
241.98932029026537 261.71660373322027
241.91485188553608 256.8328363289249
244.65193114567268 264.23805771503623
236.72073745235295 264.6080427767834
231.09231096732123 288.00513748810056
239.60371330480885 265.0152723792206
241.20166703097155 262.7442138269259
237.99461116307356 265.90647067159927
248.0232390005137 264.8602025205274
241.84640686912516 262.05523796110384
238.57717029195157 258.60738287986004
244.90384361252842 262.54083482017836
245.74177463841858 262.5028523702844
229.07649547574835 257.9974331564087
243.16850470214482 259.20562979513653
235.00412497429062 260.974064030908
240.303210375174 264.87813882282035
245.51791638742554 263.9276005215056
247.28967202847153 267.6861509537694
238.26533221213634 260.2338744689206
243.35224645315535 262.27398969085414
238.72889266228233 262.2181611939987
242.5170134811885 260.1060327532631
244.33509583047248 260.2599546571325
240.7967334703895 267.9550902959103
237.88021899514783 251.78911158025173
236.8637991974466 264.0730768421223
241.49421867739858 262.70470162051964
239.3928874099991 264.51706048069906
242.9984993862914 264.4262097126516
241.57304629392942 282.65052623132516
239.56283136870687 269.2746820783415
233.06873863286012 257.785815778993
236.9069697842253 259.5012055977679
236.6826599242537 258.8612946729903
245.44950607475516 265.4643251233153
243.2505430406554 263.2506318507911
235.39939820907156 262.52154794557015
239.12679585013703 259.17060730824073
238.67817727374566 254.88361254324184
242.2473713705781 256.852222633543
245.1290974742376 265.34691064481405
241.63095547812995 259.12708354736156
242.34661040042656 261.5623424695835
238.36592905442996 260.123328238175
244.03401507423467 267.6852737315615
241.89849301523373 262.8612868575817
235.05731820692736 261.6394309072755
236.01656194328166 266.0256098893006
243.85749466417437 274.9111359755714
241.07129579264316 264.05126347738684
235.86198874278236 255.3258718980529
246.11145303001805 262.6490209764312
239.497523481844 269.92865359923394
248.1964987692765 269.36051549907677
246.1720979846111 261.4196650625647
237.6992122973067 269.5797609815496
237.93187730395886 258.3279886690879
246.13939907255633 267.09330194813725
239.34309839710585 260.4537134024651
240.64610989173823 266.9708589892555
231.7145329988677 260.8854024829989
238.02608662854183 254.3894000378974
238.54283231587897 254.0641671960822
241.9381648643977 269.47652646057225
241.93059938449596 274.4334669731969
236.11622505536604 264.887344835542
239.08739486295232 262.4832092081083
236.33730531289672 266.1126129434173
244.54441417127083 263.82225867556986
242.03638290972566 268.7048528636137
234.1472548177966 262.06224802899516
242.32622489233762 267.33738380546174
248.99940781966166 266.6651339691374
244.1410236906275 259.803900942546
237.6913915798391 270.5057201113988
241.59157645192695 260.78591770036934
246.44985070180263 264.78972836492574
241.1711846148217 261.22234445999476
237.7411562505789 264.7162827496423
247.5353695581619 265.9830694020596
235.7285686394428 262.8312186428086
231.70947590004778 267.59623536152213
241.51478817139557 264.41067876149947
239.3745687304688 262.3359189223739
242.72219282804747 270.1122124325988
243.44818425576227 262.9544200294126
242.23790136611734 258.26897482873005
239.47465558581445 264.87211184596146
232.5011726701019 257.95000152269677
238.21115189088354 262.25130431633283
241.8591475590345 260.9195946283088
239.4579120198857 261.1087078802223
239.60077156838372 255.98137688183235
242.7268857317647 262.13271059637464
119.67913074368214 304.71220731356834
241.7396389428469 261.0664490390678
242.4573369401666 264.91486948712105
242.25379588426816 255.8976960936797
235.5774128326084 261.1129133260445
240.33948533999086 265.5764864177259
244.69954322741097 268.02732892038415
236.6453257632859 277.38647182266084
242.67710300552628 264.7585581367049
237.83809053621414 258.7604851123012
246.32854489380904 262.6600218679743
237.27758339276704 262.08962745443915
230.24724316088202 281.0053129423813
236.56433991922532 259.557346278728
237.4331612882211 261.49336752639664
236.45338501975854 255.90827038752863
234.4966479078627 269.48594486807775
238.85794696213497 283.36563766003286
237.36143480452483 256.7288717560831
237.4401785850958 267.53607844278724
232.9892502617019 264.4026601236362
240.10833512782577 261.4390570258523
241.5477772311626 263.2065406760631
244.76292099078347 261.8352540413004
239.67246052040304 266.98847637116705
239.38854410015782 260.5696526062652
235.81544752990996 259.6074074291053
243.57001410185364 265.0725959817651
241.73377557302499 263.04794397347536
236.41939395106743 274.8443946213043
234.27908812531223 264.8678444033802
242.67171582273022 264.62474080454103
246.4223480284913 262.13532077178235
238.74317656800747 255.98860689764763
241.44871329793443 262.4666331662557
241.91333583454082 260.16240813592793
236.47584944408663 273.0021893677564
237.0815226303971 258.4339444364873
242.48188677448783 264.97845516382495
239.8402420000533 260.6433221567261
238.40308666476466 265.84282137217946
240.93221904578851 265.62631627844314
232.82317555961063 258.57821583894474
239.55258049925 266.08947422038324
228.9492771641509 259.63467733234796
235.74101206928685 258.7588106753246
239.55957889983262 267.24972575938125
243.20660478873782 264.96560803551654
242.62013577591674 270.65726597609665
246.32378718966058 268.4379480711846
241.7245217519317 259.2935502289616
238.9320720876334 259.9753852336322
238.08178109416386 257.6328788768368
244.41265491810407 264.12771805314134
248.53390747988766 268.0663374754156
242.46445304470495 260.64302976130926
239.16182319505012 261.41442590223386
242.7572027135161 263.9012298812365
238.60905452300506 257.12091763227954
233.79548830146976 258.02811034818933
241.45969394379054 257.6445859699764
239.1608687146602 263.45430138459676
241.23722933343134 266.94255965344183
236.5906126380573 256.40194374737814
245.69533695093457 265.0931568501435
236.1557140053665 269.7221666359576
245.45556482833396 271.79894117194715
240.27163682361245 263.71303151939657
242.3520999552527 259.6535820170183
243.0547710652333 260.9644635851416
237.55366431720896 261.8609611337107
232.4397955007899 254.8802065736614
244.56594563253944 263.6933427262318
245.4229729578095 266.2720588301489
243.60120148165592 272.72626335195804
227.8640092376719 276.11064578886516
239.17656306305727 260.0645944446377
241.7037307352508 264.401133776333
236.0113434965728 252.7847008901852
230.9399730405582 260.81062492156974
239.27804006995058 263.04381669080624
240.7292270651518 268.735635075811
232.2488405240436 261.2178778409668
237.63994924043573 265.90436441801546
242.5310956683394 258.610099194313
237.33866544470402 258.72544100709734
240.43051854603937 261.8177994782821
244.41353205464003 268.97280030602764
238.6867148696986 271.1055433700774
244.55066014707918 263.5548121405823
235.57085509861415 261.0122330760183
237.8643604281004 260.621873160867
242.16384821478468 260.90628805545913
242.3187718915208 259.8870648797134
235.7069311371029 260.4062939202282
237.99879555510705 257.58195233584286
245.74070747892563 267.2423873635924
240.48773308233334 259.122099248572
240.88450801830584 275.0167738330058
239.95617774719682 259.9133304587781
238.85661183454752 281.2294748955517
237.51158887130666 265.5340338263903
242.9966113239762 259.75671941319865
234.77088837046597 283.4300084093868
237.4688712875491 276.4455810919441
240.9861198959615 262.29920984904436
240.80534020192022 258.4499268778838
237.45205616069072 257.36658750899034
237.16482638540083 252.5642454543557
242.64769806532792 265.6676785843975
243.75039457852563 263.88195437421456
247.97742719688853 290.2332992640698
232.12739894466895 267.49426497374026
242.71657896081985 263.6206028941874
240.48178236445125 261.1113707286704
240.15270580646379 261.51576540624075
240.47582623195999 262.1655404285057
248.0932130322701 266.4456749885803
242.64717141471166 260.38330068841674
241.97626332794644 263.8080881624793
247.28980027331352 265.88841115945473
241.69622971715586 264.80506818978415
234.30042990910513 264.45774368987094
185.03903369431328 273.53834040984793
232.56339048742606 259.55292545121364
240.8520759158403 261.245861927106
242.6532326771861 266.05384613803307
243.7541354616512 263.0985965438828
241.574776744941 262.90548105773985
236.98087413543297 259.2929098432584
232.71546655954705 266.63667635089905
234.9178837012987 259.0706778026153
241.8953173484011 269.73370759693114
244.4222374732081 269.7911973323664
241.13826266785486 266.67808015872924
242.72071228782934 271.8583994869237
239.62239688670732 267.6534543395965
232.63399996366374 260.26864907297454
240.7770377560703 259.44235808727746
236.3837292575946 260.5914340603345
231.21000519404163 267.8272333440896
242.70696360530494 262.74777335869976
230.13836848015347 256.426105218873
237.99738397719537 294.5396171341848
244.91022817892602 265.44207958093335
237.79136886783627 262.98755327826217
237.00936050723718 257.0796318766414
220.88387214493608 272.51952977951504
227.34245868084173 269.86337300283765
237.35100009111133 260.1193393845403
239.00039386613395 261.361649281066
240.02299922478645 257.13724358912685
238.34320677632877 256.37885869522165
239.90713177632574 269.28314001228756
244.25030764990532 260.0837922610797
242.5300979993551 262.89179695416624
245.75895751982014 268.12527709497886
243.01591269755704 270.5620782994506
236.16019996163783 262.56913743134555
245.4325406429348 266.3819976805725
237.9959223177052 259.8553579551127
241.82150448116215 262.19628173708037
241.70113782696734 273.3071366175555
236.9509364004441 259.7333117783528
244.25705636301927 268.53263035848926
237.84060493085138 261.4707728815558
242.62834633612178 266.3386484423545
241.44623733819856 278.8956666615403
237.12757382264377 260.0146264875206
241.92762627693813 259.69085390978523
245.6866689388995 262.58573962873874
235.54963366123533 259.7131089297719
237.51355229740403 260.36702718462874
242.48367437351178 260.2713361783027
234.17442393180386 269.94425153918263
240.3128725100292 260.0919242124547
241.73864679983012 264.2015104442755
241.89320440437473 261.7746996514996
237.80739764396642 265.3640451110398
244.29020708953843 262.0361766856723
234.46541010530999 261.92172699906865
238.57210214393155 261.2093543199342
241.46926825322473 269.1863690706069
241.80198741258386 259.508878916003
242.85388820538293 269.7196257336217
241.5750046391645 262.91578755916237
246.7125152216973 268.46972564771414
237.42530416747977 265.95021076096793
234.65506433560168 253.59662247524778
236.61526963427434 264.37023400073787
239.67784006474741 277.4404323628465
245.72701719984013 261.109620940535
240.24298760776242 257.6323894316575
238.77581702527942 259.83269354652685
236.19490551761623 265.16064768657577
236.10493375357203 259.9979717547402
239.18882569820832 279.0389398779436
246.55462786107552 263.84216140789664
245.40248062524756 260.8991355209722
242.85574690620086 266.88783568469677
240.43226150036244 267.2788911416073
233.5721944126622 277.2496726496259
246.93609530347373 264.1848547543363
237.44691110783836 260.974693654855
240.10343598644948 265.5752299414084
235.27972630235962 260.05440410919994
238.09702662222253 270.90889372264314
237.1527181608801 268.10929233176546
239.9477885276474 259.85009792861064
243.687435132248 263.99688260455684
239.84031563617913 259.384478225097
237.04570400574778 261.7683105182559
235.8066285831493 263.9815063915307
244.8082476444209 264.8428637640272
241.896698213032 262.5569002791838
237.0523557604085 255.74577705151682
235.83926631977621 283.46787014726374
243.96856190981902 262.61577925113767
236.1357001210835 261.2429703677204
236.34724454328241 260.05743958333096
237.66860721843108 257.6543943605036
243.17050286803396 269.61003297902283
245.94481442213433 264.9742784457561
237.11445375960676 261.25679172184715
237.37183289349767 262.35883475480557
234.87134147312855 258.87508500402294
230.58927918078575 259.8003520302679
232.10241363338082 262.33856168470356
234.30054113561673 262.61529542312144
247.4888257073493 264.7181899326774
241.0265926537014 262.8654795323733
238.05793966180113 258.8747623632036
238.16700555324832 266.3762342515741
241.3380981579803 259.28822611248864
242.7889368186693 259.2040377988338
246.36038021824683 264.598185483588
245.615460258567 261.951427034339
242.3563319960669 268.6004355198595
242.8752297289976 265.3384114900616
235.19022735859312 260.81107140964684
242.7094858172224 260.643577589712
238.61609223196007 264.91846019506715
237.42133010382003 255.8043242811008
244.22940189915872 262.77005086122574
239.5996016374667 269.0071765671699
242.30923238073618 280.4805026230132
236.93663372664344 266.55428131414806
231.77717255942608 272.86541624186674
241.15503293003573 258.00530186349897
241.8854807422081 262.1509102278915
244.80345853367012 268.89822359714356
243.69746453648472 266.1517879831569
240.22186853614033 259.116247815583
237.06011383628186 265.71630993606004
241.757536621393 261.75612175063856
244.13048395334152 259.67777089503517
234.22664536868544 262.5551609595165
240.76644864210883 259.9196659990186
236.55296479973146 256.1397188740388
242.1818062813243 264.81623290775735
243.19621761960437 275.5295710416923
233.46238834112174 262.004567301578
234.2968712217174 255.6337476449592
245.0576411902065 269.1145933407788
246.76391159725927 265.5515269149354
239.49151565636396 266.77010849308965
230.67338632695385 277.5375257678746
237.19522415001612 254.26801842595287
234.29028615873042 265.89336779255075
239.8788459893802 263.2229182201581
238.3925204931699 254.26011410191174
240.3800257538803 260.60008509348626
240.45393325183164 263.97249318748027
244.35925489559796 262.25524906409305
237.36287864776634 262.5953824608018
237.9294581219695 265.18084200200667
245.58926048961806 266.5454075960639
246.99577677172846 266.45021572746293
243.71159196336947 261.2389877876461
238.28493662591148 264.15978765212043
235.03286448160566 251.94967381754836
245.2687945052954 259.4310503946525
238.85412646221545 266.3617994740355
243.34508270149823 259.2174110164342
245.49570928021828 263.4877191100389
247.41971174512477 263.26463963238155
238.64952540904832 255.0812913843174
237.52826065456506 274.86363110729866
236.24315262294925 274.20642999937996
239.79954928185745 258.14429625756895
242.91430147469717 272.20441787969366
233.00300327700572 256.5857532872072
241.025894967928 260.8935787723023
241.99935402161984 264.3001780082352
245.29293608121276 275.1993179125624
242.41662896590563 262.9010865248831
245.24225881836654 264.09801339050534
235.97764433082128 264.3034925211835
237.87031680504475 254.47852101072607
240.13017956897568 269.05788425808635
238.93377244429928 258.1558886336465
240.28809544455828 265.83651533748866
238.01392969524497 256.94651909105505
233.53963929138135 264.2545001295494
237.97277780925023 274.4769450370581
239.94025333678553 257.5176312272863
244.06443376916445 266.0929326652548
242.54112753579577 267.51128740420216
243.1429543446932 261.21804795573826
242.52210141070677 264.7526071672696
242.53383439870174 273.17518136716984
236.26144427343698 285.7255652224459
240.28318412555225 263.1084914364918
240.40189186432463 259.5492590132431
248.48511612749107 268.3213626323743
237.0356456821122 267.4981996093357
248.7309162172416 266.93670526570105
239.75497515578854 262.93632004092717
244.8051426930689 263.5777497430051
239.84639458740523 262.5695337592932
243.94745502995684 266.410736658854
241.37278785156727 262.54518274545796
239.9400950952662 261.75434783428597
240.25539497509467 256.62396782118617
234.20635542127806 266.931355937079
243.34311869976318 262.56531288268724
234.25465655025167 260.05806967256854
238.4706194937491 263.08668423656366
240.3260864481059 263.68541204690257
233.99033384524193 253.96680829845621
244.25395233488072 269.41235713104163
239.25345778687813 267.3402550929258
247.21194411420655 264.21656644671737
236.17531186998784 254.96624418256764
240.15984268298433 274.56277313159575
243.58072480574836 259.4167466992315
235.48145871896278 259.04826054262753
240.1714193154775 263.4076482751334
242.42256849509687 258.3369673741589
248.05649189891506 261.5220629144517
243.16544086184805 264.8632648966561
233.61722836178973 259.2893097101683
236.30539668946724 269.2627061068441
243.31088430403477 260.09710870984475
238.9545459375413 263.23266618898333
242.07738949911226 266.99803143894854
241.1134448114786 260.706535001777
234.59658911036834 264.988710254012
244.0168869250287 261.1593524588469
242.171892645192 262.3252002218361
234.08141923078077 261.8909515578766
237.10956841668337 261.1684689714017
239.18972839731256 262.3055903278173
231.2170002596694 271.4405763623384
242.88163975544845 259.98454241762516
244.17098722571984 260.5908161515662
239.3600123868799 257.3621919799217
232.62386948532114 284.97088800822945
234.3077847113962 265.55656395578825
240.0543071478825 267.9867466286432
241.97032458141268 263.30709027400087
242.7411707006782 261.69536394629466
234.17671579919065 265.0350767834799
236.68162989202705 275.59231721035303
237.8300709273648 260.22474451779897
237.7594669897959 265.9809592886808
241.12038051337586 259.8875808500116
242.29745587733208 264.9681302398132
229.7689208958508 255.30264764976422
232.46094207073568 270.31229642031144
236.9651758486383 259.62300492886294
239.49175564347243 257.4424617918878
235.28307122121169 254.83766982844722
242.62542360543276 266.3454641923597
245.45476161270818 264.1561660325493
238.67949957541057 259.17814061812066
237.32325716704898 264.1585313334148
241.26806828384522 263.37555033054275
248.3149778268875 278.81168529546403
234.54300162324054 260.6098169033589
241.69741775155975 261.44203473741607
239.81956487592373 265.9848710011117
236.32102585794686 278.7742980549425
235.64784509476098 253.3531206437635
239.36972804825132 263.9583037075149
239.55643010924513 265.2603233754534
238.57018792577634 262.6876898896223
238.29947190924582 266.98032164621003
244.94671449555767 268.2069002586424
238.45162857404614 258.4645874165885
238.2377879314422 269.44158870399264
237.76717523218926 262.127557551722
241.6795750486578 257.6198977980367
232.8981566203417 256.59940329763054
234.7983447903464 256.63637612684624
242.9386023216424 280.21213258740556
235.14511967873727 260.49117738487547
244.4767829580936 260.7978654286533
238.35704679408553 267.1076276744772
232.7883883959604 257.4175116926514
239.95401214621688 259.80982104127054
239.22293907555198 263.58209420263825
239.9108442863759 262.27623752556553
240.4044719014094 268.66866878197135
239.58196112434507 260.7003216418626
238.54994357344364 269.13750608924363
243.54573003673374 258.6858649078293
245.33937628102768 263.299185446149
242.6161114162745 260.23265512517224
242.9737524239673 267.7884975534758
238.47583533234706 256.61565388027384
235.6151863033616 268.42676742216486
239.38584742703094 264.4199158784723
240.0038209876679 259.8257348004936
235.02797749096325 259.97775056372245
240.18265772405687 258.48560359416354
237.6216880937542 262.5374918943765
236.4552671568027 257.6895456101218
243.46617949027868 259.41742620489345
228.16759541838027 271.35795427850485
239.34496421192677 259.6566398828472
242.44968988508842 265.24154269184265
241.08840503788952 264.98890102640195
238.2755685166244 267.93523854228266
237.99447501138133 265.8387199284979
238.97777783820743 259.0078618234797
242.08046642050684 262.7349681741328
242.2245831558566 263.7672642429542
233.26069571494898 260.373000840982
234.40246107546454 266.30191961568977
232.87183279155602 251.84015780583357
240.34396539159914 260.77260181654293
243.3511814958243 265.3676255488241
235.9186915581031 255.00663497197766
242.30956380359754 260.75283368218834
244.10711190605386 266.4088140595196
241.93372942467465 259.53432138382976
239.5978877556503 267.49547069736576
244.14557230072143 268.57649592563934
243.4307521495934 260.9776071478273
230.31340586433652 270.41033642517
247.0483633554066 264.01564254090977
244.05726499391952 269.5353026108225
242.289660820183 257.2371682229493
244.98521726594925 261.7147696511987
236.7912450764712 259.54778094280897
230.41156926942884 258.00566351037065
235.30489377540616 251.8125044032871
241.2491837912182 260.1059829911962
246.41629687625004 260.38452631737744
234.78599149865005 275.2374826442925
247.16586245294022 265.15005416771953
240.15001206695726 264.89838415831036
246.9465590288387 263.91898571217945
244.4489937623633 259.78723506155353
244.51114908106481 258.86534502573994
240.20110715798498 260.64640330614225
240.65691692073395 260.254169208689
232.9280806707852 250.9562984802965
241.62012662126662 258.2768052959601
241.76615476256148 265.1079107182929
237.98098163627412 259.30741952258063
234.10747776622475 257.142030823496
241.47605998245794 260.1483458783385
237.20688775330743 260.3376349553589
245.9554869560573 265.2333591537085
239.33143144948525 261.3889227147071
239.1946386638524 260.8493877083664
236.05768299484149 266.4969850754069
234.4662943845308 260.5570055063887
236.7900401409897 259.00998750224454
245.64253131353476 266.3157326066616
240.50100798679847 264.46836199847655
237.69137594033745 261.2857832895428
240.1218659474611 260.1515219447792
239.78402629254373 267.56173441243067
233.6934522892552 267.99630240056916
246.05961903973542 265.4700087706005
246.36777809997 263.8175362683027
242.60119507228129 262.40144843000826
239.57716780309497 260.3427810322175
237.52471010359315 282.73868313287807
243.68865783331862 259.6296144244965
241.3408294327576 262.8668879726937
242.75427002747324 260.0883583663438
241.2183378627671 263.913569526894
240.59780812090904 256.83186759085265
242.5226123289678 262.9750221390146
236.11808172940846 261.23846113128053
234.26017440004617 259.5326583837371
244.9943529400076 262.6829571331576
234.82557185814903 255.99943428525978
241.9481499112909 257.78685289176644
237.25853018368144 256.7394309239737
241.1205446931204 276.7898002736956
242.22887026640979 254.63420341047572
236.21413410316848 257.5741943130729
226.55776331965055 263.78433157217506
247.2809724311711 265.2178650091655
234.29374744521476 264.73964425075
239.45534625094197 263.7891461768715
238.45043112898796 259.9745920898104
247.95521308502 276.7310538325394
245.13563214025865 261.4966019215184
240.97902654212507 276.2406119838714
242.66097034172134 270.26120641771985
241.37217679133235 259.00784567686895
228.6054948468125 272.6420917128393
243.3323734427996 268.60897949138604
242.04908718484015 260.016145914629
239.89008258230467 263.49746474560476
237.5657434405477 256.11276475915645
241.31564832571542 262.4007584433595
241.0127312606941 267.5708890324391
234.55178991637402 257.74797066094834
240.08699802237052 262.1152951448756
229.3115488750107 282.05817970908504
246.5741724930071 265.77873620676553
244.49940915636964 262.6821801352046
236.77416868047365 271.989252180733
240.5617670244889 261.0607802097066
231.73442940596908 266.28786710736495
242.06008968289515 263.5880411686735
245.86308477513285 261.88724732850113
251.07944359850472 264.58473241961667
240.90811121803284 266.0801739199738
244.97757085106034 263.18498399975664
244.28627303138984 261.40147239800507
237.71133088583022 258.43778530274585
240.18997393453256 258.31903094330073
239.96100297862088 258.416601389855
247.71705070410067 267.64922531486445
241.7825642016585 270.0966947347751
234.59895383928867 263.41744887701174
235.08670210955313 275.38787227183764
236.4696880718162 253.54830698736527
238.51343853711282 258.5430335691672
236.12586219581704 258.5500866956055
240.3532777932575 259.9057269056119
244.74575439219598 267.1270783464159
240.77023741408144 256.6234366866533
242.1738045211354 258.4450404001726
245.55182532828505 262.1538869120556
237.51029451760374 261.1310049011824
237.47653633153723 271.9995627809597
242.9036469237512 260.77149769577306
241.40423205483398 262.10205615822815
234.72676825522257 267.26531773182637
238.38966234858805 260.3432988025251
245.70197238830505 266.14015942874914
242.87214526147918 274.3864396461703
234.0481108691516 264.9451064762879
240.8385035935727 263.6986688256783
233.21853725075528 263.03217893983316
238.6042132473328 267.4490503540071
243.06515250665228 268.72261295695705
246.88741826586846 264.89855915222665
239.17301769887257 263.39036322271545
239.4102340623424 267.1435687433461
239.18229033523852 269.0456969498173
239.49539102687078 268.08120424978824
242.51305673430758 261.17605240920733
241.79154722616835 263.0728138943448
240.73487803698728 260.46737608310383
243.61233983312633 261.8357419966183
212.83115109126547 272.2041691574207
249.15944175358746 263.3446353716559
241.75607093155517 263.331290402186
245.25624691976387 259.36051129752565
243.3431442951755 262.9304655418816
239.4201425393049 266.8090182052342
246.61057689561562 267.16862164688234
237.33218991563612 257.6495638345822
244.7630369643949 262.64548158354654
244.67092145684862 263.80481944426634
238.93623178113765 273.63295355612996
235.53977154231362 259.8652527223789
238.78596714026008 263.4351461845772
236.4644731772633 261.1736255460531
238.45844075137506 261.0872742569015
237.7502933467019 261.47582115487296
234.9067244429298 258.0140715484483
234.4242180438141 264.5433296628014
238.858819040998 264.43471302848394
244.65118355327945 266.7726241251024
244.46162343400957 266.2214871249749
248.73024173222765 262.32916100948603
241.08492455562052 259.37397323968275
245.23594565380446 264.779710978359
236.52216340985825 269.095694628782
239.7715201179396 259.5523857957724
238.21794188472336 270.21266526014654
248.40249610470684 263.7339687702276
243.53901593424374 261.54190756863926
242.541491053114 267.4479503604048
246.66828962095073 262.08246180008115
235.1643702669681 260.2278067147192
239.73454201070945 264.74034396432444
240.73815884890436 264.03104112523044
241.8064123024143 271.73723073593965
251.57168812574432 263.1643602402936
231.40122240150743 269.65440197890405
240.47054136581696 259.5177555017666
240.8598138470999 261.4482004449717
242.97500617611684 261.05660395028934
233.78614256712163 261.8733308876265
248.90381175003384 268.03372421461205
240.11219216692848 262.5097350524127
241.68039867563502 262.71612899010466
233.54194471037604 259.92613048560446
236.94707579688642 259.8583689553249
244.7516744367419 263.0040427797042
239.0853114053191 263.9495527279482
241.85248327411756 264.48263578733327
245.87269062767393 265.40098797966226
246.8739247218998 264.83373227634956
238.3842370615698 265.6578435193951
240.48538280009964 263.081914387532
235.68939139719805 261.7898037916473
243.90530181663124 275.0434195360612
240.1762689860851 265.6192493465682
228.6739203420981 258.0944793552402
246.24528304544884 268.4364494932427
240.33104539174403 264.37044390666927
246.63519577964894 268.7127627819088
241.27846134309988 265.0165017544255
237.28380771461661 263.02748097251975
235.42644296426937 262.8239386157577
239.24559234353976 256.5467611000243
230.317925645956 262.915176890612
244.49520315879897 267.7445884673347
246.90969202136463 262.09784922296654
239.00423888042263 262.6712734663287
237.92259302695788 278.4984292848147
239.62680423818537 266.60251626181747
239.41042413811078 262.4786474970392
236.98875270988054 268.90384755538605
245.14870814363817 266.1175773639665
242.31384381033715 264.86871851394767
238.48901541245095 264.65234647709644
247.1229117407594 263.1746537122479
234.88853570565834 257.9142654952304
245.2446029169447 262.4279036542696
242.4352925679868 260.9026672006395
241.81061702328216 261.3866360536472
233.51400285326892 272.7274492204787
240.66911820035415 260.96960318182227
234.83449823116982 254.83560822258158
237.31606982034276 258.21646561654387
233.39790050160371 255.49584695387634
238.91263263913177 257.84926572743666
240.04536044197903 260.674763068779
235.30772294454837 263.07554846992855
238.1099530832408 265.15052549875014
244.79499713957193 263.03709871616024
247.70255024942574 265.28432686051156
242.6133383558237 262.97783513291773
242.21855525887864 258.2313032238159
236.08246233202848 255.4933731602787
235.46741197375428 260.839982349363
242.26191424545956 270.21596178184046
243.27552309900713 259.6881673875042
249.6815088734906 268.3502181502995
241.2782613551215 273.3707082096078
243.76724950913902 265.23332343473896
236.23633320248445 258.6762243530646
240.64047491767764 265.6953458666327
238.71505483186374 270.334705830241
237.66192443290458 263.1640744088333
247.19013153805233 267.4671622341536
233.69955577577548 273.81165937496115
239.17866721828815 265.5700717666951
246.55907119531994 262.54287342646876
243.27682424345193 259.97805511417806
239.263381171908 259.8438506575839
239.00133157448897 258.3619416690842
238.22052098035806 265.0511910101834
234.9415962086262 262.58118629365333
243.15473114036763 261.26754668215074
243.20742096196295 262.4680132266239
239.8183627609265 255.50398623649824
241.6641151783802 267.8636921836066
238.49357909713194 259.9596195405776
242.1308260899261 257.43833789090814
239.90768272916483 259.47962207209844
244.21482431046644 260.34680028649177
243.61048336111577 262.7561597205995
238.21616091017285 269.7070323505541
245.4321854031141 261.003310463017
242.43761127762184 266.82569355517126
242.26454668217727 262.729467616653
241.22661898337537 261.3939066224937
240.51390838621498 266.5336707866405
243.64157334670438 259.17839793103764
240.77624841523354 268.8364556566415
243.48029627275258 268.086621125888
241.27078544568795 273.88842252310195
240.45442451473684 268.2454604479288
234.15819768034157 255.35274065112898
239.60707399851142 259.5735985643565
235.41234542530708 263.0776227383839
239.38117348463348 264.4418261383617
240.44184062485255 258.87703700135074
239.13640587918266 264.8115268025561
240.0003451847977 258.893302568681
234.58480840107669 266.22735306781146
234.54530022000782 248.78373647844734
234.23510399797078 256.986254261511
244.71873916706662 259.03587749156
239.3951457273241 267.0165198333091
244.41118935633338 266.1236281125412
243.10491583004938 265.7823574221359
237.0326395852831 264.4853521694186
240.92293559216097 257.6032665324079
244.84440072717675 267.60198805427217
237.94246625820048 264.07902200558925
241.33562609186558 270.26218882134657
239.94210057057532 257.7727403967644
239.46175904692782 261.60047030883794
242.96984054063958 271.40876607527935
248.65178521948806 263.7999920676286
243.1169399790137 260.83478634038727
240.023211456864 261.91713838694074
239.8126589460324 257.726053478033
240.42993174433087 264.5380360783143
235.54184013618382 260.3705854669484
245.9758703097829 265.078609596348
240.58246105108105 275.95459361397343
245.81884300039394 261.80325173909716
245.07122587690083 262.5921826806574
240.80564761656964 266.6817463932142
240.99735554107556 259.6890745789174
245.92320273100694 273.6943493423634
245.51651420178675 261.9936471676439
243.91731910730164 262.2700164783798
235.51347575728374 262.774454648109
242.726095140241 267.42486441530997
247.75253971335812 269.43646306584816
239.56898664300263 262.8386032065989
239.7705920733565 259.0461389857433
237.01537178430397 262.536031662032
242.17615602749024 258.6324602346345
242.5285055688789 261.47996162269993
241.17104659622223 261.27856894945313
241.71293473991744 264.93460595729886
234.72906596858235 252.60940766137344
242.94670475483764 264.5274748141922
243.1695439887536 266.03632148682044
235.67378530436426 270.04049376572897
241.3208432346769 266.26404475070694
243.36142701795643 264.2568215316812
230.18676038078658 271.87628700255044
238.90476970500964 265.361852635662
242.31671302572565 263.1416292899033
234.02934472512922 271.9811549745818
240.62118281297057 266.0868159322086
240.15480327491142 263.72596343626935
233.61076774443328 257.5265308519836
231.10230398334227 255.58860788495764
238.0781774343852 262.42473057336093
238.32259448066483 264.4633620484681
234.16654411944134 264.9672509108946
250.72198083908384 273.86345108276856
235.96629524623444 258.11745134032685
244.2999303760378 267.5931317988774
236.40733659661103 266.0338350682301
242.86820233178886 259.18523183580913
240.64100082216956 265.14428748326105
247.01072690016437 265.58753819587747
238.81159323936012 259.7089180029163
242.98913478881929 261.6282116395034
232.61787574615778 272.9738625341612
236.10560941331988 267.288300320136
243.34639493814996 264.28851859716355
241.64475108976535 264.792163883688
240.16360756185742 278.2316185437555
240.85450972532922 275.1347997742938
242.23557478219433 262.03870359181593
243.68910789929177 262.98162674026935
249.6242661210352 265.70228834138635
243.97068273030268 257.43273867837905
231.36301757528048 262.78250117493894
243.26203857521247 263.8094845500089
234.5393137855755 274.516624373675
239.032524201384 258.9575756459817
239.01602523399848 255.69754688801217
242.65126700420745 258.80825612453214
236.50348240315176 283.23131891267764
242.1113632150838 260.35740116688066
244.1101048908795 255.67810689338435
243.0691374384786 263.7795932715165
236.9380549191913 257.1907241482183
246.71879951175387 264.8030181335298
238.38125298404972 266.94926083107293
244.95558058518222 261.2471366711432
246.63788500501914 268.4427584533927
245.42065162965483 275.07860150293817
242.58326199563922 256.429924081975
238.31716241446878 264.43005103218934
235.95799900134034 268.31512215534315
244.55564654326528 267.00935971713295
237.70975570754604 268.38230792032874
236.97807594456816 263.84672080590065
238.06029185370576 269.1458072440953
245.19889054109439 258.2466170579371
244.51152343540093 262.9881795330714
234.3136287015081 260.65790409679425
238.22854651926096 269.07098649147423
235.0667292973438 260.20247018123814
240.37672207537855 267.053757660016
233.80026010484306 255.50121138422597
236.69912577266845 265.28015873366434
233.74611034816758 259.6593235513132
235.5713257279453 272.0278107445976
244.08173666646985 266.2209306862331
236.93614628993626 264.3869265567459
243.03202678578532 261.4118246255318
242.9248298766841 261.0333765482367
233.04176679904594 268.0179907992648
242.297895124106 261.8707585416158
242.33407703285545 272.8457683025471
235.36304875147403 256.04510781076107
243.153396498628 267.89872556251225
234.64566891964128 259.14905618340373
235.672188573955 260.7525313250545
239.0175417278442 260.31796124098014
237.38348205061922 263.5778431343019
243.29065251038315 268.2350885293981
244.64007012255595 266.96508294706894
238.35802195852904 261.60806168988495
242.0056728927703 256.20785429698054
240.16044774804226 266.60061057127245
236.61823943244352 261.76112934458376
240.71795609604874 264.61139336336447
238.60983167975016 272.0932931825319
239.0909300124534 264.6833440671492
242.60477058074986 264.87354806909116
242.92788459677897 265.59848698548234
241.92361406103998 261.54291929888734
239.36418310185272 265.96915611897555
234.76655565700477 271.1076998042003
238.61831828999823 260.98102390229246
246.92195985646012 265.440526704707
245.64633334445057 262.15860639216294
247.14069446602386 260.9595908332646
234.51498714627215 252.08869089627527
247.50648633073462 263.8823839370405
240.2108386860432 257.0122417798716
242.64417811268274 260.87446663682806
244.62616781547302 266.74925211381577
237.51786474880123 252.67442210547304
234.10332809380313 264.0394145010949
229.45422978650012 260.10754434150556
242.1328545262783 266.97751241930234
243.92108345372515 272.1351245926358
241.5235083312096 259.98885370223763
240.51261829664838 274.6505529180448
240.121446172932 261.34876745215155
245.12368694423284 263.26780920905196
240.66310168554145 263.22372820129095
244.15538457368686 261.86368290613996
242.50861113422266 268.6069621616093
242.43618231340147 265.3145508926086
247.29870695435812 276.58269238384736
245.30356438111096 284.96543099592446
239.95197085912764 259.655547458234
243.68124613075236 262.35808389782574
241.59545830523476 266.23046307153015
241.29742620425242 262.39785990881524
236.5335386137537 259.1268481200835
243.38766844706763 262.64051985710313
236.49970657437083 262.17287267050125
239.34058028123027 264.6232447886386
230.7070866431801 262.1370057132
230.66482026878805 271.9082261755366
239.9969900463341 263.2294624577402
241.2919221392663 258.905623978834
236.5111175954662 271.32657240382906
232.21530737829823 251.4649437757781
239.2613193113109 259.26779943296464
245.46214195492917 265.5310870751696
239.2317297891852 264.81611569532606
244.20656117566548 269.5793041777183
238.04743005504648 263.3198209166795
243.70940079828398 266.64781250441644
236.55256641129967 266.2620801341906
242.58843894997398 272.82285598946936
237.6794157766329 271.814550012477
237.854131836905 265.292474116153
243.7574789302132 257.0968869287375
243.66990216268576 259.0941491284915
244.8464353564881 260.18881586041203
240.69919454809175 269.08054780695517
238.05881975229664 268.03600812352255
238.40816495638938 259.3786750904843
236.0123060558349 266.1636440908388
241.219099277019 260.168476141116
243.00603668954125 265.5901927475132
226.69919001691008 259.1042898731906
241.46565108675262 259.27890864973824
239.83834975888024 267.51003422007284
235.58648501954883 279.60794850017214
244.4375578891639 263.60760885903585
247.80097155714128 268.39204320079904
242.95539612702802 257.98537880351705
231.71731033649388 260.60125307532246
235.55768658206716 253.0958938178148
238.91471784175374 260.71630365583815
245.52167289019195 258.85833015136063
236.54006631338544 257.2367806124332
236.5576324168373 257.47615337652655
246.2503357047453 260.5004736487949
239.0779132542114 263.3695213689006
243.69777588589037 264.8475603453383
241.445680225826 261.5876310359648
236.08531871175376 255.44839255892623
239.71952064699647 263.158971466906
238.2545615573193 262.6383714305772
240.65588659420527 261.1468980914376
238.61298038339072 258.54187837543935
239.60696076198084 259.382339983236
244.36783815042423 264.42231239316015
236.26416968710873 262.46717010172597
226.788936964264 269.3788246646574
241.48832706191382 264.6878281440708
236.75448542033996 257.36104398038
239.86823141168696 259.0677783672116
