246.90792681344752 258.2621668875294
246.70320511868604 259.91182235913965
246.86246884918947 257.6672116508822
242.0915057588391 254.73545129400762
240.2812011669656 252.72543390448232
244.2126312317839 256.618383167354
244.50008554538718 258.20624769339076
245.1294117866404 258.38014604814174
239.1645343111817 252.38671949110125
242.9843125469577 255.5411910782992
240.83062370861535 254.7951445848652
246.6760454212764 258.78811338388306
242.4025457272729 257.03315429454005
240.6974440473992 255.74568627992994
245.6689698005022 258.1034664733067
238.8529814785099 252.37638875496938
243.78398075179425 256.71040020845663
245.24512108545625 257.45522822960226
246.67464622323965 259.81818675130995
244.80838849895864 257.67257673831534
245.02611247670546 257.88821526095046
244.00863343296774 256.9027129020328
232.8291277203288 247.532702063462
246.66731768716625 259.0381369622315
242.02067744091914 254.44131407171707
239.37948832732644 254.4302317329155
245.43666878799453 257.5078186956008
245.34878976674423 257.4515467771507
237.68883345161404 251.31343751771718
242.11487989010237 255.26864340077503
245.1454073400033 258.3061904632574
242.5403123479352 254.77804270181832
238.45724081586323 252.64049414690217
242.88066058154985 256.55247728898627
237.3904664640477 252.328744683996
246.58693113713272 259.4797466403923
240.78322014156706 253.91108411804686
246.90790365757718 259.49979340756397
243.98232263100888 256.5510187600199
245.3802936122564 259.40204794844743
247.00633877918895 260.0087810827937
245.03210315220127 258.53361771351604
243.18306227639502 256.9729443297949
239.30868073005516 252.81565415036758
242.83282611114296 255.79769242617755
242.72430210898182 255.24640322890005
241.3032307168128 254.47103131936328
248.34472590483367 259.92772873573574
235.63646666179295 249.71519446482907
240.97120130597074 253.75343650795926
242.15429132578183 255.10783954088325
238.77703046423346 252.44353078128046
248.1951439022719 260.6535750482081
241.70096567770838 254.88095554022038
241.24962722178333 255.9059608615368
242.5027700358873 255.8106602096213
246.27460371077694 258.2150934742062
247.4807241269773 260.85464943910443
245.31946136408007 257.75152876136156
246.0300256713216 258.49726510770114
246.5437993205924 259.22585862015694
241.16580036558526 254.72130216000056
243.47830115463168 256.1653217448978
241.34226374330007 254.27523143963057
239.79779675299207 253.25253076284756
242.60608465836668 256.0140129068157
247.8887704043244 259.675032096163
241.7061907662514 254.9868560386591
244.06948234422057 257.33658569385176
244.81944401958623 256.8676600079013
239.00718214318795 252.2976920856874
245.79463145387746 258.0670206420096
242.22879064868312 254.64630724896438
241.90324716678444 256.82270826915135
240.9877015506119 254.17622554179016
240.14784475418065 251.9249724547341
245.5170131375354 258.25644569528515
243.22091937784717 256.91558905629034
241.60609431378148 254.44042990676596
243.26842073924436 256.0660594476038
247.10582115930404 259.6734646971351
241.22339854422736 253.77375212314274
241.20824947588608 255.0617401194071
241.00404858449312 254.17379927702498
239.54548711963955 253.6940288989889
245.10610176089784 257.7767312220176
240.13557193016985 254.12508818330798
245.48367940238109 257.88153546425383
241.3197463080805 254.78812992820033
245.71279300985213 259.07753833340166
241.1734299835362 254.85665143794267
247.04645120987507 258.37189172750675
242.74195685630747 256.1882135689424
239.88725656515822 253.78263879580356
242.9897907849107 256.3785419383835
246.0603201742831 259.5954076890637
235.53739723709484 249.1006721968808
236.78591105244564 251.29516810696705
244.64263113188838 256.71740787573094
247.29726978316316 260.6633300676566
245.74844879745228 258.28132361917625
250.75268501807204 264.08569789766494
241.33614486342012 253.72927913242833
244.31854291432379 257.2440502651811
243.400510145574 256.36444971332406
242.20115216208612 256.38751075406856
246.13514010459352 258.38696827436263
242.05070830190326 255.0602197785639
236.88936760035148 251.97305837317737
248.4188922752819 259.78461326570806
242.4520078324072 256.27374955826554
238.92339184435818 252.32154248098377
246.82963934394323 259.47231733316636
242.750501108543 255.28686208388288
242.0171358012022 254.9301681970095
243.1888375902424 255.46421340117922
243.05964937529436 255.88072872053374
243.46578171669327 256.7261959923076
238.16275096097837 252.5937193516851
236.48669116410693 250.1267549699217
246.86707534548725 259.20414999397354
235.6467905909455 249.80128440831643
241.76023309417934 255.0742504512249
240.87972908436444 253.79398643705775
242.2192747255017 255.89406143918484
240.97695744457522 254.66112553296614
242.87742193909023 255.52606465715007
242.44763909409605 254.34610773415997
244.9283939218064 257.05912027887365
246.53633218140945 259.09675590016525
245.30018147561154 257.16678701503247
244.81571632211646 258.61044602037305
242.66518148161416 255.85518628673083
247.9276065369737 259.8873036116281
241.37442910237894 253.88831089877183
247.6063293002271 260.3528423442551
236.46314590603586 250.88234161744285
244.9899774732074 257.6983399919337
235.9068814059259 250.50501069803374
240.680154016512 254.07873309040713
243.2456661258036 255.75346780122143
242.76314126329873 257.0774649995319
240.59024714210497 254.55348305897252
246.89105673001208 260.3142712396976
244.5870393934026 257.29807051501115
244.11106339653455 256.44767440773364
242.35821179157733 255.71675166497224
246.71870953957696 259.16080870848185
240.60659721886918 253.6919075617186
239.76321037660819 253.27231233264973
238.94703228380533 252.10849230526514
242.64284601201737 255.94649033045752
247.76683440458066 260.1953316537231
239.00943997724744 251.7398993301882
237.81252404949862 251.3289842633509
237.8805355275103 252.90009749464403
246.23117998656411 257.492185525586
243.40324556852573 255.7320292506262
243.57881540322882 256.68178599571576
242.09063691104382 255.8435388352642
241.13642102398356 253.97707067779518
241.76074172091225 254.62468471084114
246.48369235995256 258.4416149689695
240.08485338502513 253.45324503856713
246.76924735130999 259.0273699058757
241.86262222124708 254.84653963243616
239.2659065214965 252.74152936415337
239.26403047730497 252.13565677944018
238.60761498911103 252.3638059109222
243.9838916645465 256.23437026135605
247.44556350417324 259.46825019878463
242.3790425978294 255.4193796916798
242.25458347822456 255.76860331899647
244.3893545272205 256.3559502223302
242.2325896990945 255.61148752174716
245.8958218893371 258.6982212675441
246.80620034171656 259.7498790662166
242.87666482046677 255.45799222019502
238.26485356480276 252.04890621700216
242.2676426262179 254.48366413354532
243.9810351088499 256.3292798683679
238.91203028756146 253.03205465538355
245.8688864300201 257.6970087425848
235.96159639837728 249.90221004923657
242.22076444875614 255.08550950540692
244.4674443685596 257.523524505489
237.0430009162387 251.62784918125294
246.9902070672986 258.89342038274117
236.45864278457935 249.83670700169884
239.25332990785074 252.64616144109064
245.50388665704082 257.5507961258094
245.9603210337816 258.6408694401245
246.49566915327503 260.64620953738694
236.11495843089364 250.91161706863696
240.33764116423487 253.4644631643805
244.62032258223286 256.5845975729699
241.4635387345462 254.7239833547743
240.45800072656138 253.66091218686879
240.78491329954775 254.32428142280136
246.61528780147515 258.3373026701689
243.60268981003532 257.03382354687596
242.02553409073766 255.29965869783035
235.5649273851776 248.76052253979017
244.09447910596876 257.0651181628645
239.33120884445373 252.9640182433535
242.27231121222508 255.0324726054808
245.86791385008607 258.048002153268
239.23878238583956 252.91292132305338
245.08166744664953 257.36252292091297
244.39467917960405 256.8722125305527
243.4396686592219 257.71260567315653
242.14691356156345 255.18543308732785
240.13072834030368 255.2956194852843
244.15394769333435 256.64354258614185
242.34991947703202 254.96045855092348
239.75393076994186 253.2425935795662
242.15745638220102 254.2853121401161
244.8576931156053 256.4717838509737
245.98820475907448 259.0369909296272
241.44369360470174 254.69064454679076
237.63838735427063 250.99037359266651
235.17193678225442 249.82279785802112
246.46483199854643 258.1880540194261
244.41873157489738 257.32190061785604
245.77038744840738 258.9151493446226
244.99993318133073 257.2040045622235
245.46037909522408 257.9631581907064
237.58133524890889 251.4024948065623
236.23867378543338 250.8383336886961
241.14513979721173 253.77016926971166
246.10605900227486 258.2460848635285
241.91830348647622 255.03107504855376
248.17075074324245 261.3066106425601
243.93962537391 256.94941377361397
241.99942883044565 255.76565238447495
247.30700405936096 259.1403725845725
240.92099468041192 253.81985779814946
242.4714765072298 255.75263899081182
242.61538499425384 255.0463601080064
243.14688248878258 256.18121476749036
241.20604377098704 254.93051889033657
249.46636451056648 261.30002073265877
242.7324012957904 255.96300312536215
244.29017302943623 256.5867219078554
235.61722617522122 249.1643171633359
246.7172588363882 258.08989496231953
246.6365926302644 258.2227296914647
243.06645419691245 256.27428922060085
244.07876907664868 256.60283531245284
238.01189146051487 251.774264215652
245.3578141927552 258.00564547650345
244.4276883279482 256.5144701926748
242.15298264416217 255.21563245850797
242.49331365860155 256.8044015951644
246.1868562639132 258.8802793396242
241.31531034266328 255.48515505958426
243.0043245582334 256.1709153242847
243.89302672701308 256.7970141511102
242.97871397806333 255.43999450870947
237.86032164250602 251.74751329640554
246.05065161251775 259.02674818315035
243.18240555986583 255.67357857229499
233.9181412059263 247.65406427546438
239.04338399539776 252.02431993558693
242.37580313574352 255.0781451593373
242.6528663418816 257.04219808659786
246.83002564262418 259.03784693571293
246.66957526495207 258.82286963440566
243.83686295365024 256.6316266961459
237.70801491722378 251.4291689520905
245.71552958614834 257.76224119252703
239.56822247559256 252.8691784572694
242.26932466546222 254.63422887380585
241.20909533192946 254.3264716678104
238.41740687484835 251.33387033721232
238.8738596244747 253.65419967704588
245.36960732508317 257.88441284500146
243.3737799144681 256.6707549259549
241.51592745705622 255.36735343687394
245.37902017922767 258.267892945743
238.07471169423798 252.02189910461047
241.92866978214366 255.11679135040458
244.59375880747245 256.88928245349774
241.37392952104645 253.5596340259876
237.91456734754124 251.47712987134975
246.05982037871365 258.4881752997715
245.4872448666386 258.666098876962
244.20890104034657 257.5272349880527
239.6342155792375 255.45718623070417
245.49185084297304 258.80531336035125
238.86300335093358 251.25144497286468
247.86262145925485 259.9721136050997
245.94357006098613 259.3618680936253
247.95911079359178 259.9682042098407
241.24500909067032 254.15453135247697
239.15129172751466 253.47583173402614
242.06669520251668 255.3760610832166
246.3541123674348 258.3631589268833
242.85122670137258 255.6577231670998
244.63127476763995 257.61049183732496
248.997825200922 260.85379100057673
244.81662160922983 257.0338063725955
241.01663259137572 254.60763746640498
242.95037069197053 255.26334507293075
244.03023058387225 257.46146455695856
245.01624018512194 258.3773077849505
239.7435193484205 252.5256293774829
241.59339093645144 254.24689034953408
241.79731196008055 254.81993548217332
246.13128786275368 259.4110782365701
242.31697740186144 255.40324702598548
243.49937828105092 256.7089895157557
243.72921010091338 256.1730879874359
239.57559570133807 253.46687619159795
240.40673899667524 253.27278398536805
245.333605025474 257.8610987975269
245.53858848677515 257.9765906932304
240.3603535836325 253.4526927246747
244.98899790882672 257.2193854899884
243.23669260224642 255.87298243808416
245.63631995045617 258.81304661304745
245.64498128959897 258.070028407832
240.92788903539804 253.85434535328858
241.79774559294356 255.07212535767178
244.6293384986288 258.36343141736705
239.70819225434903 253.90926771111546
243.24979655042557 255.9021144764612
240.17363319233598 253.59799370467786
244.25417272676074 257.4783556073399
237.919265589662 252.10916938595545
249.48116412095825 260.8255177608882
243.06732750731936 255.8961726566514
243.1583741176297 255.69168215961827
245.3451236182294 257.5326830682782
240.94274465579082 254.52339139400468
241.42000605838248 255.2879952193411
240.7697867849746 254.67982379370062
244.37596113192794 257.74622965712064
239.9799827248576 252.76725127066402
242.34606982395223 255.52164960008392
247.8195844335274 259.4003221107544
242.94376799081135 256.54208702132206
244.86452662210877 258.1369604677136
244.71197346907766 257.1377975769447
242.20951281453975 255.01619416062186
239.11481881494413 253.099711281835
245.41030645188863 257.4936188715123
246.97051623520986 258.7110797392085
244.74263562366852 257.1371140898376
244.05563731223918 257.30690412656844
236.87453309692296 251.3375492939318
246.35618010750719 259.5090377522776
242.38081208048757 256.2073896042307
239.56166966767833 252.19971064942914
248.27564021132855 260.90241950240915
246.38549398855147 259.5712603634013
241.51389111524014 254.71116030289195
248.9873950976545 260.60318518776114
243.3880911365569 255.83294220690306
246.479838955476 258.97493997044546
244.24797179327652 257.7988835099342
248.41633052760838 259.96756392958224
244.8018638533365 257.34774830065334
239.6509459528442 253.5269093148737
245.3711430751796 258.031649817877
247.30966970551316 259.44798987308513
240.4938184986186 253.55300921387675
241.4567653367054 255.74095352800114
238.06445191812932 252.70995338827927
237.78545601416513 252.8184296671739
241.2907980092509 254.94448053414106
247.1468370719585 259.3558320756707
244.38212527263454 257.1980269739861
240.18874002224626 254.32213570334065
244.02038593336445 256.5613292636152
245.79984575899388 257.3349938217787
243.51272576402295 256.1525206227035
247.20080727439048 259.193232174304
245.15974178910892 258.62065557025034
248.0517969856378 260.3841622006626
245.9791110514293 257.60424187929686
242.23839479179742 255.09779762098879
241.60102316826985 255.02268836566395
240.61687696645444 253.06588202012293
241.4957435841854 255.15704359811622
243.131780503198 256.07267855368525
247.34803752154642 259.80693400831126
241.9815531056906 253.95154525102618
242.13853249398076 256.35392036037393
243.68931545122553 255.92810927277276
241.80236915361846 255.7737544376885
244.85090801341966 257.36507130380187
244.4387905154644 256.9979175217659
241.53055481670415 254.51643808475802
240.42412574345136 253.09415753876502
240.2999837152659 253.44225535025973
244.92463741970968 258.355520542235
243.9487387955984 257.12176347846594
241.0538875210522 254.89799165249278
241.50521805800946 254.6327388117619
245.59726667304554 259.10775629544526
236.60296860196763 250.81218836655768
240.67958552326144 254.05522137082644
238.18140688882505 252.39199434423273
243.98098900698247 257.1085347599502
241.50143644278054 255.4650861822039
239.67614450602062 254.06846802321817
241.16966781570392 254.31888648699064
247.25101404983724 259.0773531815952
241.17318700726813 255.56216509719206
235.2371178208242 249.81696260341135
242.41662549636123 255.90101748779915
237.2547356931937 249.67401665706956
239.06479911234015 252.7390192327723
245.73974899031623 257.99737865862954
237.48585613276254 251.506754096137
239.79378107690536 253.4475607676567
241.54724166840978 254.90671880569136
238.00844349691783 251.1300595486944
246.2664171201603 259.5223588009387
240.54210912542973 254.5447669378406
246.14852175410084 258.98167298197285
244.14194806840288 256.647216796176
240.32097923215224 254.9113841327557
241.95346199818118 255.11089301733998
242.00351091904727 255.22020256068592
240.03322587759533 253.23747205501454
243.85086241087046 257.37845968328145
241.91006442664272 254.89095781680487
237.82906634409946 251.00050487437358
242.81362456016217 255.3065437022429
238.17617759357677 252.79129588297974
243.69080002982452 256.4354603586778
243.68640361580287 255.44691726257992
245.9650056547471 259.17091577467716
241.56629494679922 254.56961698463587
241.8065745213712 255.54097951774978
241.82895917475076 255.26327769191477
241.863167230229 254.51291348676276
240.53560576360482 253.77614691525878
248.83297777575874 260.67700445310754
246.05161716296766 259.5709597279915
248.2745148990722 261.26900614334204
239.17224243798466 252.2226573012326
240.34792260167447 253.51077143630073
243.7889724601313 256.4289435723259
241.7501424812748 255.22464040018343
241.8876414664691 256.1238562684017
244.18718799131648 257.0733411996755
241.09370789260527 254.35967955634504
245.0426469745104 257.96244645570937
239.83565434819837 253.12438337754276
245.21679325021574 258.59802522563376
249.22750382635903 261.26277730524254
239.8353564497203 253.1295769775336
245.24985718939362 258.25747795954913
239.17455738521423 253.18102504167842
251.0677410575878 262.52257988037405
244.6483048971759 257.84647039583405
241.7521174570315 255.5773817512279
241.87173115087964 254.47857446525862
246.1657618713464 259.18676441304484
237.49357261033364 251.91630264370096
248.1188348289902 260.6408668711563
245.41775477341048 258.4674828176935
241.1004562672278 253.8160475688039
243.22778185712716 256.2653739308522
247.8979742464435 259.7569869429189
236.1584472552726 250.99244805480927
236.7028015835539 250.6633693222157
238.6407586572961 251.67028253019035
234.99194448920562 249.4985564532126
241.84750461815773 255.1009099108152
238.33040640199744 252.34564584313532
244.17433300746254 257.68016187193075
247.22346428739777 259.24186636740524
240.37332854221066 253.77546347784082
243.38832676999039 255.5960517103597
240.96547999310076 254.58708806020712
242.89504815355016 255.454856031952
245.19994850332148 257.29367611018677
242.67821271365284 254.59537982306176
236.66713670451736 250.83560227631375
240.48782591182265 254.61996147779612
237.97195982833415 251.75211364789817
236.44144624694067 251.24454485936644
242.7970972340547 255.94700604927374
236.7239563776831 251.43714407072824
238.2441138073283 252.58541639512276
246.60934617414034 258.7394469833601
241.26367517253126 254.7584367334574
245.80932352072574 257.3888097928523
246.09184629968925 258.02331671946615
244.34855909217526 257.01446195944004
248.47124971919618 260.6149021026606
234.38670243267225 249.92423296020368
241.64106346881658 254.05241664950347
238.8828494003022 251.82591948556686
238.0205643092296 251.06927351339655
244.97035199611688 257.6908504034274
237.07421717391523 251.0200991323596
240.72530747086716 254.1989847491329
242.74797510790373 256.2606468864981
244.58547576734952 256.4411816305425
241.68018786878835 254.72011952676007
247.31656254174035 259.35488411414445
244.63438071082203 258.0500796371639
240.0854132377527 252.94888855262283
243.15085705954894 255.82119233909577
245.17513993635495 257.7049649587197
239.39063298633317 253.09886386228868
247.44743204465743 260.7821558444019
240.18866625869757 253.25218388144975
250.69215893616737 263.1764019670425
248.38380472015172 260.4473909427167
245.6702207115481 257.5169640553999
246.70924521607353 259.2674912517185
234.032085239371 248.09371699289133
245.92314938708103 258.3094006352513
239.97183454171784 253.05898108336808
240.88658070729704 254.61429102743938
246.13923888684621 259.6963645719922
240.53160164872781 254.7866543953212
245.4107583507994 258.8951717916871
240.45638147801571 253.38495889965483
237.4590563223155 251.36692477871676
251.7838041912574 263.3183486398447
243.05263696047606 256.2623618969072
248.35280708512133 260.3466353152243
243.69076146464818 257.13050067342334
243.88767544428862 256.74032258525096
246.100731225292 258.54030260922593
245.05755879706308 258.42544047570084
242.6360300645273 255.71584968080091
244.59778390281298 257.0304646444358
236.55670284993803 250.5993404465894
233.914434044622 248.08136467301722
242.20631527978054 254.6872510885298
243.8328721991042 256.85335763283194
245.1932411869872 258.18739077455774
248.37494663318182 261.08019076657354
247.38806309539368 258.91246160706737
243.46677267629246 256.1496734283469
239.66862460892887 252.03423059254143
242.1405317634291 255.0628294845727
246.89528553302029 259.70472857409135
247.28088962778054 259.35086258339726
242.35184903151554 254.5383418798271
244.22442301670236 256.95253487240535
244.15656047408058 258.22425527031584
241.28958214328 255.24457187648477
239.96172535989658 252.88034042425411
242.72899209124873 255.76278057334858
249.2109377274617 260.76876307535264
242.47450599183253 255.41452527262172
243.04106027072058 255.6565401914727
241.71391096893936 255.4218667777205
248.03478826297498 260.0083987633796
241.85570556149273 254.58792126099274
244.3167820719921 257.02428767877103
244.44905619843806 256.66640289847186
244.35778261689762 256.7352958340815
244.40022319782602 257.3755234556237
245.39455701069056 258.97288873856894
243.54926760287037 256.90944012206984
250.6939252255427 261.6581415432653
247.45132285508222 259.97365476789776
242.63161258502893 255.47948865118306
243.9916836544949 256.4159148133213
242.5157862613489 255.35686963151574
244.9751686742208 256.5516073013147
247.48918359480462 259.4196540509965
237.20232694308686 250.53062165144124
243.90701064880236 255.9425280788696
246.7004998336525 258.9685720076155
241.1075227187891 254.126691006976
243.72790708093808 257.33833975856436
241.3851141164291 255.27696621384248
246.12051742970948 258.7211107508059
243.08449186959592 256.4588835734709
249.9305528989599 261.0503596161728
243.66345107156837 256.188225764535
240.41017722900682 253.65298223655103
240.18270827045905 253.6243155986931
240.01019477728013 252.6076011841842
246.719441760989 258.9736567771649
245.453621401404 258.42778616618386
244.4805531303579 256.5151429039701
242.92368874850277 255.93104323267843
245.3634075536927 257.9181904189738
245.47060264224746 259.10319463827483
249.827725248161 262.61076989902176
250.4481222743782 262.54081848596405
239.86635176561757 253.270389344159
244.69245525018025 258.10526306055766
245.72061214418096 259.3878877121301
243.52230163657802 256.1179968550332
244.05025786511678 256.5285124287012
244.09893700468817 257.0055153504666
234.6424100318224 249.47202858761236
245.39778580188405 256.9786704568799
246.75811141643467 259.1305745384572
240.03477378132402 253.41706797694695
246.1291084949635 258.3245837873028
244.86858725784367 256.84678249965197
241.43164682872083 255.89834129025792
243.02632542819507 255.81121185095833
239.46340029782732 253.16665212564766
238.35958036886393 251.2365838701154
239.3721135985896 252.84231969259625
242.1111175596974 256.2038504628011
241.18996303275696 254.05142020321998
241.29760497291025 253.92959777445157
238.55499906367243 252.14977789095158
242.39500971282405 256.5405202707599
243.2631462514679 256.02587896240465
242.9886181895864 256.3757441995023
245.77551049332325 257.4775914669921
243.53089384761665 257.017846657927
243.72444076386526 255.74026546662319
244.9352757308698 257.98189334765283
233.32536886274505 247.7925726438641
240.346039198723 254.13393123542326
246.94559168155052 258.85942773961716
247.84256942140203 261.82805209251296
245.00664059561623 258.04546090208765
234.31952881704797 247.89625364268085
249.00339364690615 260.9014689821035
240.42742685219426 253.40542545762483
246.65419952046008 258.6670280996831
244.2006206154826 256.95912029822307
237.72553920555382 251.21807461658764
242.83971307076038 255.2650036844742
243.44224745672437 256.59428098888833
240.83441922068155 254.2586096339083
249.7652686536744 261.60418190494175
247.11255767368203 260.3697577663617
239.98257985488047 253.13382137577693
243.37459390776175 256.5015047291192
241.59646004414276 255.82286681530135
245.0132607113316 257.7876185212162
246.6579269312239 259.4433075582549
241.57699204941767 254.98629731115773
237.11461484411325 250.9229736119809
241.49403262230973 254.41893065403696
241.4462764837977 254.97665210340978
245.57262627476908 257.60983689735934
245.74169271649873 257.8677530610079
243.48496101384077 257.29124217112326
242.20704846689665 256.4953599080686
240.95888938886233 256.3687850403114
240.51356817863487 254.36095720860362
244.12530387929198 256.2374001462418
240.7647703795571 254.59525256625201
234.68781571440363 248.76280231423985
242.65228016511102 254.75737764837004
246.3200208978756 258.8239093220788
239.7112509696268 253.2673011367581
247.86069874150752 259.6659810337814
233.68904055310472 247.33868875840798
244.43809329333575 257.58519279268785
243.52340888791036 256.5496155520406
242.04175774270422 255.32707656924975
238.0572403154477 251.7757446291679
238.55466353606886 251.68612986144498
243.43191564501728 256.79909536067953
245.18461022074158 257.9380991652736
239.18942899821948 252.39786114075923
240.54449513303047 253.55005268653784
244.53985889981683 256.89578925981
246.8535254412239 259.4076318691569
240.9120673090751 253.48073517373257
236.94964286345996 250.8019922825872
236.74571608339093 251.73173574842542
242.78210008752635 256.1187787141309
240.37925059420522 253.71919293332752
243.47659161303105 255.6796646368799
242.76866405618435 255.15754108465597
242.99053619660762 255.8997501122232
246.89385608846734 258.66730292966014
241.38481749575334 256.2183791158211
242.8560423240157 255.50028247281742
242.29979013536413 254.57916783092176
242.53578577965297 254.9478811148165
238.53594684000888 251.3150287910118
245.4236410289404 257.7285881925923
245.13457877389868 257.5455711446206
244.40104488222514 257.51673682086613
241.58795795752144 254.73115315284554
248.25789402176358 259.89711126688195
241.4797663988189 255.08164962754032
243.74472311581405 256.57672192594066
247.75995762883883 260.0596688697962
242.6631041789471 256.0570388175606
243.91110484766244 257.0041063782619
246.0877957936649 258.7087391947511
251.01717422674875 262.2587161294157
248.3278826964954 260.52244054676123
241.61159370394574 254.36255436319567
242.81095515909186 255.83915182758764
