210.44179425084798 228.6339196466289
208.3063493205354 242.1748083658656
204.36106071963948 276.82370514355875
202.05379474731484 255.78502102853207
203.28099503686303 233.4247994965098
204.4065400940111 260.30245457725744
214.08999264435727 227.1259379613603
200.42958858035442 218.4437420668485
214.77953331336306 230.0563710130957
202.38646918620827 233.98544713852567
212.7382509304532 230.49057097936802
209.26155016857786 261.4861864817321
207.26642141689595 224.07931639417876
200.48658412835758 223.638009238477
217.0955565680529 270.6722202439495
207.36141623722517 249.0078386668765
213.6399241898365 237.04528714959545
192.03038710806752 211.38262864348962
215.8510597424277 237.9808503847031
209.52049676010793 233.26486101058703
210.07238697569426 267.5085662623461
220.58623418063883 244.55503301692877
212.48204741205387 227.00014682289643
210.78513061069162 225.94979639947098
212.86563592645015 229.32075237016284
206.91339521304175 275.3832235059383
208.86739797101902 225.11573886153377
218.4890542241787 245.12750049181759
211.62799140973468 251.98802907374537
217.34506220928853 269.19691216443516
219.2675619695371 241.66700880011112
207.92502349104646 241.33347076381858
210.88438996309824 273.6188506344066
207.84608437611885 231.85095684523515
206.35510327720246 243.5138816850589
213.84370897872378 258.0537628423425
202.77095861808846 259.43216494867903
206.2136693673148 237.69591654260176
202.83972502515994 239.62946874825997
207.65741668779538 225.53981415729712
199.94195932031013 229.03054189292786
224.57707856719966 237.2970544201934
211.32946498592636 243.93003173129628
208.85400029632743 231.91269123734344
211.603138688441 228.1497977773215
197.9712441343973 242.8243732444513
199.12505575688763 218.23750024546518
201.60562598178436 244.48965038146625
208.6291421755095 234.1770241514962
213.0170443885689 249.45977897248434
196.7361156035964 220.9075076760596
206.3733185689566 227.63884696865892
212.16931162297206 245.38037589902265
221.57722441717488 242.35959638370545
217.83188841602424 275.17375117537165
205.84849927559202 265.57308483742
207.62899048934563 231.89570630917748
208.01756483032707 244.31348327874613
202.66894998140407 257.62998217375343
196.61778665348496 222.57856793055754
200.92243047728522 265.3627860590158
208.95322360958383 241.7897732075138
211.83325027639523 236.332776565721
208.3747686790098 238.5435633529524
203.65985121341944 230.3834777245567
212.79402585608457 232.25785480437318
203.0779996428082 261.30670548759974
210.38812286075787 224.21094108156018
203.00734809306556 219.94347833723097
197.54257855835675 226.8358542794506
208.49056597303164 231.1404540595072
211.06519064219106 238.23912736624644
217.0316231859624 234.50953829605945
215.9133175740026 232.31187509070236
214.5494516906841 230.46677138202725
207.43648450587867 225.87722359821015
223.59291929251776 242.6668643731695
207.15195335241532 270.11863789285394
202.2369446811153 231.85596804026412
201.41168129718858 221.13327668561072
